1504058402451832836
1504058563614101509
1504066330562949121
1504087364250968070
1504110567002320905
1504111305048788997
1504120970046763011
1504147285789523969
1504149681194291200
1504158168519409664
1504158981283270656
1504335542204641280
1504356874896166915
1504358206432477187
1504369494881619968
1504374983103246343
1504377745840943105
1504383973270585348
1504385510151622657
1504398506152566789
1504398523290517504
1504398572493877248
1504398733676802052
1504407951855190020
1504408074492473344
1504408132172541952
1504409431857299457
1504409475985580035
1504409677463191553
1504416116059348993
1504417132138102785
1504418151622410242
1504419237078900739
1504419530403385347
1504419811354619907
1504421753590018051
1504423470897442823
1504425033569280000
1504425949601107977
1504430717497151490
1504430724946231297
1504438860130164740
1504440049139875843
1504449175567491079
1504452644756389888
1504452730219565057
1504472962849964040
1504485174557683715
1504485193104916481
1504485355961339906
