1445600523793539077
1445611301573517316
1445616502493745153
1445632508922515459
1445663097276878857
1445688154963337221
1445703622596042764
1445704032652128258
1445704087782051846
1445704150163988480
1445704186738339846
1445704328094781447
1445723514430914569
1445795921963339778
1445795999113367560
1445796071863513094
1445796321537892358
1445796364923772939
1445808764112703491
1445809020674064385
1445809298534137860
1445809753905528834
1445816692999802881
1445816716156567561
1445817676299833349
1445818642780745737
1445818692252569613
1445829992349253632
1445830375993856006
1445830517132128260
1445830581632192516
1445830726864158721
1445830803095646213
1445830840714346497
1445832384847302657
1445962949969907719
1445998980039516160
1446000857795870723
1446006160759296000
1446010094173392897
1446022076528087044
1446022415763472387
1446022516745535494
1446022519773749249
1446049161116143620
1446063058351058951
1446081039529439245
1446081756226998273
1446081839005794313
1446082023085404160
