1495089700750561280
1495090110089789440
1495090181258772480
1495090248464105476
1495092293283778560
1495095929497858048
1495096066072772608
1495222071667748864
1495232827138674689
1495235902402347012
1495235972250075139
1495236541933060098
1495236677006405633
1495239882288943107
1495240045766217731
1495263372610539521
1495263609349615617
1495269563940077570
1495270140304564224
1495270218519965700
1495291861111832581
1495292935122067462
1495310966908604417
1495319902529327106
1495325519281147905
1495325535668355075
1495379797924450306
1495380416265474049
1495418911126286341
1495422133060603904
1495427740857634817
1495428392346284034
1495434021194862592
1495437686362247168
1495440030516404228
1495443119650656256
1495560188581285889
1495561973752545283
1495562336480161792
1495562650855817221
1495562992712548353
1495582306844569601
1495582367880257536
1495590828374630404
1495591045643771907
1495603254318833665
1495603256520843264
1495610618388574209
1495619701455695873
1495619704488136705
