2011309304729817267
2011310619841216717
2011310801165205738
2011310902973513809
2011313316233429167
2011320773269733564
2011323544580632771
2011323617192387009
2011324623305294221
2011332455312007334
2011335379295846910
2011336453775835323
2011356132586193239
2011356380364685663
2011356847727661171
2011357453234131100
2011359671127548064
2011360018017460571
2011408795512275082
2011411562372935976
2011415424626540989
2011415513482842350
2011415574170218787
2011421625649172906
2011450371886191064
2011454845652521301
2011454939391000731
2011460910574149964
2011461698147000820
2011466993149641206
2011467289636594064
2011467293050749189
2011467685570416758
2011468634028376549
2011493588363067821
2011493770924343445
2011494296856547624
2011495005618389318
2011499691826159930
2011503626884432325
2011608019046711758
2011645133180264684
2011655332381278726
2011680886274805944
2011702618524172777
2011727450435436943
2011734868334690379
2011736310525149444
2011737407415349729
2011738032492425523
