1958036315834081697
1958040043261731172
1958043643031478538
1958081792789114971
1958087416491004252
1958088208052629902
1958088832601203193
1958089593431130408
1958130630467985799
1958133410041655590
1958159766313918809
1958171235600195711
1958172428338950340
1958183514458968263
1958187366239125676
1958189103129981144
1958207912788324594
1958395747310923819
1958423112690622646
1958438417760759902
1958439831928795299
1958443147207610533
1958488884071026804
1958558828276121813
1958718527403434048
1958792131201704080
1958793677750280502
1958802457678815393
1958803339023720554
1958804119021658461
1958805060278001764
1958805291799388653
1958811217155564017
1958811556801913199
1958812336187482632
1958812902179139592
1958815214696374713
1958843034956963998
1958848471601131860
1958848712899527009
1958853648840327172
1958860377644834841
1958890979618169240
1958892010565509560
1958892828979077288
1958910540472098905
1958911353047196043
1958920056110555332
1958924083787448682
1958924287454347393
