2016948613839278396
2016948660307902848
2016948867921756174
2016956987817545957
2016958086288912558
2017099090329530466
2017120588587028596
2017134364635885853
2017134426237686236
2017134634182856712
2017134652042199306
2017134743188623385
2017134832497873011
2017134863816810687
2017146411759128613
2017146504851705923
2017148252068683796
2017149271993434518
2017149323306471672
2017150681254449171
2017153859270193613
2017155697956573313
2017156630077755420
2017191307622654197
2017191628122083470
2017191660791443655
2017222619465236567
2017237857279299607
2017256477728317716
2017268429892575743
2017270031059656726
2017270054958837937
2017270074659524820
2017270270197932208
2017271363946631447
2017271918131548301
2017276736900370918
2017279715019763912
2017282235595104328
2017283338495791248
2017293363175907410
2017449310364012967
2017463226330714282
2017504329293562148
2017504842441470067
2017512244763120051
2017512678554800318
2017536826580373825
2017537681891463656
2017539052237688986
