1895738854130532632
1895747479779606759
1895747643663688051
1895750527058919635
1895750535065845901
1895751407875334218
1895753126151668136
1895753564938780952
1895753599227232664
1895753645209371083
1895753666604470334
1895753718278348907
1895753799756890254
1895754640496665010
1895754743139746087
1895755528560918739
1895757119116493065
1895757175878008849
1895757401112154547
1895757572457877782
1895757931293131184
1895758239968739618
1895759335235731500
1895760241025040456
1895761395943424266
1895762781925933351
1895764773712904561
1895766094448861533
1895766174136483988
1895766431503171895
1895766540781531536
1895766697673634086
1895767306028138781
1895768600822366322
1895771570603512072
1895771634180767938
1895771644733636854
1895771652254056834
1895771661330452987
1895771667928137977
1895771673481404471
1895771679672185338
1895773383591419974
1895781535631946237
1895785034399076840
1895785780632830370
1895786210444132713
1895786283257250073
1895790577826087192
1895790630384853085
