1538770402846965760
1538770404528902144
1538770407968231424
1538773802871496704
1538779353139384320
1538781285472403456
1538784503451119616
1538797354546958337
1538801018426642432
1538801144071262209
1538805734317518848
1538808438456983552
1538818968990781441
1538819763983380480
1538819994321944576
1538820042187411456
1538820205664620544
1538831627627134976
1538831746430808069
1538831943168839680
1538832057983713280
1538833425620418560
1538836726281797632
1538840386151403520
1538841291252830210
1538841670992596994
1538841997426839553
1538842296619520000
1538843269391536129
1538844205753065472
1538851589271654406
1538852193897328640
1538852572592623616
1538853137418575873
1538854634718371841
1538856082462089216
1538856450063466496
1538862340476923906
1538862392956039168
1538862661454417920
1538884208654839809
1538890987820314625
1538947282510712832
1538947315305545728
1538947345382944768
1538950412643930113
1539113797126078464
1539119363961556992
1539119366079660033
1539121431031992320
