1901500588099322031
1901517433388879991
1901517464048980127
1901523681031156075
1901538375330615648
1901566874380574847
1901566956140106126
1901582759677812881
1901582992637841822
1901584804292055472
1901585718964830438
1901585725730246733
1901587823398097011
1901588629698605526
1901619122619949537
1901619549755367585
1901625414654865510
1901628573682643175
1901628747180327343
1901643235954659789
1901675305632424051
1901677016199606608
1901685906974880194
1901835198524018784
1901835596844408985
1901838401382633964
1901839050702798959
1901858250972393976
1901925745934643559
1901926227134619710
1901928257441931564
1901936867760820313
1901936869975392607
1901937302760497275
1901952400442995162
1901952548887523712
1901954383858073945
1901957569930989661
1901959384084980034
1901975465700802923
1901975814175944980
1902014013334274268
1902022862590099841
1902023199392694696
1902044967104888869
1902198015059996897
1902198921075814754
1902247349856170170
1902251432281305265
1902267057795952919
