1445203805889568771
1445204201957511170
1445208182452723716
1445262257923915778
1445263218843127810
1445263243606315009
1445265141222629377
1445266840851156992
1445266882311770117
1445272633176514563
1445277953223319557
1445279384869371904
1445286544315543552
1445291823996411906
1445292701012819975
1445310630731280390
1445310632312533002
1445310633918877699
1445311913991176194
1445320167051853831
1445320211339509760
1445343712356167685
1445384768632262663
1445384812320083969
1445393334994939906
1445394264880467976
1445400059978391556
1445400938458619906
1445402095117557784
1445403024013340681
1445403407846715398
1445403567309869066
1445404378211491849
1445405199712112648
1445406944039219204
1445409195457613824
1445409283735126017
1445416598861348870
1445417811778494468
1445421187069198336
1445422667763384320
1445431707599966213
1445434479758110722
1445441296533839882
1445441315764781056
1445443130304577540
1445567596951007241
1445599613407297553
1445599841321508864
1445600043633766407
