1835634857663160377
1835635185129545899
1835660993688404199
1835661162240688144
1835664023125102855
1835672689924591912
1835681078532542735
1835688037109408060
1835689976178291012
1835693376496422947
1835693391058997738
1835697145426444725
1835700790175912045
1835700847138726062
1835724697566064758
1835724724753576270
1835727273913471335
1835727484416876661
1835727498350616847
1835729645121241295
1835748795998708163
1835750812170989953
1835854080356335641
1835858712122056735
1835862487553745275
1835866261915341160
1835870037128962105
1835873811607986421
1835877587412726195
1835881361556848908
1835904741395546513
1835921816508154007
1835931814478729617
1835931846804136302
1835931995806781456
1835932266960126434
1835932314112610388
1835932329207791790
1835932338615689531
1835932360287687041
1835934413688856595
1835934567150055628
1835934600855539924
1835934754098581555
1835936512543982013
1835937082549661999
1835938516804788317
1835939375961813330
1835957631632200008
1835965854200041860
