1971268664780366314
1971269358174564410
1971270004789346595
1971270027165958456
1971274414814838803
1971279229615804651
1971279258594263114
1971279332665590001
1971279362134769893
1971402217954672967
1971419290651038196
1971419302814445794
1971419663256125515
1971419725919088906
1971419827911917639
1971435595412144611
1971470246340067695
1971477500359475698
1971480857014853712
1971489468109684848
1971489494156312839
1971501374748905542
1971501491237408858
1971502310854639926
1971503244947149041
1971504037410521485
1971504817651749302
1971504837805441300
1971504850187010156
1971504876757860603
1971505052952186924
1971506575820095837
1971541018991538505
1971555022896091419
1971555080446066903
1971555099941257531
1971555194027864376
1971555355110015322
1971555776058831083
1971555812616405366
1971555883185529192
1971570711572652509
1971596033215099093
1971602794416353314
1971607635486199897
1971608504135025004
1971609353372520800
1971609972221079883
1971610208763064485
1971610285334237383
