1515936578149167104
1515938102099181571
1515941580712345600
1515941636760834051
1515944832199725056
1515944966672961537
1515950445260603393
1515955766137860096
1515958932434735107
1515963953658351619
1515970470826627082
1515973998320156674
1515974001893711873
1515974004901052418
1515976342705442818
1515980544693379072
1515980688457355268
1516049566659125250
1516053185307152387
1516071782872145928
1516072744806662147
1516074999811284995
1516106224324218883
1516112109918384128
1516112478878703616
1516112500118679554
1516112570293571586
1516112618532270081
1516113164559339521
1516274758614093826
1516291553316470784
1516292933796114432
1516296350857842688
1516298085869432835
1516315794342223872
1516333047863382024
1516334644093874177
1516346259228880897
1516346261590347780
1516349444634992646
1516352349018603521
1516352455679770628
1516358856896835593
1516358885095145476
1516380983477489666
1516382900882616321
1516382977202163713
1516432094515576836
1516433931003826176
1516438135936151552
