1973029135820988463
1973031746137711019
1973033009768214824
1973033185652170969
1973034359746929057
1973035819662553505
1973035944304615568
1973036363743432892
1973037021355814977
1973041305925419064
1973041353581101351
1973041462129672302
1973041502319432085
1973041522863214657
1973042037693059262
1973042700455952518
1973043035782193483
1973043975838933054
1973044713759609058
1973045890865828209
1973056579336650759
1973057248139284976
1973057640193519914
1973072503569317936
1973083410265464878
1973083516981371191
1973083533569880251
1973083550632018223
1973083984935469495
1973084172546621736
1973218418661966229
1973250693797670938
1973263540871131447
1973294462408466646
1973301811311485273
1973302698247147692
1973305891802980508
1973305915697930292
1973305943157825969
1973305972610441407
1973305987873513573
1973306014457094345
1973306188722061750
1973306263330234832
1973309385066815626
1973310659359285285
1973317414948577414
1973317485379436689
1973317503029002486
1973317583177986138
