1839972054633939266
1839972144794743227
1839995491033199046
1839996022954574110
1839996152344658129
1839996536262144046
1839998224112721955
1840003675219259793
1840007036701905322
1840007588630364243
1840015365239136465
1840033586981835085
1840034061345042578
1840034511855218911
1840034597091889534
1840034721645899906
1840035775427293584
1840036710174077252
1840042937054298496
1840042966154350762
1840047226082709583
1840049983455932739
1840062093799641356
1840062266663694658
1840063360269701286
1840064372166508774
1840067894027399632
1840069918982844654
1840070768706892221
1840074015630917680
1840074236955648110
1840075525152190534
1840079924905873875
1840081800065896464
1840081841065181551
1840081893057757251
1840099876794679343
1840099936244777357
1840210544252309941
1840210759273386434
1840216516685426865
1840222078089281727
1840242639091745221
1840246920268415189
1840246958356869330
1840246977365254613
1840249082326966664
1840249214527517115
1840249246836232347
1840249373730676778
