1529128691313549312
1529128905109835776
1529129062547206144
1529149513444696064
1529149650078269441
1529149677471342594
1529149827644215296
1529149932958928896
1529280006509428737
1529337308083892224
1529337371522523136
1529370304572583938
1529371749178961920
1529372658034323456
1529380784523530240
1529384367276949504
1529386298405859328
1529388883850407937
1529403613344198656
1529409930561990656
1529428252736901120
1529429546608381952
1529436187873665024
1529438146613522432
1529454493024235520
1529464838891909120
1529474987307900929
1529505387677769729
1529507982274224128
1529508002683752450
1529511140169945088
1529687791226920960
1529702865798762496
1529703814818779136
1529705013013979139
1529710668990980096
1529718702106476544
1529718812668354560
1529721089668296704
1529721539956178945
1529724420377706497
1529724713769275393
1529724764486799361
1529725558623711232
1529727782108155904
1529744431427244033
1529745528543539201
1529804572784742401
1529804914989613057
1529805445082521600
