1984540709425410169
1984541886779179207
1984542416960204869
1984542984201961904
1984543384590258251
1984545440982057065
1984547863930814588
1984550016321798381
1984558151614808139
1984559594639933515
1984569134353674748
1984583454626042120
1984583699648901301
1984591140419747910
1984591163173859665
1984593329661886866
1984601244074459255
1984601366539747681
1984601682517639225
1984607252314276143
1984609566634746258
1984615577319846367
1984619411094061120
1984635101368762615
1984854687506719201
1984854715780514218
1984855567488495657
1984856702257336615
1984858337805324564
1984858707260555305
1984860331001462976
1984900822346674677
1984902401476690262
1984903125178978695
1984932053197185195
1984932134172360776
1984932510741274745
1984940078184194425
1984940728511037841
1985022930875748847
1985023173818278093
1985023499917054427
1985023561489371148
1985024294276235379
1985024913594630349
1985031985056960970
1985032927768707267
1985045293151482299
1985046444521509131
1985047201069039681
