1907346346534904084
1907347785365536869
1907350960252539077
1907356429117190183
1907375547430420916
1907378598622707985
1907378637432639686
1907379690974974341
1907380438987112723
1907404013706059816
1907418085453447344
1907419084725363188
1907419548258631736
1907499963795333597
1907500465484697716
1907651689307586629
1907662256713691553
1907686472532058502
1907687394985341322
1907687609096106346
1907687628784140517
1907695880343265379
1907709418692817025
1907716072897454330
1907719393804759428
1907726016153264404
1907726136462700728
1907736897641660511
1907756226680696850
1907761949300904090
1907761976672956417
1907785110516031984
1907789141414392168
1907789215217180766
1907817463737364569
1907840828413767766
1907840918457045121
1907843040175108361
1907843432716054670
1907848115417174120
1907848400965398786
1908029744706122075
1908029898540626271
1908030018363547729
1908056635425124354
1908057616628011095
1908069627864768782
1908070014059688448
1908071301132259483
1908072413243527677
