1979793739385282960
1979794395936559184
1979917970244767945
1979923581376331833
1979923665438560394
1979929778645025054
1979938567217451199
1979951999014842691
1979962397520802075
1979963002859507821
1979963708253376991
1980146094811250860
1980282012872384963
1980285576260866338
1980309159796236577
1980335592262209910
1980478110702416324
1980487544187027556
1980487773393154320
1980493387477508266
1980496146322886843
1980522439298937109
1980523399819719111
1980523922841039057
1980537071535280416
1980552929632538650
1980554121477517363
1980554540736000401
1980555587030249515
1980555601404129771
1980555795923374278
1980556372715712685
1980557116286071258
1980560367542800411
1980561046785216859
1980562930199589086
1980570211603632556
1980573614178201989
1980592222044319973
1980594803156066780
1980595938914890214
1980596557130133685
1980874295971876899
1980897283823792543
1980922185410859485
1980929829731278899
1980979161188704486
1980993652202803228
1981009587378835619
1981013306900205666
