1883832972048322734
1883840945063702658
1883866354480242888
1883866372536717777
1883866393252425885
1883866418783141899
1883866476572033279
1883866521845514439
1883879197879533945
1883881299380760955
1883903898546757734
1883908450524242103
1883910722478112824
1883912491723534651
1883912514372845624
1883916371324764593
1883921323573092616
1884116727811956942
1884120017396171207
1884125973312090159
1884135953050263958
1884138734423265550
1884151795846435029
1884153406190674291
1884161598576812375
1884163654289141799
1884165409936638443
1884167232953147515
1884167699502358792
1884169466201923726
1884192635101012377
1884193903508873284
1884244835785429470
1884304868921512341
1884308180337115636
1884309099468452230
1884309292347711856
1884309429220434024
1884309573634515107
1884323110947848212
1884494568575689201
1884514034768375978
1884516123288428604
1884517690364289365
1884524118596325576
1884524973878071751
1884525893353078846
1884526289006059802
1884529376743563462
1884546184272101756
