1855259967793860967
1855260096965775416
1855260333105168543
1855262767013576784
1855264199255183707
1855264660729315767
1855269949461426300
1855270370745651418
1855272228205768944
1855273130492907815
1855273847274238276
1855275555337425073
1855276745991368954
1855277016087732545
1855278030186578331
1855285851879780702
1855317218285978111
1855482908682965234
1855487586623435228
1855487950164816294
1855488386888261950
1855502513308574114
1855502542198784077
1855502555885027483
1855521960408576111
1855525024842584412
1855526233200595186
1855526873075438075
1855527167104283074
1855528285607698517
1855528577086669126
1855531438344466586
1855535990527664232
1855537541874872555
1855539841213288660
1855542774009073925
1855544329277960406
1855545726530662424
1855546161119293904
1855546161849081939
1855546764537077847
1855547432807141678
1855550469193564549
1855550515305709569
1855550527343386938
1855550542824550477
1855550568732983354
1855550571802984748
1855550893325681092
1855552368416297185
