1455623717833166852
1455623894421831682
1455754297191268352
1455756390127968260
1455782642234712064
1455784866365071362
1455788005646430210
1455788784872656899
1455791727181139969
1455795154619539459
1455796434087735302
1455796599167148032
1455803710957785088
1455807385037991939
1455813262981746690
1455817760152317957
1455818065476685837
1455821742094516226
1455825286893748230
1455825913153671171
1455827381239705603
1455831607747563521
1455833858021101573
1455835434072698887
1455835646409396227
1455841475879583751
1455858214247944197
1455858407513100288
1455861883592863746
1455862070658809860
1455871492235816965
1455914372929241092
1455914417770491907
1455914872340844549
1455929374591512579
1455929506535862276
1456107038107258880
1456107128595251201
1456113485859803139
1456142253815001092
1456142597198516228
1456142776626606083
1456152098261778433
1456153013072973824
1456153263305228288
1456155257340235781
1456155716431925248
1456167856471625732
1456167866185641984
1456167878294601728
