1840816501932392593
1840817075901907155
1840929254156222977
1840935250597220763
1840937870103605677
1840970795390046342
1840980439080845801
1841008454657302787
1841015375120502964
1841015468154400943
1841017122073293298
1841023700545519985
1841024735192498397
1841026055639015501
1841027336768274883
1841053735683825688
1841130030362988643
1841130107043217578
1841130138882240761
1841130195589169171
1841130296063717426
1841130420286423267
1841133499828301935
1841190728132644920
1841349072604541165
1841354803785461924
1841358077909487832
1841371616464318856
1841373050685767691
1841375406089482414
1841379943017529355
1841382992335216879
1841394081810817128
1841406044418855002
1841410833362166122
1841413665393680668
1841445359886782823
1841520340683653471
1841526056076915151
1841544248887271731
1841640889203974274
1841664653274890748
1841675328474796049
1841697367491239937
1841705484044382476
1841709022430294028
1841710145673277781
1841753338272219641
1841776811723620635
1841777438197743792
