1444943411409154050
1444947933443411968
1444949721043267584
1444949755381968900
1444950111134486529
1444954013191917575
1444956359338852355
1444956385255444485
1444958907584040962
1444959176371814404
1444959824920264707
1444962942168887299
1444962997080711168
1444963211854237701
1444963568042926081
1444964153307787265
1444964549975625737
1444964583836291072
1444964769451048963
1444971945427030018
1444995581135364110
1444996307886624769
1444996501436989442
1444996679736852483
1445001386832195586
1445006403802783746
1445008197761187851
1445015442527899654
1445028116552773633
1445029388945293313
1445029990060363783
1445030097329684483
1445030242683273221
1445034172398010374
1445040523853524992
1445051998953295875
1445052546511347712
1445182611047862272
1445182773124222985
1445183332950556678
1445183514777841667
1445183667446288386
1445183743522525184
1445183840046116864
1445184452506767362
1445184554461908996
1445184787963006981
1445203465328685056
1445203486803595266
1445203575643066371
