2002766988909895818
2002830720226709784
2002931805591347569
2002965539036295334
2002976133617475647
2002977607021928875
2002977705973919975
2003018602358972840
2003019317278089618
2003020490118738212
2003021144983773403
2003021836909793774
2003022844067008942
2003056725449211959
2003078004285816991
2003100189440303446
2003140618747572372
2003148383314428004
2003148676924117006
2003150280939176369
2003150304733528159
2003158867958726897
2003160658502967377
2003296163869667691
2003298150107554058
2003298803882041542
2003337496546234486
2003350067894513842
2003352634040951194
2003352655205413203
2003368346495119362
2003370037625942397
2003381295402058237
2003382534940557329
2003383480257069460
2003385548732531190
2003412768268124195
2003417573451530583
2003418151179157758
2003428539706884262
2003428732212797469
2003428779159597272
2003430275808911598
2003442265843491218
2003457323763925278
2003469241627083255
2003472195134296452
2003494535838703783
2003494831952433423
2003495624847905184
