1472810708886687745
1472810797482921984
1472831056206188545
1472843200297529346
1472846147681079303
1472846327348224000
1472846374433484800
1472846622807638020
1472846637588353027
1472846966199447556
1472849920184885248
1472866617323253766
1472883624374505473
1472884476371824646
1472894981857677312
1472899364615950339
1472899505435541510
1472910718471077893
1472924182673379331
1472941103556947970
1472950942152597511
1472952210933698563
1472953217944199172
1472957304941133827
1472978066204872710
1472978560419708933
1472978566841176065
1473199341389037571
1473202221735034884
1473202257143336960
1473202330510057475
1473209952504147968
1473214034224697344
1473221601768337408
1473245631112040451
1473246014026883075
1473246122768416769
1473250918585942017
1473252877330092034
1473253233502031873
1473253595906646022
1473253615682785280
1473253630945882112
1473253923343405056
1473254142529343489
1473256881049137157
1473261535803764738
1473265206293721095
1473265664685080578
1473265851054759937
