1510151046303141891
1510151166713233410
1510210048890339331
1510214679486156800
1510217860534087685
1510238598913990659
1510240362333634562
1510248085402034177
1510248207452098563
1510248962095480832
1510248998619480074
1510249063505358849
1510249086855049225
1510249129062338563
1510249157122211841
1510249289410572288
1510249320876220420
1510249437217816580
1510249463562272768
1510272229451333640
1510272238016086029
1510281278431453184
1510281281631780864
1510281283204571138
1510281289185734669
1510314425710182402
1510331429083041793
1510474153480007686
1510474401065553923
1510474814288711680
1510483119337402370
1510508338844672007
1510517358557040648
1510528124563628033
1510564688823992325
1510564764724113410
1510564827072466945
1510565439591825416
1510573727666253824
1510574630913777664
1510575257333100546
1510586574697730053
1510609009132584964
1510609143245475844
1510609631143673856
1510799632305369092
1510815223451586562
1510852809251786754
1510864256497250304
1510864985395953666
