1893259296948797469
1893259563131974030
1893260887877656874
1893265924469211577
1893266726600782162
1893267234535153927
1893268247236989273
1893269843207504211
1893271204011639255
1893272398578798749
1893272801982681395
1893273169261170893
1893273362165588104
1893273455052607857
1893273474153505274
1893273927218045284
1893274388172009544
1893274397277909496
1893275271953789145
1893275446650806682
1893277728847073484
1893284800103931920
1893284834887315459
1893284846195167258
1893289924796862905
1893290014995370124
1893305316986520051
1893344749983052046
1893345150358671426
1893353441159704590
1893355465955795026
1893356816098017359
1893540695861817443
1893549562796666930
1893550808215515522
1893551154228838707
1893572036330446851
1893575899951649002
1893578402054959547
1893578475224883212
1893581509258346505
1893582929093366058
1893584668148040012
1893586855758631128
1893588771376886233
1893631785319161868
1893637510452093298
1893648739769647537
1893686768278401377
1893687011631943817
