1995772274667126814
1995773627539882392
1995774365015965804
1995783609903710610
1995783657563250929
1995784663735148760
1995785084558082096
1995785234248597952
1995785275633795420
1995785286148915325
1995785352691536349
1995786059884757440
1995792638973522201
1995792668887261435
1995793683233567218
1995795583475573000
1995815373632139568
1995834954308354334
1995842257682137464
1995851101967712359
1995851121223782668
1995855938285437092
1995879882719674586
1995879923421204763
1995879966110785912
1995881392417489267
1995881438055661984
1995886509078228995
1995886580477952322
1995886614267265141
1995901064181416194
1995912973723074765
1996058084977115301
1996063615129096384
1996063698935550176
1996074369433628991
1996074439264665698
1996081234007785741
1996081404392988730
1996081568734224885
1996101475995705449
1996101553594441998
1996101698054652220
1996109289992425473
1996109366769189259
1996110963511361632
1996122211271442703
1996127852270682552
1996128902004330866
1996129600448180421
