1971610752000897518
1971611519470461342
1971611614748332191
1971612080332783901
1971612139246035349
1971612201590063512
1971612649223004279
1971624135047680167
1971627868339015786
1971630963487920391
1971631530444534144
1971632235834232841
1971632613598417298
1971632846398964154
1971634776865231062
1971634959162241049
1971635392383500432
1971635565566259453
1971636444042350649
1971638322352345559
1971638534491824450
1971640231519773109
1971640548508553268
1971641808599060814
1971643431698248120
1971787378596687929
1971799205284118557
1971800205189435621
1971801439019372683
1971804358154317920
1971840805456540003
1971851372875468839
1971859119218086107
1971859188960927912
1971859197953532031
1971859208338657324
1971862840983409108
1971862889784135723
1971862963327049866
1971863307415179524
1971876651186491643
1971878553777238065
1971879908684320944
1971880874703778170
1971882087130321363
1971882134504915054
1971900181055787302
1971900305500680249
1971911087819051462
1971918285060083758
