1393225045250437120
1393225649091801098
1393228178164830214
1393233868103184385
1393245915519979521
1393252449910071299
1393252994968264704
1393257734158524418
1393258079345467393
1393260327937089539
1393260657009594371
1393260926107672579
1393262609500016641
1393267529020149761
1393273893679288325
1393274881119195141
1393275259353124864
1393276556756148230
1393464069978345476
1393475325284143104
1393487746618904576
1393496964063371264
1393508864872509443
1393509784188448768
1393538626902913026
1393556064658878468
1393557939147853829
1393566068690411522
1393574644213456897
1393608416573095937
1393757789378416641
1393778934244798467
1393782584799158273
1393787250635202563
1393787402020265985
1393820064982323200
1393842037598789641
1393842170163990537
1393859774668689410
1393867335220355075
1393867649394741251
1393868919010598912
1393875280381452295
1393909806256201730
1393910563407753223
1393927095856680968
1393956421046132741
1393978240222433281
1393983836757762049
1394002741362499584
