1818567241698623949
1818568423372472616
1818569781123170367
1818570901392441701
1818571763116392835
1818573860146757961
1818576087955521636
1818585008858447894
1818585012817875402
1818589443265335469
1818590621743083750
1818591008797684077
1818592623596023952
1818604928035963032
1818627136368128479
1818645990553116678
1818646208157761629
1818667851135201400
1818669579020689645
1818840832306221102
1818840935876198717
1818840996857229511
1818841267020722253
1818841303901261838
1818903747730587980
1818916522490052837
1818917824691380633
1818919730113286349
1818920191113543862
1818920388703010883
1818921074144559360
1818921802351226968
1818926529222459680
1818928005806477578
1818941069649953066
1818941309937205269
1818941372688150752
1818941466678632914
1818941490837782827
1818941517949550943
1818955943885029578
1818961765369295018
1818962334632804383
1818965920209096715
1818967238176899311
1818993198821491161
1819005871537398112
1819005938902192309
1819006703074992538
1819007783150215255
