1887547303495672245
1887653813198201017
1887659797958570134
1887660360691306953
1887669921527853521
1887683782053920777
1887683833970974751
1887695610041803191
1887696122476699822
1887696159541702770
1887714990712578258
1887715014674653452
1887727635268313319
1887727658315694470
1887730496169218151
1887733577447510094
1887736183729570263
1887739329235009825
1887741447115579541
1887755892306940305
1887757335306866853
1887783924144775468
1887785293383675970
1887786174116155816
1887786554015338801
1887788327920656728
1887789993495540066
1887791027706101995
1887791110296047847
1887794170007290255
1887794242702979197
1887794311259172895
1887794321962783039
1887794349938794951
1887794367651557862
1887794406444720138
1887794408952647787
1887797248492195940
1887797303437660631
1887797335670858063
1887797522569027875
1887797705201549652
1887798181934600320
1887798194291036642
1887800919796097174
1887807680313688363
1887822737399599318
1887827572400050638
1887834341041963470
1887850798295711752
