1481224438704381954
1481224631457837063
1481229850988126209
1481229951001296897
1481230692436832258
1481230729606418434
1481233768795217924
1481248353388462085
1481248488625426441
1481258296619245576
1481264767121911808
1481272428034928643
1481272994983219203
1481273104924299266
1481283184671494154
1481283343774011395
1481304047089258500
1481307708813094913
1481311914949246977
1481312972119351304
1481325843624640513
1481326005789032448
1481326249062846466
1481448181586362368
1481454615036325890
1481456634862129153
1481458543358545922
1481458842940903426
1481459043642544128
1481459485944455168
1481462755807080448
1481468690218782720
1481469233414676480
1481469266704568321
1481469584398237696
1481469919292432388
1481485207845113858
1481485898584047617
1481486447064809473
1481486459572199425
1481510402777554947
1481516693277282309
1481520048565288960
1481521457134190596
1481529101110235136
1481529653311336448
1481535062021898245
1481538060580167681
1481538065852411914
1481539870711762945
