1532993155473494016
1532997845350920192
1533008780002086912
1533008818916864000
1533008850143457280
1533009749406793728
1533009770571247616
1533019519694020608
1533021883243036673
1533043641216028672
1533043898678792193
1533043914034122752
1533044504055320576
1533078845636898817
1533080505557479424
1533084295954583552
1533089645608652800
1533090259688251392
1533098871311564801
1533098922205319168
1533099477938360320
1533099867199123463
1533100366250012672
1533111086937161730
1533112654809939968
1533157118844747776
1533157132342022144
1533321283634548736
1533321884665729024
1533339477837459456
1533340013793988608
1533341240602681344
1533362014877208576
1533362018907918337
1533362198688370688
1533378036779065344
1533379507490799616
1533379535114506240
1533381124986384384
1533384716912820225
1533405625912561664
1533407173350670336
1533407243978551298
1533407337054351360
1533419933119283200
1533464473100374016
1533489969771139077
1533489992164515840
1533624700169256961
1533624966780166144
