1819010980371927307
1819011438566093261
1819021208341385221
1819022382184702008
1819024079485317265
1819024108971249956
1819037617347760170
1819040276062875778
1819040314025246857
1819040336745828487
1819052622873301086
1819055620961849795
1819055725362200896
1819055890130989538
1819058248756219937
1819253111212450180
1819277606706905360
1819278133918376168
1819279544190132573
1819289637841502540
1819291016945451232
1819292193992978569
1819293877255163920
1819293906162393206
1819337616707539103
1819360187523944588
1819378131205271564
1819378144962662539
1819386609948938324
1819404590787580347
1819407307622830311
1819409220745548257
1819411451104448810
1819412660691390506
1819583089670070429
1819583181768499368
1819583297535553882
1819583337314287941
1819583373372735861
1819583494055460870
1819583610371891642
1819583632719167546
1819583785500889088
1819583943722578408
1819584279040442370
1819584522062569851
1819630050662404356
1819635765233832355
1819640056573055230
1819641203685769527
