1462722598773485569
1462723214036013059
1462723282893881350
1462723424791371783
1462723606111145985
1462726335009210375
1462730266758160386
1462731838095458310
1462733301714538497
1462733302821838850
1462735047375536129
1462736106596667392
1462737074407174154
1462745277618524160
1462752341258432517
1462753479219318789
1462754287772049412
1462754322559635459
1462757106226843656
1462757715831230468
1462763627937611783
1462764131547713549
1462764432145088514
1462771692208631813
1462786213065080837
1462787308050993152
1462791838360760324
1462793152922722315
1462793310938951682
1462805648039559174
1462806921065291781
1462959641613062149
1462963933585674243
1462978185151217664
1462996847761543175
1463003999641034754
1463025992453083141
1463028621455417345
1463046912135757825
1463047112594055171
1463047930516963329
1463049165391364096
1463050809361375232
1463056538331877378
1463057541731028996
1463057560538255365
1463074372327862274
1463076426890940421
1463078850489831426
1463080192713248768
