1395339703981797379
1395340790918836224
1395372762588336135
1395379956679548932
1395404542536077314
1395561817678565376
1395626226597859332
1395663030336188419
1395678644266180609
1395730050268336131
1395743006863413252
1395935924995780617
1395974675348398089
1395993829992374274
1395994335372406785
1395999561936633856
1396005649725591558
1396019480686329857
1396034937359257600
1396035184546312193
1396066244806152193
1396073948769443845
1396153126860722179
1396162986893447170
1396168793391386624
1396170250375229441
1396299195288489985
1396310076965543939
1396310288995995648
1396354943771025412
1396357014771552257
1396395906828693508
1396400750729695238
1396406026967019522
1396425301773615108
1396454504782917641
1396482314058620944
1396489989140094977
1396497884644724740
1396508936153407490
1396509664636923906
1396509666172043266
1396542365637087232
1396546191375028224
1396546229413191681
1396546574226845698
1396546743001440258
1396548402226229251
1396656156987166721
1396660606678102018
