1448372089866502144
1448376065936687105
1448470473382137856
1448526750221176832
1448550355843698691
1448550927699365890
1448553539857387524
1448564555915792387
1448564915724189698
1448611134966165505
1448629283216236558
1448629575362105345
1448660681541107716
1448661200426786826
1448675104850726912
1448675231980134400
1448675269145882624
1448692496289042433
1448692498075770884
1448692500076498945
1448696310119342089
1448696803675676689
1448699049675137039
1448702559711993898
1448703224882470926
1448703839805186074
1448708947876081664
1448709449820958720
1448709802180317185
1448712057608564742
1448839868516159488
1448839899000442884
1448853065994440710
1448884254780235779
1448887632474238981
1448887681111367684
1448893962786258944
1448894476500430849
1448934058516385792
1448936974870450181
1448971507468668928
1448991752455540739
1449012573437792257
1449016211874795528
1449016839338532865
1449017505012355077
1449018781519343619
1449020108005801987
1449022498532593670
1449023292023578629
