1458707664540618752
1458707699735035910
1458707748460240899
1458711273529659393
1458716522042458112
1458721455152066561
1458729346357551109
1458729543582158853
1458730877542756356
1458733171202158594
1458734008297086976
1458735105694785536
1458735910116212741
1458735943179911170
1458741230301446144
1458742039684673538
1458742099210223625
1458743151393312773
1458743234994139138
1458748380813815811
1458748624406343681
1458761613440217096
1458791487852843009
1458791492152029187
1458791494005837826
1458792011356512258
1458792081518825476
1458794261290180612
1458794264494678016
1458794266516344837
1458806400872636427
1458816395274178566
1458816456720674819
1458816456724942853
1458816472671608844
1458822368999084037
1458822533151539201
1458822675728502791
1458824942888226817
1458976659437092865
1459029052447019017
1459032271130968065
1459034350486437888
1459037978131636224
1459042881453244419
1459045788969955328
1459051625536888834
1459051697414672388
1459051990114181123
1459052126819143683
