2010711453461033429
2010713661984096436
2010715959238312324
2010726476380086367
2010743259715482104
2010754092063473969
2010971737505317283
2010980080613540146
2010992913694781698
2010993477652447329
2010994931255689430
2010996345130401855
2010997052612943881
2010997867968933936
2010998387517374829
2010999125626798523
2011000091457511882
2011001110329507992
2011001715407950036
2011002911052931507
2011026516390658408
2011035244967969089
2011040819961274860
2011042008069259506
2011043829370269848
2011053347021664320
2011053904839262436
2011058636030951539
2011058858056434081
2011063016268386719
2011096174871396581
2011101595287818661
2011103329460597161
2011103712941580477
2011103754511384619
2011104885064999112
2011105545202393320
2011243297474564242
2011273344470172120
2011279521820090429
2011281656762818842
2011300507328135396
2011300675364507875
2011301063484448836
2011303492221370425
2011303582688297473
2011304003787964567
2011304226736259209
2011308741417984359
2011309054434689147
