1412107558806966274
1412231081084866560
1412231280180162562
1412243992675164164
1412262060327460866
1412282530531733508
1412316310881456129
1412328959476322304
1412331138241089541
1412331587069382662
1412343933825208323
1412344029644169219
1412345333011550240
1412345671865167873
1412346053664280576
1412348938552709131
1412358529852215297
1412359311439716352
1412363413305450497
1412373617149575170
1412380620068581379
1412435396357623808
1412437561599946764
1412439333731139584
1412443313253216262
1412454525223403524
1412455320908025856
1412455562294431745
1412457524893163520
1412459931815464960
1412526429074456578
1412633977513418756
1412634108820262915
1412672187283083266
1412712799126515714
1412724022488363012
1412732431459782656
1412742512901443587
1412771999466737665
1412776526420987911
1412786793041174530
1412787146390265856
1412787345309376521
1412795393109151744
1412807282962829315
1412964711876861975
1412964854026039302
1412966287618174977
1412986699932528641
1412986846896746501
