1544908573997613058
1544909011476422656
1544912978281017344
1544914209300836352
1544915796383567873
1544915812225495040
1544921668120084480
1544922351887794176
1544923887632551937
1544923891050905600
1544927197726916608
1544930283207634945
1544930286869557248
1544937968926064642
1544937972453490688
1544939001127501825
1544951625223000066
1545037178841231360
1545070669716946945
1545110907021193216
1545273698894368768
1545328924997332992
1545330937101438976
1545331935740055552
1545363267299975168
1545366377921654784
1545368794759307265
1545386684388622336
1545390089634623489
1545412270867750913
1545419649554485248
1545420412477382656
1545421766725890048
1545423859301908480
1545424812750712835
1545455213628182529
1545455224491368449
1545633488480894976
1545641310958551043
1545641649824727042
1545650627866288130
1545650630378672129
1545652397103464448
1545655428629286913
1545657229843791872
1545658562416099330
1545661790948065280
1545663044227072001
1545678777367220224
1545682499271270400
