1994353238192398565
1994353406035554349
1994353888112120204
1994354033990250524
1994355485794029818
1994366538993012881
1994367062211494254
1994385353294360696
1994402270621073741
1994403886204162092
1994416576553189444
1994416712452919396
1994417530212143372
1994418262067806274
1994464908948177115
1994586957679378779
1994587237150068939
1994587285472604259
1994588742196367433
1994589082165678207
1994609732242608245
1994643476651315657
1994648445563670676
1994653471602348446
1994653677630767266
1994664867568189494
1994665471745167555
1994666780955218282
1994670866689659251
1994677734031986856
1994677869574824012
1994679093653377129
1994679667677425713
1994723070393909712
1994736593954091067
1994745565188641085
1994746075824230906
1994747691310698520
1994761707357626666
1994765390099222669
1994766281866973653
1994766320907513863
1994774424692953318
1994774443139502378
1994774470716997674
1994783692301242721
1994800223168983535
1995027407640957393
1995027459264450918
1995029387658629380
