1504821637593518082
1504827973161029638
1504834150364155906
1504840719483080705
1504840880829583365
1504853051362123776
1504853116248027138
1504853149827596290
1504855428316172293
1505008383455162368
1505011394218930180
1505011508966674435
1505011734381150208
1505040378575351809
1505053478846349315
1505058591430279171
1505060076637548545
1505071491939172355
1505075523185426432
1505075556882468866
1505093076901310464
1505093080923664384
1505093418904883200
1505093422650372099
1505095497060524032
1505095739063795714
1505099010117304322
1505103341634093068
1505113678202695684
1505113739355635714
1505116259410923525
1505117334541049859
1505127919374401536
1505130770599677959
1505130882201710593
1505133180990668806
1505134845730893833
1505140317174984706
1505141141339279365
1505151588645552128
1505158680165367818
1505167603538751489
1505180334295453698
1505189225561395205
1505232432152252417
1505232529443332096
1505233532548878339
1505238407462621187
1505238467004940289
1505249360178606081
