1916064209307373735
1916064404233216389
1916065843479302176
1916067852605690226
1916073052191760389
1916078387786899498
1916080484515516862
1916082195195953425
1916085690787615183
1916096447310926167
1916096932273074192
1916099186384048397
1916099729982951542
1916106798223761774
1916125647388434640
1916189855136313785
1916355799619875242
1916368488731709553
1916371688578842719
1916372946181820708
1916390416951509434
1916424920659317038
1916428093545488816
1916508294576742828
1916508551008178429
1916508967838109706
1916509701086519800
1916511268271522111
1916519771589513653
1916521323255501259
1916534650324869236
1916543873138167975
1916545421503238335
1916546740624257275
1916547652025516300
1916549137257910458
1916549746715394372
1916549919738863730
1916550057211441226
1916550661577060402
1916554076512206941
1916568252970647903
1916568286847992166
1916568307748188357
1916568343215219048
1916568367156310373
1916568382037725373
1916568417483870531
1916568557493903552
1916568575105786231
