1390194951674204161
1390195808348164099
1390211812231192576
1390223864429379585
1390234116046557184
1390248925127352325
1390275569468678147
1390276065176686592
1390276589426937864
1390278824437325824
1390281836329259012
1390288586105266183
1390289461863354368
1390298966844088321
1390302699124531203
1390309870067355650
1390316874353631235
1390327414023020544
1390339747512418306
1390347780036587521
1390482751657152513
1390485303270408194
1390505371458936836
1390537054421884928
1390537470526181380
1390537893970513920
1390540707379650563
1390544658497884165
1390545323546664961
1390545726766157826
1390549846134640647
1390554011288281089
1390557503209938944
1390559283499061248
1390559315107319808
1390563414544556032
1390566124236926977
1390566144570925056
1390566214267670528
1390567666100826114
1390567680386551810
1390567689446313991
1390567703270756354
1390589162152087560
1390592542782103555
1390594608497717249
1390598741493788675
1390601071433715715
1390606298937499651
1390618696888901635
