1406147835813236739
1406165420608942081
1406179930203856897
1406179953977139200
1406191209798721542
1406191262248542209
1406191418893238272
1406195076909305856
1406198911979593729
1406206780393156610
1406207827744415747
1406208288249683968
1406209630670245891
1406210359422189570
1406210421594357763
1406210681423101955
1406231908934045698
1406232293664968704
1406236424395902979
1406236674783285261
1406236820518494213
1406321414332841986
1406322466192904196
1406323132571414528
1406323393926885376
1406324315507748868
1406446774433161219
1406447924230295553
1406448440041631749
1406463995683381251
1406488552548958215
1406488962676396037
1406514791066214400
1406530061679816710
1406561103237107712
1406578498043453441
1406593460459786242
1406593948617957378
1406593959749685252
1406603159812730890
1406603547156770822
1406607486220525570
1406607854002335746
1406622292491202566
1406799075605815300
1406799204618444803
1406809842925273088
1406810661628248066
1406812219283689476
1406813868299485187
