1989615656548143479
1989615667331662213
1989615680946422212
1989695974344692024
1989699386675204128
1989713795653275860
1989714110670671960
1989714173727735893
1989717312992416006
1989725935743254720
1989734997117579523
1989735268828721426
1989735843901395383
1989735979272581234
1989749483362791578
1989756042130198834
1989904754567422161
1989923585839042981
1989926907539038587
1989930018848583828
1989938898659926071
1989953026694819858
1989991217619456282
1990042051531133208
1990061154304213112
1990061244372684869
1990070255763276265
1990070311174152647
1990072230269620631
1990105308497326228
1990108227288334606
1990108298356392181
1990252996312392133
1990267197961412759
1990267711834980708
1990267741446775007
1990293187546759356
1990293481689104406
1990293579684864164
1990293882865922194
1990295081014948003
1990295230965534777
1990295352289952071
1990295839470960825
1990314558897148069
1990315504725307616
1990326978109661595
1990358634648457653
1990361936098431281
1990362035834716367
