1816406518356406458
1816406533716193630
1816406580281422283
1816407057903608174
1816446288663298360
1816453834052350289
1816453963266289734
1816454002650833099
1816454020220833956
1816454059655676389
1816454100411949101
1816454148390305900
1816454186654892329
1816478501970882949
1816517807112355897
1816517834773790999
1816517849697124792
1816517973148074042
1816527081221882275
1816549086499340390
1816679995374493797
1816701628462100689
1816706365685137911
1816716000475168771
1816716007224074298
1816723449525772407
1816723506903867469
1816730206943736288
1816731725663535274
1816733295188803874
1816739140777783791
1816742353614569747
1816742901063516251
1816789558941675908
1816809850988593611
1816817198511587493
1816849167974908062
1816896516843622523
1816899321226494342
1816903141633458442
1817009510633902572
1817039708456911285
1817040218437959741
1817071657665929603
1817072345577590907
1817083863820362188
1817095021667189211
1817107203540824097
1817107217734336684
1817107422147936358
