1449999482850975746
1450012678412402695
1450014431342071815
1450015083778564104
1450016142701961217
1450023185219342342
1450027016690933764
1450028512576827395
1450029765256089608
1450030937731784707
1450114185610752007
1450127084009918469
1450144173374410756
1450144544377376768
1450144594490847236
1450339281797406726
1450346453335900161
1450349912130867204
1450349947094589446
1450356909941268482
1450358239132979207
1450363961669349378
1450364992549572615
1450376310421803011
1450376730833657856
1450386859280855048
1450425518881267717
1450431633971052564
1450432634471862272
1450432673407639554
1450432684077957123
1450432726461554692
1450432942946209795
1450434006911127560
1450438166574292992
1450438570016002058
1450438593692856329
1450438915534454785
1450439782215995392
1450451913875640327
1450512646424334340
1450677383166529543
1450678165060263943
1450678403460263936
1450684160301961218
1450684441504845833
1450708262953701381
1450724917373140993
1450730330109796353
1450731411053236226
