1426514889493733377
1426514911635537923
1426514927829753862
1426514939322064899
1426515235536474115
1426525544691081221
1426528479911182341
1426530775898284037
1426534514281484293
1426535753211727876
1426538047206694915
1426540378581204998
1426541395490209794
1426541511617904640
1426541826559840260
1426541891965837315
1426545788759339014
1426549351334043661
1426550648862957572
1426551574877196293
1426553164522684417
1426558804905193476
1426573869561700355
1426593818229436420
1426594116935118849
1426597983525556230
1426600119848210436
1426603750139985921
1426603838174236673
1426744375548157957
1426745001460092929
1426745314355019777
1426752428213379072
1426754295442018308
1426764197652746242
1426773305273556993
1426775995047202818
1426778690172514312
1426778749601685509
1426778770023669764
1426779328667287552
1426779419163516928
1426779815596724228
1426783658166394881
1426784766938988545
1426787937744719874
1426788340129361928
1426796534797045763
1426801351057629185
1426804920993214469
