1958924435651768504
1958936957008191543
1958950461484277989
1958950653587570721
1959117752234365082
1959125629539844168
1959151224910954589
1959151763962871983
1959161410010980369
1959177567233298846
1959180508166058466
1959180733429535156
1959181633057107976
1959181934531383384
1959189234709094455
1959220105117622601
1959257118458159548
1959262460302721126
1959268432404508948
1959288026586357962
1959443041716187586
1959500349368107376
1959555773345767491
1959556502735249492
1959618223248425462
1959622089465532622
1959633818823852505
1959639659040096330
1959645069608370533
1959646202548629512
1959664219437330555
1959668306153267604
1959706235495960616
1959853109372703099
1959873054487765446
1959873162637901839
1959904239431696747
1959905482547872112
1959912243887317167
1959912749305070037
1959914315554713769
1959916043784393043
1959917110395867343
1959917789759602840
1959917799050207618
1959917819019055295
1959918926432960715
1959929081354752154
1959940387902235047
1959959037233295450
