1916568595653710299
1916568668315746719
1916568793335431432
1916733463253733439
1916736926767337793
1916737097953685649
1916737512745419105
1916737522866307431
1916737756124045476
1916743956915798258
1916744221182087675
1916752877382701172
1916761782934446174
1916773027867402544
1916773216401654086
1916774463372509291
1916774467071860907
1916774899412013339
1916775553040044171
1916776540236361960
1916778734948094374
1916780760733802656
1916782417651941576
1916783225457774986
1916783878003437913
1916784582881366202
1916785239457738869
1916786693631578496
1916791975682126095
1916793930131161214
1916795160857391122
1916804005579350225
1916808797059756049
1916812305846903069
1916817817015366023
1916818055826415696
1916821892172071380
1916826284467933429
1916839457703313524
1916840957519204407
1916845034281882010
1916847367032082698
1916850653533770158
1916851252526461088
1916851257718849895
1916851262819340530
1916857946996457519
1916860177409774068
1916861209376424392
1916871978579067038
