1917784653856899446
1917804264220680426
1917806575982633241
1917807458279645224
1917808692541747593
1917808796568883378
1917816719411929525
1917836860887556473
1917840290179866840
1917841053589160418
1917842740802372085
1917842806053233019
1917846050251104364
1917939242111733961
1918121130646544594
1918165692786065430
1918169839312798008
1918173767723041196
1918181065635844436
1918215000625430589
1918217426740617413
1918218663733105010
1918219760896032825
1918224104689434863
1918227353810989077
1918227885933912131
1918252887077208527
1918298844456206758
1918312182598795336
1918312781029490759
1918313766321795084
1918333495656759383
1918376298650714554
1918585254694273073
1918587765903802489
1918587969113657487
1918624081739690133
1918624495746621919
1918636469096518065
1918663336587416039
1918689151869976607
1918690090437804118
1918690604692930951
1918711644672442446
1918713604922323252
1918713811646960082
1918714010301874349
1918714046318325914
1918714065414971705
1918714107144155474
