1523565875915153408
1523565956722688000
1523651220111433729
1523651273790136320
1523651390416900099
1523687410416033792
1523868470777376768
1523868877045723136
1523883198731546625
1523885207463497728
1523911577208258560
1523911640290189314
1523931410884558848
1523946460877795328
1523959611056828416
1523976279405432833
1523976385911349248
1524042712382468097
1524105344599101440
1524105384382058496
1524105521066024960
1524105735352852480
1524105807599931392
1524105845088604160
1524250955843534849
1524257204869554176
1524261081514127360
1524265711593725952
1524271369424629761
1524274507514789889
1524274511323213825
1524276354132623361
1524276357764886528
1524279253088751617
1524280964008275969
1524288801673457664
1524291066266255361
1524291537739616256
1524293254686339072
1524306349756059648
1524306528207241216
1524414170694754304
1524414480544931842
1524418203942014977
1524522364226007041
1524523312897871872
1524589006021079041
1524631748151492609
1524631751305601024
1524638107173556225
