1459421700165038084
1459423445360406531
1459463035286786050
1459465237984256003
1459466858906546178
1459495437287636994
1459496690302562305
1459500567403712513
1459501186256556034
1459501937183715333
1459503081733853190
1459504642174296066
1459535571949211651
1459535808474402824
1459535841483657216
1459536783926910983
1459536794056200201
1459536803350781952
1459536812594978824
1459536821637902347
1459558661068496902
1459586887807471621
1459587311499313155
1459587372824227842
1459602061239021570
1459747224775114752
1459748900823310344
1459749145355325444
1459750496353153026
1459750546823278595
1459755784124780546
1459756345498816512
1459756347377930244
1459756349462441996
1459757628607791105
1459761392311889923
1459766386427772930
1459777575673204742
1459779805746917376
1459781098863423488
1459784433540628486
1459805992716099587
1459806025792385027
1459806124056539143
1459807962994601987
1459820404323741702
1459822518517198850
1459824459934617602
1459827913767878656
1459827936983355397
