1479067619739144192
1479091719580778499
1479094316244951041
1479094560366084096
1479094596130918405
1479096161814208513
1479104349317992448
1479130833361399811
1479141748785901571
1479142525931700224
1479142604381966338
1479142685449474050
1479143390134472704
1479157560796016641
1479158779602112513
1479159437856161795
1479165839018397696
1479165873105485834
1479291400541728770
1479292099702915075
1479329383332544517
1479329894639321092
1479365587331543040
1479368150693023746
1479371333511245824
1479371508161994754
1479372275367366658
1479382201758220289
1479382216878686209
1479383046079934465
1479392228778790913
1479416433951924224
1479416522011332611
1479417620390498304
1479418651010736130
1479458370654392321
1479458466603225092
1479458592470175744
1479459521135136770
1479462449078099969
1479467487196430338
1479468433024512010
1479472704335990788
1479472752230690824
1479477135714631682
1479482019885158401
1479484934209228802
1479488097523941377
1479653956401831941
1479654238338752517
