1810580419957727580
1810580448801968390
1810582604200190173
1810585641379676597
1810589600068632884
1810594408758411510
1810619262672965827
1810631041172042229
1810633084485976147
1810669403392139666
1810733374404743495
1810733463374381185
1810733506164564449
1810733714944708652
1810733786860245231
1810733951591600520
1810907669726925252
1810907827159937487
1810939571787718999
1810941649138372817
1810941674274836736
1810941695103750240
1810941763970040201
1810955672164716903
1810956241176514861
1810956299934519772
1810956372781265003
1810956430763008244
1810958779317633043
1810963324227703143
1810977138725519656
1810989201862902009
1811004537186177356
1811004573206860143
1811113800084640176
1811114038115586369
1811216555902148974
1811244680958640465
1811245210913083897
1811245828532756749
1811248498995835142
1811248822074691662
1811248862214172899
1811248876390941037
1811252326570795335
1811252449807888403
1811252728607428764
1811280074811080892
1811280093966377303
1811280245728895471
