1909214244308234346
1909220906490069123
1909221102007574723
1909221161596071961
1909246882620313979
1909250969281372544
1909430612626157650
1909431991474282502
1909482140225384539
1909507349146185796
1909507353277521941
1909520542220402926
1909521517861290001
1909524824554405910
1909526931919327513
1909528824305373509
1909533702889390251
1909535576644104362
1909537544741466403
1909540194937635020
1909544161251885273
1909546927873523819
1909550854123700287
1909550916421693569
1909552545577812087
1909554126062768595
1909554907289379164
1909555329039294782
1909556815462810050
1909557212193997114
1909570054728925518
1909571642214515131
1909571667774288228
1909572039796543544
1909572101876437374
1909574797672997144
1909585473548202359
1909585588858056875
1909590064423657788
1909616426152820992
1909623616053948806
1909637369164111881
1909640062750294462
1909671281337024707
1909671770245976387
1909681999440494690
1909688476188172464
1909688494970245272
1909688660372418665
1909689119745233059
