1490589430692081664
1490590432820350978
1490591929926823937
1490603726549430272
1490606360979177480
1490607900938563584
1490612302965469184
1490612384162934788
1490612969855545349
1490616188690264069
1490616260161273861
1490616369104130048
1490618195925176325
1490619975631273986
1490620024859799552
1490632017108602884
1490643026229993475
1490643761017520134
1490643794081247232
1490649396396326912
1490655630352592897
1490680463866081287
1490680528844242944
1490696824449277960
1490698285405052931
1490699380667875328
1490704295691358209
1490717109067735045
1490719957604192258
1490742676437622786
1490881230631739393
1490881407623000064
1490881593053163520
1490881859345354752
1490897017102831616
1490897051898748929
1490897120169455619
1490897625465647106
1490907254794887168
1490940565974044674
1490940990563418113
1490955743016943616
1490957340472115202
1490959887127695364
1490962193005056005
1491002822913310720
1491005179583680515
1491005183278850049
1491019087014940679
1491024787686457348
