1466723444045746178
1466723527952769027
1466725494397685762
1466729501539258371
1466740688578494470
1466744757854433287
1466746440399548418
1466746471634534402
1466753483034750978
1466777040489648128
1466779811838259202
1466781315957608449
1466787713084911616
1466793650319343618
1466811115791269890
1466811152998883328
1466811828151873538
1466811861848838147
1466817030300913665
1466970240936333315
1466970384889118720
1466971238308274180
1466971391031320580
1466974057711034370
1466975116407951360
1466975181889413121
1466976883308843010
1466985811409137665
1466995211649699844
1467000469893500928
1467003762807951360
1467010929325850625
1467014333062266880
1467014521478803458
1467028383523430404
1467028389739438083
1467035747483996162
1467036720134705154
1467067413355245568
1467114939483521027
1467127895088775169
1467128405925646337
1467136967070523393
1467137065494089728
1467137084334899204
1467137628541575174
1467139013601419265
1467141344061648898
1467154285095833602
1467154408660107267
