1479825696499273728
1479826127333912577
1479832444375240704
1479838955021369346
1479855853536624642
1479856073636859904
1479863042372354049
1479866252826857475
1480032834077085697
1480033085655687169
1480034100685590530
1480034490730749954
1480036929391316993
1480037158048055296
1480055996974133248
1480095151523463168
1480100438254899205
1480101752313577472
1480101754381357057
1480103667625721856
1480199775681015817
1480200714831818753
1480201296443445255
1480201460834922497
1480203350872190979
1480203517587386368
1480239723129937920
1480240301524488194
1480249258909396994
1480250061237850114
1480386958337536001
1480390950086086656
1480391678796054528
1480394632626245633
1480394896028495872
1480395824307736579
1480409911989207040
1480410302306930689
1480410365527687169
1480421136374452228
1480421139478290434
1480422797578944513
1480424021254496265
1480444791359885312
1480445891584552960
1480446082744127488
1480446086989123584
1480457944344891392
1480458410596306946
1480458603362328577
