1415506413426675719
1415507210646532097
1415507298294767616
1415509141951422468
1415519571092459520
1415536425559203843
1415552537004896258
1415558613033099264
1415574304515715080
1415642223744483336
1415690416297447426
1415858231432208386
1415858945311186947
1415922012610973698
1415954846063022082
1415954982084366338
1415959562390171648
1415968843772563462
1415983594380558341
1415983777545785344
1415984041233317894
1415984247953707011
1416002138442911744
1416011181467181056
1416029729900032009
1416032545146241026
1416082462678020098
1416083497983168512
1416098622756720640
1416098635230564352
1416098864776433664
1416103550376046593
1416103552628318208
1416233570822070274
1416234384705744897
1416234511864455168
1416235165769109504
1416236737823535107
1416237636109307909
1416253743188779009
1416255269684748290
1416282519268364293
1416323257859411971
1416328575356076032
1416330189722636292
1416330614148505602
1416331054755975169
1416333177207984133
1416355938303234054
1416412091460644868
