1449023655770411016
1449032405768040450
1449032492833378306
1449036520086654978
1449039004012199944
1449042449725214729
1449042520944508932
1449042995441922052
1449044393084608530
1449054592075911168
1449059081323302912
1449063292756905987
1449066907022200839
1449071250953760768
1449071543619751944
1449071779490656256
1449072350150868993
1449072858886402049
1449073177632522240
1449076352947163136
1449076764278329344
1449076845840777217
1449076886781321218
1449076955249143817
1449077159914397696
1449077310963871744
1449077603835383811
1449078251268108291
1449083053901430789
1449083127922499584
1449083259145519104
1449083725308854280
1449087070153031681
1449088088492310529
1449089010282864640
1449089632260427778
1449090017612025857
1449090659432865794
1449194141384986626
1449194222758731781
1449195148043116544
1449195169094332416
1449195268545474563
1449196526249529347
1449196568549019650
1449196617647595523
1449197106665701379
1449197262245019649
1449198097599401987
1449213694043295746
