1833564491554164903
1833564542166548903
1833564573971968001
1833564698840576040
1833564782391439681
1833592151701393659
1833603966803812837
1833694507503649018
1833729598200164558
1833744520900751708
1833761735049883795
1833772633504272504
1833774916061323500
1833859601499906090
1833992018181431380
1834020053324361930
1834077230105858188
1834080503688814962
1834089738573434895
1834092182359474261
1834197600574341200
1834198912204181738
1834202626080088308
1834202652499927286
1834225360197529728
1834226131488092530
1834226299918803226
1834274349710541167
1834412130545918110
1834424401661424120
1834438033812120000
1834438618833719375
1834439031221792973
1834458314605842619
1834483081656631432
1834507642284499002
1834516135070347559
1834519789168923051
1834585157153570934
1834587903365722387
1834601829511909679
1834602055257759996
1834657994493034871
1834715262819373515
1834715404742410573
1834716400390451335
1834774595020128507
1834780106482393481
1834788561247154525
1834790919427760314
