1527912566915485698
1527912661954232320
1527921264681426945
1527922400355971072
1527923737256787968
1527929263659581440
1527930540653187072
1527931869681287168
1527933501362028544
1527940508776968192
1527940883697770497
1527942579329048576
1527944303812956165
1527944307441008640
1527950100244602880
1527954844815831041
1527956322180038656
1527957107353726977
1527957441039978496
1527957695881707521
1527961473657761792
1527974760793391107
1527994313262522368
1527994491684020225
1527994764871626757
1528029316860112898
1528029687309402112
1528029735942426625
1528030722333605889
1528035553245278208
1528052009383129090
1528052674712588289
1528055441036496896
1528075640041156610
1528076652781047808
1528080824305823744
1528080934708228096
1528088376150491136
1528089273853181952
1528089875165384705
1528089923466964995
1528236141144846336
1528284019397632001
1528285302481383425
1528286537414492160
1528287954258763776
1528294418843054081
1528296901225095168
1528298269079588865
1528300201001111552
