1531820448753008640
1531820672519143424
1531820889045868544
1531821225424879616
1531873276217421829
1531877822322835456
1531878456954613762
1531879185089961984
1531881845796708352
1531883434456797184
1531883651033890816
1531883841534980096
1531884200215052288
1531915926853292033
1531916023384915970
1531918199507533824
1531918982743474177
1531956377542725633
1531961664324907010
1531991814923689986
1532037878074998784
1532187835599814656
1532225795854172160
1532225919607132161
1532237001818116096
1532244616929390594
1532244749205155840
1532254188918300672
1532255097136160770
1532265143924449280
1532275893187809281
1532277501526876160
1532279715020431360
1532280565986361344
1532281918087016448
1532283430712487937
1532287541785038848
1532294468145397761
1532294557567950848
1532294608977543168
1532302856786944000
1532319455790829568
1532330909281964032
1532346990142828545
1532347113048137728
1532362661778042880
1532366946783887360
1532367246978617344
1532373026229997568
1532374062999031809
