1512674292013879296
1512674332748972032
1512681169443205124
1512682869377757184
1512683658422849544
1512685784775606274
1512685788508549123
1512691853199831040
1512692834867982336
1512694402699112455
1512695159452237826
1512697323918606337
1512697432869863429
1512697654857601030
1512698233138470917
1512714337651101696
1512714343787360257
1512731357419433985
1512731369272594438
1512732132132593667
1512735930687574018
1512735935909478403
1512736658654785539
1512736803777748993
1512738444954415104
1512769364499791880
1512771116137287688
1512777181466099714
1512777483867009024
1512777741607014401
1512786241317933058
1512790500281323529
1512797903861194754
1512804412674117633
1512804418764226563
1512805567500193794
1512811570396819457
1512811800840261634
1512811874727137282
1512818371779186688
1512820901095800834
1512825769327996931
1512826169296834563
1512826362234826754
1512827149438558211
1512827424324857858
1512827441697660936
1512827714155458561
1512827778928099336
1512831744189558789
