1983087532482146405
1983092214944411791
1983094736123732255
1983094829405090222
1983095151364059497
1983097300542206286
1983116214407966826
1983135278395986306
1983135542792360374
1983138227461509321
1983152210407301434
1983156037239935294
1983177501246648368
1983180134023942506
1983184095560839203
1983186308748194208
1983187731930067134
1983193892049899935
1983205619604635738
1983215874866549121
1983228739405160560
1983236720087970103
1983386554614829205
1983432376320749947
1983433488822132889
1983437278308642990
1983448027001131269
1983448953799713084
1983449758476927080
1983450181837435061
1983457095534919952
1983457356190195794
1983458908267295027
1983459862593077399
1983460748522324009
1983462533576204780
1983462549694845355
1983462569353629773
1983462590744584219
1983463390271218037
1983463406939349191
1983463427122331918
1983463445346554259
1983465686833025168
1983466386350559706
1983468340829176109
1983469285352833448
1983469426893844848
1983471159980253663
1983471801540993477
