2015614009496719585
2015658459174469658
2015665520142667783
2015665682529313227
2015667971671351729
2015669867412918498
2015673547272896681
2015673603996663831
2015682806731727217
2015682822061899930
2015684382263292068
2015684422188872067
2015684542271807950
2015684958933913700
2015692377017692628
2015700815735079271
2015704712658764149
2015707093932892476
2015708678272454666
2015709104074010964
2015728209523011631
2015728791755297216
2015730653124596103
2015752865042825219
2015774827710472649
2015778438330921023
2015779230349697060
2015785700386644112
2015785733114790225
2015785775674388933
2015795853060170037
2015810048136773859
2015812084509073498
2015823017369329829
2015843034504859890
2015979604121722960
2015979836838445497
2015979876822770017
2015980604949660122
2015981145088000293
2015982576884974013
2015982598879903887
2016002344752943274
2016003243927896151
2016006173242388675
2016006212824055814
2016006352800514288
2016007805153771761
2016008038000558585
2016060911220338961
