1542802795098931201
1542802798773161984
1542805237542842368
1542805241112174593
1542806459267686401
1542810346494144512
1542810445580406785
1542836574991560704
1542911340058005505
1542925033848197120
1543108314678325248
1543108387868930049
1543119094878126082
1543122395858292739
1543123522297294848
1543152976654905344
1543153800433004544
1543156011368087553
1543184793659375617
1543209282753089536
1543249583462969344
1543257334037655552
1543257541039177734
1543272829265002498
1543475795594600450
1543489249315618818
1543489544447995904
1543538544119250944
1543622797745737729
1543623120459669506
1543631046872248326
1543634156697006080
1543634374347788288
1543773077800370176
1543773575911739393
1543774526626234368
1543796631489085440
1543796719913435136
1543808161282654208
1543808264206688256
1543809173162688513
1543810920815947777
1543811118157942784
1543811162672082944
1543811255781441536
1543811879751286785
1543813909312077824
1543827465386496000
1543827944413736960
1543836786581188610
