1400025605442203649
1400087896615395329
1400121589765529603
1400131363349487617
1400264261826322432
1400266577891643395
1400268424882782208
1400297729545302018
1400331865584652292
1400348533136396290
1400355190478233603
1400358966740197376
1400361852085817345
1400365010459627523
1400371657814855682
1400377472529571843
1400378366818095106
1400378672628920333
1400382773395738628
1400383331263336455
1400383776207691785
1400384024065941504
1400384060694745093
1400384075492315141
1400384224956497921
1400384912956354560
1400385070435762177
1400385312702955527
1400385428952293379
1400385543700025344
1400386995961044993
1400388232274006017
1400389017636540416
1400391795054235648
1400398667069100035
1400420058665418754
1400459660218359815
1400461652714168330
1400463043713064968
1400467013525336079
1400470694081679365
1400489740281925634
1400508488074153985
1400508535801204736
1400509580224851969
1400510099026694146
1400511811040935939
1400618098764308480
1400621544498339840
1400621822215819269
