1802006363293241487
1802032190030496077
1802032202420494611
1802032339221917821
1802032505425481874
1802032616188625173
1802032686774862064
1802040178715832811
1802043212879757490
1802045810416525760
1802045953010180194
1802046379919126890
1802167096287326637
1802167123952947649
1802167139794625021
1802168108557414734
1802171594435076126
1802215731636936873
1802215923098505645
1802216008997871829
1802216034901831735
1802216054967488751
1802216066409542048
1802216102564434103
1802216168654037300
1802217237975101632
1802225758728786067
1802227522941370588
1802228150644121780
1802230025787248718
1802230323708596536
1802241218195181854
1802252677558251700
1802252725276836043
1802260469249654969
1802260540691292381
1802269446956085522
1802317016625279226
1802317078856405125
1802317500643750311
1802332348455002555
1802347805111128394
1802347825730109589
1802350720433389593
1802350814738219140
1802350876386062752
1802350900222308429
1802351311561932985
1802351339139457505
1802354935545332183
