1985580283765395578
1985599370944004222
1985608401389568218
1985608557786751333
1985608885936537739
1985660036841160890
1985687692156506610
1985735692451004480
1985741136498241956
1985769283226648702
1985901681557856712
1985952735595020746
1985952800627704164
1985969885470675227
1985970536242168295
1985980393594732810
1985980528215068983
1985985900845941073
1985986686975959478
1985987595617325123
1985988690955624793
1985989483792158957
1985989600997675248
1985989763632181264
1985989906045501770
1985990648076644463
1985990752216977545
1985991816475554266
1985992276636844066
1985992786169184688
1985994498787143843
1985995934929760423
1985995955423129677
1986020664726421970
1986020710243033584
1986038184573297098
1986045124321927555
1986045392924877225
1986078304101962041
1986117522303946892
1986274499445334054
1986286472950173761
1986349466694422831
1986352103749788141
1986360964510589270
1986361301388739058
1986384020381614409
1986384425702334482
1986408673577709615
1986420364831039632
