1999533805560881210
1999534288140911060
1999534617846571286
1999535472700457282
1999536053544222784
1999536067318301092
1999536275960004795
1999536333237436747
1999536372751663214
1999536831319494908
1999536860327010615
1999548304305041427
1999548352577568983
1999548420445360191
1999548593846341756
1999548825242075598
1999549080649994408
1999549159125197232
1999549547496759465
1999549604015010140
1999549630930141278
1999549680200437955
1999549704758350193
1999550657829716289
1999550770618978526
1999555308063195368
1999555503547175042
1999555834326438178
1999555880753463741
1999556113164034369
1999556374775365678
1999556553762812400
1999556659161522609
1999557110032486788
1999557129636593851
1999557308632752483
1999670817110835221
1999673417075961983
1999673759180222464
1999674329077023015
1999674605863367014
1999674669981663665
1999675155438825966
1999675361177796629
1999676832376066333
1999732644435972430
1999746124786323581
1999756081388777498
1999768951522509128
1999769086503608396
