1561245122666594304
1561263897340149762
1561263901505130496
1561265187478736896
1561265193501757440
1561265906239819776
1561266750100246529
1561266754248413185
1561268121646018560
1561280648513728512
1561295063896195072
1561295226370953217
1561388892133421056
1561565352471195648
1561580283081633792
1561589233403691008
1561589238197624834
1561603354325053441
1561604002672164865
1561604469544341504
1561605440362119168
1561605443990204416
1561613062058438656
1561613730156527617
1561613734745112577
1561613736838074368
1561624974972321792
1561628054832975872
1561628643285401600
1561628647664291840
1561628651044872193
1561629094089211904
1561645808856231938
1561645849192841216
1561662315631898625
1561672806789959680
1561701205809991683
1561756649135960065
1561945929346715650
1561951891050795008
1561959492253691904
1561959495315513351
1561967454242619392
1561968433008619520
1561974021453148160
1562013441556357120
1562137059984539648
1562316312373694465
1562319347456290819
1562321327062929409
