1450736087018573828
1450747494204280834
1450751622183743497
1450817626683281411
1450817704600895496
1450817900084744194
1450817916207648769
1450818591297720325
1450823279229366272
1450847085926903813
1450861957871857666
1450862453701570560
1450868679239819266
1450869395488587781
1450869460802281475
1450880755895181312
1450882880637333505
1451022936576434176
1451040814994391043
1451046748302942208
1451052894489231360
1451057030773366785
1451082550261157890
1451181823095042065
1451182078284886018
1451186525945798674
1451187708752138251
1451371625564102659
1451371876924608515
1451373316468400129
1451385116207431683
1451444412853088262
1451450638840205312
1451451063966392324
1451451781574103040
1451461104865988627
1451489958615662594
1451550723968172040
1451556311087255553
1451563218187341825
1451567699327217664
1451576770361135110
1451577003807678470
1451577176948572166
1451577222628732930
1451797343171272707
1451799763758698499
1451801932184506370
1451819281755246601
1451830160580177926
