1495643399969546240
1495644281394319360
1495644344812208131
1495645207546953729
1495650080183189506
1495655310312493057
1495658121498611715
1495660455641378817
1495660458057297922
1495668752150855680
1495668754893709315
1495680521623699456
1495680601718136832
1495683056069488640
1495684862010970113
1495684884450488322
1495685769176182784
1495685814646620160
1495692443538411526
1495694519110705153
1495717944533581826
1495717987630067712
1495750799385042944
1495750877805973504
1495751903648808962
1495760698563084297
1495761329839382532
1495763577005051906
1495785300505034757
1495785349502861313
1495785394906058753
1495789543349710849
1495796659577577472
1495796817669328901
1495797704047435782
1495822184723652609
1495834395743342596
1495834481323909126
1495834957868109827
1495835054496710656
1495934019472867328
1495950439216730112
1495951971249176576
1495957552777076742
1495965541424668672
1495972817598558211
1495975644894793728
1495991557534937090
1495992144196431873
1495997729902071809
