1530411925062168579
1530412040233226240
1530413097399115781
1530413709599727616
1530454274760507392
1530455378055442434
1530468866429554688
1530468935593693184
1530477898221559808
1530478352540180481
1530481392341069824
1530489813081952256
1530489816814878720
1530489818974928896
1530489821348900865
1530489823588679680
1530489826939924480
1530489829120954369
1530489831197114371
1530489833281691649
1530489835286589441
1530489837731868674
1530489840168751104
1530489842278481922
1530489844216246272
1530489846271455232
1530489848414769152
1530509203059552256
1530514650202112001
1530519027818598400
1530519085150179328
1530524321541926912
1530527232896434178
1530545475320827904
1530550495068139520
1530550555579654146
1530552098982506497
1530552760579461126
1530556837153492993
1530558564774735872
1530558957554528256
1530559245019533312
1530559346169352197
1530559533059149824
1530559558560534529
1530559673211858944
1530559739527958529
1530562163995119616
1530563555094822913
1530563723525767168
