1868650442651271541
1868650838564221167
1868668739442590013
1868681084759941451
1868682786464579730
1868718744295686583
1868920457568645199
1868920583993667647
1868921335516410270
1868926318689350069
1869015948335992861
1869019780239520189
1869032858968322126
1869049869811540018
1869049880909615591
1869051561399488626
1869053828382990690
1869088835679994115
1869089025841418251
1869093790587515383
1869228708546171305
1869230572389986350
1869276980904169710
1869280466827972812
1869280565347991942
1869286676587000299
1869289498472755319
1869290557828214949
1869293051719684207
1869314679467598274
1869317161057169771
1869321914839114183
1869322578050891940
1869322680778002715
1869332962803921272
1869369250844172574
1869378249664639037
1869380940201599097
1869397259345150119
1869398325239419022
1869398358118527127
1869429711987978481
1869429949830181076
1869448366205415644
1869454938188955877
1869597968329769345
1869598605209935981
1869630446033866761
1869673836217803247
1869674185519468922
