1929458592530223301
1929460154006921320
1929460678290772441
1929460784913924486
1929467598095470781
1929469253247185070
1929470405275771152
1929492037310595206
1929506754230133187
1929514737626173640
1929514798540038421
1929514819570323852
1929515144293572988
1929515187683668269
1929518312280469888
1929518701545480211
1929524032233156814
1929524046670037417
1929526155155284044
1929540280107352107
1929552225157918777
1929552392132919683
1929552511326716093
1929573512223523215
1929573950218019216
1929574167981994184
1929575529016963077
1929585572118466976
1929585665299148862
1929591816141049872
1929598056028082447
1929710878292955244
1929718013009580437
1929719950543147075
1929727277535043996
1929727688098697262
1929737247945118127
1929737284083175806
1929738138140004750
1929738160806023343
1929738297661870288
1929738532060647473
1929738800177336703
1929738821505364430
1929756054776344835
1929757042425975048
1929757178900234311
1929757670913069086
1929768470063075834
1929768543689887787
