1553456926049964032
1553601678561415168
1553614763178897408
1553618029699026944
1553623881340301313
1553624931187175425
1553645950878507011
1553648039247564801
1553651321601146880
1553667527963987968
1553687901619138561
1553751774787354624
1553765676640178177
1553766829616599041
1553942156699893761
1553984971886690306
1553986217787936769
1553987402506829824
1553988323857035264
1553993271260561411
1553999094770978817
1554017946988855297
1554060729653018624
1554144737262612480
1554317470475091969
1554331108522991616
1554342704699822080
1554356442131763200
1554356444648337408
1554357996435931136
1554360379438145537
1554362142513856512
1554362146431332352
1554362486551240705
1554363883795935237
1554367273917644802
1554368465523572736
1554379480226942976
1554390370976690177
1554390776024510464
1554428005497585664
1554450208838270980
1554451639859576833
1554699114398433281
1554701255393832962
1554701910753832960
1554709877846847488
1554710961571115008
1554712360879034368
1554725506431750146
