1852198387413815657
1852204829722186028
1852212512894390406
1852213358876893646
1852218913309733179
1852222634030961126
1852222828411498557
1852223159396933846
1852323510556746163
1852330905517371791
1852357909482807681
1852399221648846974
1852534850940739792
1852639220399329482
1852778927170973992
1852780149684764784
1852950959519126007
1852950990808604983
1852951015781536083
1852951342295470533
1852955665817543004
1852961579694006538
1853000457633054811
1853000554089492835
1853012826270691775
1853068591949549948
1853069650877391353
1853084027559059884
1853135210373857381
1853292593422929926
1853356614343872618
1853357998686499076
1853359579884572796
1853360734375235727
1853362610218926348
1853363630823137655
1853364928293335099
1853365442624012538
1853366052987486346
1853367349237125147
1853375489630409217
1853376274040820124
1853381687700324697
1853382143377908042
1853385099531927841
1853387172734189573
1853392293757071869
1853401354372346110
1853429924910231863
1853455744433057836
