1438783727690137603
1438789592572784648
1438790593669304325
1438794398498582537
1438817342167785472
1438819674829901824
1438819948625731588
1438821479374733312
1438821527428890627
1438822380353114113
1438824895975067653
1438827538403315718
1438855904196136970
1438863346187456515
1438882411199168512
1438882743849345031
1438882766339252224
1439052742652137477
1439052813976236036
1439052942569467904
1439056473774964737
1439056616444157962
1439056796883193859
1439057068971872256
1439057307782901767
1439057657457901574
1439058078196899841
1439078025912455174
1439078279332315138
1439121966506528768
1439135576565764096
1439135629036584966
1439135650884636677
1439141878071390215
1439145404528873476
1439145630383804418
1439146294283411463
1439149357484314629
1439153362570678272
1439155955430658048
1439158866189512706
1439161031452872705
1439163122565074945
1439179629953110024
1439205029462695936
1439215777278615554
1439228879625875464
1439228984391135235
1439229064032649217
1439229212049637380
