1893711725775511712
1893714508108947729
1893717518486815116
1893838651907268681
1893838735239778749
1893894551133151257
1893908213365395791
1893938369270297066
1893940005439177185
1893941675023818999
1893942616406044806
1893944150036210088
1893944243770519830
1893944623074255052
1893944812027400244
1893945449478013299
1893947237199130944
1893947284171198932
1893957969290596527
1893958126874907135
1893967019810128353
1893967138093724069
1893977912744833207
1893983873345736824
1894013382849679463
1894036059404783873
1894048477409140934
1894081230653505861
1894081451563364810
1894203035330777105
1894259490033434859
1894259667561549969
1894269201290072380
1894287205952360952
1894292670521942068
1894293262413738107
1894294293478789160
1894294348113776730
1894294411145810144
1894295224870211608
1894295253601173836
1894303284929671493
1894303503373185396
1894305864527327547
1894306344905093272
1894307312816591222
1894308596810133817
1894310358195867884
1894312256277541209
1894327038795735407
