1835966350415540541
1835966390106313040
1835966490568245686
1835975005919735926
1835976004390576492
1835978217225625993
1836022756309078393
1836022900253450644
1836023111667290503
1836023307117678764
1836023563884597717
1836038303579013172
1836040588786839817
1836040732450099205
1836060720041005318
1836106258643849376
1836111887915680028
1836113785175633971
1836231679104471381
1836280587281404033
1836290754341408895
1836297972595687909
1836300557025157614
1836423764076065130
1836425777539068247
1836434429687836703
1836439600383791500
1836442547264147714
1836442720539185609
1836443540320096667
1836618239561883777
1836654537932968277
1836658319093911574
1836665708119232592
1836676682603991121
1836678246353768798
1836679015274590641
1836689372361441308
1836703593556066460
1836706175984804028
1836715465970004357
1836738281309880602
1836767410382074330
1836767447304773988
1836767472495518000
1836767774011732122
1836768441463910571
1836784251221512347
1836829139518771441
1836834006073233649
