1869674954289201539
1869676444139528411
1869682115320975454
1869682997290778943
1869685224331948215
1869689780650557940
1869692872548888987
1869742999888081198
1869759993962205363
1869763373837201557
1869765528358973696
1869767940306051365
1869768255461863481
1869770677441740865
1869771539660611800
1869771662088163694
1869771942666129481
1869776056552751431
1869776117277876401
1869779847188451421
1869788051578466539
1869790741444341957
1869976929543303598
1869979152235016233
1870007506245956009
1870008372554281353
1870008917360804081
1870009797585842391
1870012236531683559
1870030805910630679
1870035331892031743
1870036028477833519
1870037088969879877
1870054006724407342
1870056066547069287
1870056143554523366
1870056193449963719
1870056616047079451
1870059606472569060
1870059713523790101
1870060836666126579
1870061241739411650
1870061333565276246
1870061644744929714
1870061713770590490
1870065476656869435
1870072460248289310
1870073504533520677
1870077022996668647
1870084135496401134
