1532598739608928256
1532600418710454272
1532600763347656705
1532600769051914240
1532600771740504065
1532600990020808705
1532601529051381760
1532601599868035072
1532602069579796480
1532605669999661056
1532612017957113856
1532613829414203393
1532613850012348416
1532613874880417792
1532613895721844738
1532613953670377472
1532614003481976832
1532618056962150400
1532619425773367297
1532620802784317441
1532622224837906432
1532623641250213888
1532624388377694208
1532625874721181696
1532627895826272256
1532629635938516994
1532629751587778561
1532630675697770496
1532631890141663232
1532635566004912128
1532635845681098753
1532638032993873920
1532638068385394689
1532638088325136384
1532638107597946880
1532638149075410945
1532638180935344129
1532638207707590656
1532638812723367937
1532639095423631360
1532639104529465344
1532639157495144448
1532639701857083393
1532640622620057606
1532640676714024960
1532641775139307520
1532642607914188800
1532644398248255488
1532646685192560640
1532648695120134144
