1968326689685168205
1968330952859586615
1968331110074712129
1968332805638963371
1968346573492162993
1968346634695458942
1968347067069383106
1968347242550714853
1968347369227141556
1968347390219567325
1968347514362581077
1968347602858263002
1968350299414045037
1968350334402875708
1968360664424198579
1968362619603177777
1968362706853064913
1968363786936664374
1968366329586671693
1968366591156125968
1968366635477279001
1968367719264497883
1968368912535605409
1968381829389631993
1968381915947483306
1968382117618102544
1968393369920413731
1968519285770465780
1968523856626192496
1968526740873244961
1968530845301604405
1968549765655986330
1968564791557136481
1968567296353513676
1968574329295425928
1968574432315613361
1968575923730497718
1968578424349618600
1968578474580291800
1968578801883091392
1968579962991993193
1968580027479408926
1968580430614888580
1968592552891760857
1968595505862135923
1968595641208021109
1968599776620085471
1968601349269987375
1968601622990508056
1968631333065752896
