1896791828462272860
1896792588310696270
1896804437915754557
1896804747358974031
1896804899528253581
1896810241700069651
1896814711557235173
1896815524505678007
1896815638397816995
1896815759353057371
1896820319605899510
1896834053132910995
1896841216043745468
1896853318636617763
1896855636513558784
1896870738612625583
1896885836156723663
1896890771904868618
1896890865794355640
1896906083891106258
1896913378217697723
1896934365332226451
1896980364876558355
1897109935244370339
1897179576629125391
1897179699958440370
1897182255048773739
1897184409192947946
1897187456912404583
1897202082987589975
1897208654748590559
1897211440328794414
1897213571630878805
1897213983561802174
1897214231298367681
1897218644792500353
1897219164181495872
1897220807765713083
1897221222154506443
1897236151838359733
1897237710785655209
1897245231332143200
1897245267650601285
1897262979621798004
1897267927709278388
1897267950853525647
1897267972235767813
1897280835516240128
1897282225420558360
1897284523081261302
