1794721507534643696
1794765138660397148
1794765190250020872
1794765743252496575
1794766213303902570
1794766715127312402
1794766751789666653
1794768107342565422
1794768237701517799
1794768250657775765
1794778769133347208
1794788760586186796
1794788993168822292
1794789260383686876
1795019254041043390
1795019561487548582
1795019580215050488
1795019910772338777
1795024286672986217
1795058319737901309
1795152485100757472
1795308545673658726
1795308631979938156
1795308700036678091
1795308726335017322
1795308884762284179
1795308948847001810
1795309179881787678
1795358496264945919
1795358522911359152
1795386049944002560
1795386226532589968
1795399181739381005
1795436306048368859
1795437350660788589
1795438568720265226
1795439415550214648
1795440143010287847
1795440185217606096
1795441077551579359
1795441094299394305
1795441133193183388
1795748442926628878
1795748531736883459
1795778030826307777
1795778543915610612
1795827227856441445
1795837179819913667
1795898431363224033
1795899471902986274
