1838234028568142125
1838234060520390776
1838235333458374998
1838246127335866714
1838251726052184419
1838252003786400242
1838267709395472390
1838278999249744102
1838279440226492861
1838406865492824212
1838406922837332008
1838407151464673676
1838414235241533500
1838443466423963902
1838443540906393798
1838443801381081299
1838445629233639615
1838446016770474091
1838474651145805957
1838477592787325260
1838479949830971511
1838482087147602158
1838484461849305156
1838485755284664384
1838487043774861798
1838503400972984377
1838512993044177277
1838517095912415339
1838517127856206170
1838531554697711722
1838531599664656652
1838531613174698459
1838579143635542078
1838581899339477460
1838581959234142520
1838582464966427058
1838583002994979094
1838599668823134367
1838600153378246728
1838602016236384630
1838603480501559464
1838612460351427035
1838614053368836525
1838614320885739616
1838758232329719827
1838758257097089051
1838758477142823147
1838758542817337844
1838758640322294175
1838759609529450657
