1441334606326755335
1441334663293800448
1441335867415560195
1441356127183065096
1441356316987977730
1441356605522513925
1441356656130945028
1441357259070607364
1441372501582307337
1441372733326049281
1441372774757400591
1441400873729417228
1441403713092931592
1441418010347012097
1441418067205001225
1441418210264240133
1441418634715230215
1441419570988740627
1441420716629323788
1441433234923921419
1441434733523603464
1441578691125923848
1441578730011316235
1441579274150973442
1441579349770063873
1441580322584346625
1441580380763475973
1441580397314260993
1441580971669614593
1441581088866856961
1441581163026337798
1441581305985048576
1441581872543272967
1441590146936164352
1441590186526183427
1441590245217038348
1441590288846241792
1441591243817963520
1441601186759540744
1441603166676533258
1441604636725571585
1441604883933634565
1441605085952315396
1441608901707776002
1441608903821697028
1441611705109270529
1441613849820422157
1441613937636564994
1441618876676993032
1441621974548107264
