1515389230733991936
1515389275243950081
1515548890459951104
1515549918600990726
1515556447849152514
1515564599050838016
1515573059465330689
1515577799045640197
1515579137393520642
1515590097579945985
1515599857813442560
1515600277390659592
1515600541359181828
1515604134069645312
1515604574475735042
1515604715748265989
1515604968060817408
1515607413193420801
1515607747152150531
1515646955418177538
1515665011372294149
1515669405682008064
1515670562336833536
1515670635237998599
1515670713235304455
1515670759020310530
1515670815408529415
1515670841241247750
1515673233235714052
1515674223628283907
1515674242926272512
1515686370941235204
1515689369960693760
1515714118732648449
1515714501823561732
1515726559445155843
1515727391561494528
1515865194001416196
1515877660420833287
1515912471919222788
1515912689452990464
1515913818962272258
1515920899639476226
1515920973887053824
1515921868636946433
1515922042365054976
1515923609361219584
1515926052283228160
1515926094058516480
1515929396024324097
