1500773702975496194
1500774092416647169
1500774453583970306
1500774499503214592
1500783344149495810
1500783486097309699
1500783615999094784
1500784436463685636
1500797694021095425
1500797974355771392
1500824953046056964
1500826026381045760
1500827777666531334
1500829614553579521
1500831544134729729
1500842008264335362
1500849993556447233
1500849996781932548
1500850649109794818
1500851480080703489
1500862097361895424
1500862194749419520
1500862475008622594
1500864737554227202
1500871552719818755
1500914101459238912
1500914627374649344
1500916030813917185
1500919039673384960
1500922207840911360
1500926354887348226
1501048338744954887
1501061073926901766
1501069388211908612
1501084341069561856
1501085597062295553
1501086337143029762
1501087407730749443
1501102647692378114
1501102701740175360
1501105409641578496
1501105412107829250
1501106135767842819
1501107077691088898
1501108446892269570
1501110515896287234
1501110518660345856
1501111850221862912
1501120470133129218
1501123479059709952
