1532649288471564288
1532649307920547841
1532650126531244032
1532650437811134464
1532653331516375040
1532655529251573760
1532655937839779841
1532656936432259073
1532659764399775744
1532660598655229952
1532663017900371968
1532663692348665856
1532666482592653312
1532667644779765760
1532670262629781504
1532670399212728320
1532670437871988736
1532670448978530304
1532670462836506624
1532670491768815616
1532670784619298816
1532675588346875904
1532675607586254849
1532675666428121088
1532675914189795328
1532676003905949696
1532676033870036993
1532676059979608065
1532681188824911872
1532684696567484417
1532708180735967238
1532711010146000896
1532721895853895681
1532744288785772544
1532745363525799936
1532745649262710784
1532747413634486272
1532764001158934528
1532794370545827840
1532802206789169152
1532802394618470400
1532948567161450496
1532951122268151808
1532951544769167360
1532961127415836678
1532981530544353280
1532982931672600576
1532984336336580609
1532985485198381056
1532987258327863297
