1943576209511592005
1943582260290109657
1943589111455191105
1943589542612947008
1943590885381533766
1943592575094657267
1943592906838659077
1943594623865082354
1943595853866045515
1943596740633939989
1943598175396274500
1943599188111233115
1943600091245490632
1943601090944962718
1943601955936366741
1943602989887062525
1943603542347944130
1943603712263614574
1943620303172817381
1943632985632481386
1943642400020410728
1943643929532039638
1943644648695607750
1943645147209535760
1943645579671704055
1943646059260944404
1943646684396834898
1943654899125743875
1943657426470805724
1943658037148856711
1943658219856965638
1943660018491969850
1943665360533614959
1943676559065596014
1943677629250330858
1943677903306105028
1943680088035254371
1943681532540989750
1943683079618343295
1943683968877916264
1943698682488217657
1943714692444434927
1943718044796121118
1943719543030919501
1943719849965809848
1943720535654805870
1943909283084874047
1943927462917747194
1943927657550242222
1943937911235432464
