1439891787804393477
1439891849758478343
1439893359930142726
1439893793847738370
1439897146149376001
1439906250150408195
1439906253967265794
1439965273046405125
1439965313710190602
1439967294902325253
1439970452160409602
1439972907531132928
1439974030094704646
1439975523321405446
1439975746613628931
1439976138588049412
1439978305365504000
1439979249746661380
1439979412951207937
1439979897477206024
1439981519112523778
1439982177215651841
1439982219288739845
1439987271290146821
1439990203104464898
1439991637757865987
1439993716811321350
1440148494874931211
1440160136937422849
1440160279333990406
1440162098898558976
1440162204809003022
1440162264070250498
1440184683099164676
1440194626028072965
1440206572194394122
1440216249506545671
1440217458774659084
1440217728527134725
1440218011017748486
1440218270519283717
1440219427165786113
1440220579022315531
1440220974540988425
1440226404247891973
1440227187135713283
1440227701718089732
1440240427261513736
1440252701653172227
1440254383577391109
