1511254527197863941
1511254974419726339
1511257901842956293
1511257991416524800
1511277230105657352
1511277756243275777
1511290566063292420
1511290629858676738
1511304383761313803
1511344627546267671
1511346940281241603
1511359939804991494
1511534125626249217
1511549120519225345
1511549165687685127
1511549685244514304
1511549737732034563
1511562406601768960
1511575488657235969
1511576746508058631
1511599133161066498
1511612450894155777
1511635663372062722
1511636599494569984
1511653156929044484
1511660793028550656
1511675084158779396
1511678277832044548
1511678394626625537
1511680752362340355
1511681383416352771
1511681968236544008
1511682073563910150
1511688196471492612
1511721812157034500
1511738979494039553
1511739028202467328
1511744154505732098
1511744428666679299
1511744766836637700
1511744788214972419
1511745561153589249
1511753141846708224
1511753189837934592
1511753637349183490
1511753716655079428
1511923038022823937
1511926730428088328
1511935297805701122
1511941214500655106
