1476766017766363138
1476766363435761666
1476767145681768451
1476767300388675592
1476778806807388164
1476779073703604226
1476779140548218881
1476779249319092225
1476781445150507013
1476793911871881216
1476794014850453508
1476802141603778566
1476802147635261445
1476810602160947200
1476813218328690689
1476813551297646595
1476816161731854338
1476816164294561792
1476817775435792385
1476818592234541057
1476820264960753666
1476822435886350338
1476837218471669761
1476839595287347204
1476844294409318402
1476852799962894337
1476866266442858498
1476870049809895424
1476870325241462785
1476872691768430594
1476873111869943810
1476873336743333888
1476881602068160512
1476905112836526086
1476905703470092289
1476906550950125571
1476906596080881664
1476906782450544648
1476906838901678080
1476913273211473921
1476914660515278849
1476914951025430531
1476918126797209601
1476922056054743042
1476922171012227078
1476927765974638596
1476927795544551427
1476936882965647382
1476937109487316996
1476938059262611457
