1456167887341645828
1456167895310815236
1456167908648710145
1456169058785579010
1456185658230198276
1456187981866274819
1456202224686698496
1456202231305306113
1456202744948166666
1456202870118707201
1456204079953109001
1456208686221721600
1456218827520233474
1456219502694187013
1456272248562601996
1456326118999396374
1456326202499772417
1456326241389318148
1456338203359674368
1456349579939508234
1456350668348813330
1456350917360447510
1456475221511131145
1456475391971905541
1456475715075919878
1456485954659643395
1456487087364927488
1456496664760311815
1456496724596330498
1456497068231389184
1456498785022926848
1456498894120964097
1456499067425464326
1456502508856090628
1456504789211115522
1456505096234147840
1456505471334977540
1456506301005975554
1456512075866394628
1456512138428628992
1456532283524063236
1456553551447003139
1456553702693621767
1456568513527566339
1456571405823197195
1456572385696567303
1456582392727187459
1456582505453211654
1456610848445648897
1456611107888455685
