1895372495588642871
1895372656607916110
1895373776835289359
1895375371979382984
1895381900115746981
1895382840038302071
1895384082315649065
1895385631767044497
1895386463287820406
1895386743572168806
1895388102014968221
1895398473610248335
1895405988884394446
1895424840217289093
1895432161353945438
1895468354611351910
1895488386640867520
1895514881128087942
1895522328395849813
1895537012956151959
1895545270504734922
1895545982634668068
1895660724883755041
1895675871027216785
1895677238215131355
1895677273908625806
1895677345052442707
1895677380016161259
1895677405991485518
1895677417706177006
1895677442540642776
1895677474518024477
1895677779229995163
1895677818023133696
1895678321310253307
1895678423626031497
1895679047902110171
1895681342710661367
1895689231374434689
1895705956618760397
1895720945421336977
1895720957555396981
1895720968838115553
1895720981068759289
1895721002665197780
1895721059690889296
1895728940972708059
1895730726915752368
1895737566638588158
1895738845658005522
