1840259035242664153
1840262728922927212
1840279304246083858
1840283689546100812
1840283853279182848
1840292040518647969
1840293670047670728
1840295673817612731
1840295708924227876
1840296453723566345
1840298295572172832
1840299449748467857
1840300193121742889
1840301090874831005
1840311952792305924
1840312830735663478
1840352115035603156
1840353087883530251
1840353199011586434
1840353225527968244
1840353278623654327
1840353519720604131
1840361282337394725
1840362249229423009
1840362865640853797
1840363323478643166
1840364083264225560
1840365219673219213
1840366661213282543
1840367213053636629
1840367265146958151
1840367294788042863
1840367582487937213
1840367613395780037
1840367670962643189
1840371557828268540
1840372379920236871
1840374542121754784
1840377295250317383
1840396245615169974
1840398421124936056
1840398457543991757
1840400682609766749
1840401108168040503
1840402937140699615
1840402942706479282
1840403545130147918
1840411696940114110
1840411711288815937
1840411768452940138
