1419948806402052096
1419955120977027081
1419978928953856002
1419998126392307719
1419998248710787072
1419998390268547072
1420011003652177925
1420053006918291462
1420064360852979715
1420071242292338699
1420087692700766212
1420215413133086720
1420215716012118021
1420227238566383618
1420227306040139776
1420232160418492418
1420256042680610818
1420270055456002053
1420272106760118274
1420276479003271172
1420283121660923906
1420291421378998274
1420295752362856458
1420322602115944448
1420395979694559235
1420397891626045440
1420424115706466308
1420444190119391232
1420618982944481289
1420619241888260096
1420620481196019715
1420620525836005376
1420651135606530048
1420664788800004106
1420664937970421766
1420676483194839040
1420677625052209152
1420692601280233477
1420693466183462917
1420693506465484804
1420693747168268297
1420698129687404544
1420699053034074119
1420700457207431169
1420704782436552707
1420717610656690182
1420718143249338368
1420719047084101633
1420722602549538818
1420724705057665024
