1956647921509937545
1956648015780856039
1956714508044353923
1956714932206252074
1956717517428392075
1956746417978147304
1956747021739815160
1956747210621661425
1956747341068980286
1956763228727345475
1956777057230500162
1956777429865009386
1956887452096012486
1956925694765940916
1956938748865704333
1956939044367258004
1956940561887514918
1956943543781458430
1956944199376625740
1956945057325678782
1956946451961196959
1956955607908634726
1956961833421766866
1956966715222282308
1956980591628284338
1956981104797491227
1956986716142842017
1956987874777407731
1956989442591195367
1956990497291223511
1956991807365284022
1956993564745105691
1957011446514004120
1957026850200252512
1957032119676661866
1957032245677473898
1957032276023464371
1957035593839645084
1957036139669487730
1957050617479991700
1957066017060057135
1957075598397800713
1957075605515567322
1957078413388234819
1957078584289280467
1957078686189990085
1957080533608890643
1957115641967841547
1957116449891434507
1957136443047915788
