1982414586222715115
1982416571055390908
1982427332544770049
1982431734353543314
1982432766164963489
1982437490855395372
1982442822201704518
1982452759317328091
1982452859133362191
1982452921666318664
1982454772092543262
1982461829407518725
1982466206193058168
1982467131439722829
1982663138152780099
1982663165596033442
1982663677171105858
1982685896030998769
1982696745198051478
1982700342010912940
1982713056288526717
1982727831567450617
1982729734095319051
1982731164692668683
1982732321934725365
1982732334127579633
1982732539270942908
1982732568253583683
1982732798093045806
1982732911800635615
1982733678393614555
1982742264389800212
1982747996329758906
1982771159340114402
1982771222204317752
1982812508286230538
1982818617965338971
1982839940108161126
1982865852077854923
1982868146504769585
1983018023222186191
1983032199881556125
1983038495334731914
1983039021321482506
1983079227173024042
1983079415463780826
1983079564827078872
1983081916221059238
1983087386881130977
1983087425670025422
