1978164730293375059
1978189825481310287
1978374098162958396
1978376507572515325
1978376519987654724
1978379363952308224
1978399944403988986
1978406413425684860
1978451612097011777
1978454449338409100
1978454638396666186
1978464875153432985
1978478686312780237
1978485716901572788
1978486002651128204
1978498959082451208
1978504693979742461
1978505417039790121
1978672175755247935
1978674157802975293
1978683886793085321
1978688719956906251
1978690752168223186
1978690759994814898
1978743876060889287
1978747211161952662
1978747870279770158
1978748557864906900
1978748558426935337
1978750014160548338
1978750291559502275
1978751102142259559
1978751291108278616
1978752032891720100
1978754963619610867
1978755057798525147
1978755348975501413
1978788043684454403
1978803250036929022
1978803738250018928
1978804332150583798
1978804590918123784
1978805394647466190
1978810150208131220
1978812562360684573
1978819050219205019
1978819545260339444
1978819656530932177
1978820190604271956
1978820299937272171
