1535579129307099137
1535584633848401920
1535586684980453378
1535587311953424384
1535596267279028224
1535598670178988032
1535604311891136512
1535604639864717313
1535608005097467904
1535609458725769216
1535621015199330304
1535622438461243392
1535625650597687296
1535626062952296448
1535626180422160386
1535626626222157824
1535627153219649536
1535636605888651264
1535637411950043137
1535645178928648192
1535647531270430721
1535650808271818752
1535656664157655040
1535664255218814977
1535667447713660928
1535667481049972736
1535669675631460352
1535685169231065088
1535685189447593985
1535686948983312384
1535687050078617600
1535689405360656384
1535689587959697409
1535704267277086723
1535815121859411969
1535815776862863361
1535817251584364545
1535830887841296385
1535833595373584384
1535834901882499074
1535845115176316928
1535846654393618433
1535851843456475136
1535851846601826305
1535854222365040640
1535856834497880064
1535857158218477568
1535857298706669568
1535859978313277442
1535860032797310976
