1972547491758489912
1972548827623432252
1972567141930156386
1972571284346482763
1972571545496387810
1972571935839285730
1972584259828470020
1972590882886173084
1972591360105664515
1972592233959571600
1972592346211762195
1972592531394498815
1972597282483937487
1972598216844865649
1972598439247859910
1972608782560866620
1972609032872669489
1972698835496341946
1972718102816169994
1972718181002129653
1972870169254072411
1972891298362474752
1972903425580134691
1972904840943862037
1972914173580541956
1972914569854267445
1972920050735792450
1972923096186163557
1972923159172030663
1972924023500951734
1972927226963497100
1972929466117865924
1972929686436303350
1972936875175215163
1972941992503255531
1972946032783991149
1972958622029394037
1972960117806301550
1972961695908716678
1972971517899321350
1972986910571409439
1972986941005349177
1973016860192014800
1973016897387143265
1973017454487150960
1973017507364733224
1973017612016890321
1973017626076143853
1973018065677033686
1973024359339135240
