1801540752327197124
1801540883638325764
1801566424714121257
1801567296449823120
1801568463162589256
1801568515159376337
1801568659409932727
1801568696600560108
1801592608340476026
1801601996862144948
1801602532264874020
1801606992936714439
1801607201062048255
1801618625935380893
1801618747616334200
1801618829161992218
1801618845632795090
1801619816928973227
1801620321411440926
1801621992791281905
1801622156352360881
1801624405375668403
1801627851814539755
1801627971008270479
1801628220456112601
1801628240706212030
1801632612253110481
1801636181723214064
1801636518815219849
1801636940888084733
1801656880533741617
1801682567965643063
1801682670411477127
1801874645303574936
1801905219183272185
1801912545227510218
1801988098026299523
1802003740100112545
1802003760211722314
1802003986490462424
1802004237964267693
1802004546320785681
1802006154760884375
1802006156392419599
1802006199384129707
1802006214458368235
1802006226521199040
1802006244003131800
1802006254367265016
1802006300273856877
