1491309405929095171
1491309445577834496
1491309457753899013
1491309522694324224
1491309542906679296
1491309604273557504
1491309715502280704
1491309740181585924
1491309772398014467
1491309784934797312
1491309857689210885
1491309888823513088
1491309931739611138
1491311575483187200
1491311645653880832
1491311665128042499
1491312318176985088
1491316142555942913
1491320185206501376
1491320284259188737
1491320408477691906
1491320487590633474
1491320541860724740
1491320602766225409
1491320656461729796
1491320699000352773
1491320833369059332
1491320895780306944
1491320939648528391
1491320980249407491
1491321245098741761
1491327026367967233
1491327217514999810
1491327456330272774
1491327578539720706
1491327690045272064
1491327772865998851
1491327853140779008
1491327918655807488
1491327998578274305
1491328012339773441
1491328403831914497
1491328583809507331
1491329257557360640
1491329318945169408
1491329381167661060
1491329519936217091
1491332874381180933
1491332887698087936
1491333087774801923
