1433817751932473344
1433837545486491654
1433848102071377923
1433990855396786177
1434011885704077312
1434030906038120450
1434031890369892355
1434034758435045377
1434037458295951362
1434038964818616322
1434040226968596487
1434041067045744642
1434042685501804553
1434051222793637892
1434063467091095553
1434065713585549319
1434067973023539213
1434114540468277256
1434114543400013832
1434114846845390850
1434115090760933376
1434120293425942531
1434120296202584066
1434123139231870980
1434123846085267471
1434130540504834056
1434131957135204363
1434132188102991873
1434132374267203593
1434132427304161281
1434132882763788297
1434133062753787906
1434134384165081093
1434162293542055942
1434162387611840515
1434162507397021702
1434176628037357568
1434204371709956098
1434205581900869639
1434209450718531585
1434359581824618500
1434375194366283781
1434376356398186498
1434376541794824195
1434382373756358658
1434384385814401024
1434387690363883527
1434389375832395777
1434389678354886658
1434389957360046085
