1992078135698071891
1992081494865781094
1992086931514310690
1992161949459865941
1992180516171419913
1992235935778693124
1992236190049960397
1992246810740687282
1992255119854014811
1992255178221965598
1992256877280084095
1992275816273912165
1992321819257532886
1992322334041276565
1992438070923407688
1992438117366935905
1992438948891938835
1992442468055576598
1992442501601595710
1992442942947221683
1992443226712932818
1992452793882611952
1992452972236955650
1992453269827047557
1992454617549230165
1992526043618705856
1992527067758612969
1992527257022456004
1992539503710638587
1992539739380207656
1992543160375947579
1992543366454858060
1992564022311563551
1992572518260191491
1992584903565905966
1992628082780647713
1992630955853664737
1992631049592184878
1992637228993175674
1992851564520759766
1992852617475797036
1992852810258612227
1992854900779499715
1992855043020866030
1992855092303896862
1992855127028637950
1992860942028468378
1992875908701835611
1992881916044034206
1992890471333724438
