1945492360789364933
1945492849174171788
1945509628894441783
1945521635273978183
1945538602747744764
1945694713857954008
1945724044080541873
1945724756764053912
1945734082190778835
1945734263598670328
1945737299926659489
1945744428640948613
1945756941403525303
1945757415800279104
1945757550135374002
1945758129968263563
1945760086950883431
1945762664505823281
1945763916224577818
1945769634411794661
1945770317718384919
1945772459116171645
1945772505282838626
1945774532226077175
1945787164840906940
1945793506200719732
1945795237500068353
1945801092312551920
1945802089181171794
1945832969144586639
1945834846221451339
1945857920941576534
1945878111498719549
1945984812516626795
1946012247538483359
1946039794854945114
1946050017523057087
1946052116323442911
1946052153971499372
1946055086532149351
1946073300855345493
1946112417030930717
1946112463906419169
1946112487784673472
1946117106623185100
1946118474176024656
1946118706561417401
1946119122837815477
1946119179498615252
1946125138069705049
