1526066624490803201
1526066697048047616
1526067931570147328
1526068356293722112
1526068448018968576
1526074070386999297
1526074134173982720
1526082365080145920
1526091529646768128
1526100371672014849
1526120628570705920
1526120852714291200
1526120899736649728
1526124547271172098
1526124550718889984
1526125769222922240
1526135695781154817
1526142197275697152
1526155783419101186
1526181304047640583
1526428204965060609
1526434742681206784
1526439655939649536
1526453117793222656
1526456596624478210
1526471360255770625
1526473750505717760
1526474096208670720
1526514113668841472
1526514150503251968
1526545837853396993
1526546191114117120
1526546604622479360
1526552724120440832
1526567136378109952
1526567229785255938
1526574418763190274
1526576909265514496
1526582972928798726
1526595863996293121
1526596783077728256
1526596785292320768
1526596786898751493
1526596788442271749
1526596790090604544
1526596791990636544
1526596794150690817
1526596801192935424
1526599398939324417
1526599427061796865
