1483269979466498050
1483270953069342720
1483271018223644672
1483312347938983936
1483324947129057280
1483328153372479491
1483331766924750850
1483333246473863170
1483333327226818560
1483333530168205312
1483351404433444865
1483364175049273350
1483390823928832002
1483449091141304320
1483450522413989889
1483464325763579904
1483490406973120513
1483497837996376066
1483499658999918592
1483500423613132801
1483500861720465410
1483501283126378499
1483627582864388097
1483661900588417028
1483695021245493250
1483697097451143170
1483700340189204485
1483700344127631366
1483702318432681985
1483703816445120512
1483705996694667270
1483710898829422594
1483712233553432579
1483720988831678464
1483732095071813633
1483741499229892610
1483834103313354752
1483837420873207808
1483857765747421184
1483858819994497024
1484047441171476489
1484055096640274436
1484055102097076226
1484059561166503938
1484062845004562432
1484063746293403649
1484066883829907458
1484067056605888514
1484068878481498113
1484097283755233281
