1873764894530802165
1873766555743560006
1873766603760046578
1873766608264437991
1873766834786484725
1873771743287906323
1873893696762241426
1873893721202455013
1873893751858618446
1873911823109664882
1873912041871991071
1873946822936584377
1873964318607499429
1873964329223225671
1873975164645630334
1873976089305112600
1873985344590536853
1873985950562607166
1873993243391910258
1873994368195191219
1874013679106351217
1874013683531342273
1874013688879014371
1874014903679541398
1874017657873432701
1874019735417074001
1874030002229891387
1874032470259359908
1874041103818907870
1874048241861525543
1874048761665905133
1874066717749690624
1874066730085150970
1874066804542427450
1874066828202565783
1874073589139595304
1874073600883626301
1874088578311213416
1874089098291667226
1874125970594320886
1874160035305328988
1874161101128217044
1874163747360825819
1874374630313734511
1874376717663629518
1874377789090230666
1874384821365186947
1874385450812719233
1874385634661687473
1874505543215382756
