1867138394738110716
1867138588409987418
1867140218304004411
1867142023964164219
1867142246728179885
1867142614039818687
1867142628354998557
1867163774186361185
1867174021982564453
1867175931741089918
1867175996673118438
1867194392903352741
1867201559324774650
1867202233848439010
1867205807579992451
1867206261412180444
1867206639314755586
1867223991259214293
1867224205005045958
1867224223913283848
1867224240950247912
1867224253118156824
1867224265759850755
1867224635764617425
1867279740362797534
1867282823608217996
1867283459758338538
1867284097640587700
1867404336818794662
1867420646856069222
1867446272007057846
1867476171773944082
1867477238725423478
1867485237426761942
1867486357096214591
1867487348323496292
1867487740595777818
1867488695206785046
1867488927927742698
1867489218404188166
1867490901993697612
1867491704762466731
1867496669375590635
1867496686379315214
1867496734831845818
1867496802603479397
1867497873249808593
1867498551984673073
1867511967168279024
1867539130365739239
