1613726660121223168
1613763990961946625
1613947343493267456
1614124047947935744
1614159026169974787
1614163791499124737
1614174199928754176
1614271230248648705
1614434818871230464
1614513176711921666
1614543624309727233
1614620221519826947
1614644984971694085
1614855367036653569
1614855372820598790
1614855378424205313
1614855384493326336
1614866976219992067
1614866987305533440
1614866993617989633
1614972542388948995
1615313757613486081
1615605597369688064
1615701617072037889
1616043990662647816
1616113235404681216
1616374044584202241
1616687897700372481
1616804860644708356
1617070421798703105
1617149864160399360
1617378168222150656
1617877043739525127
1618135146972184576
1618165138917593090
1618274043945422848
1618274186354647040
1618490973251833857
1618498092646514688
1618571647874912257
1618847207528214529
1618863096663265280
1619311883609341952
1619602315400613889
1619662283344584710
1619723254725484544
1619936261200035841
1619936309212233728
1619943409514590210
1619957913182953473
