2001586016931770430
2001587011862564892
2001589272491749798
2001589277688504542
2001589283506004053
2001589484840956336
2001590246883185002
2001591145592193354
2001593272754655486
2001622109983023592
2001658676323717601
2001660734728785945
2001661009615032554
2001684814219612514
2001709308678181320
2001709320225067216
2001845211815870793
2001845689433887001
2001855056266825939
2001855428549038295
2001856687976968196
2001895280669761925
2001935621494038736
2001936322379108621
2001950225683055059
2001953211608072490
2001958100522450962
2001965563346923981
2001965588705632653
2001977680082927822
2002000407892258901
2002000521713045869
2002039907813077190
2002059164093501597
2002059199958917586
2002059221899354195
2002227099374153780
2002229471559229881
2002285204434792933
2002287483313435118
2002287649214910470
2002290086646628640
2002297594861793286
2002298256106438960
2002312005122994317
2002317855287820697
2002319662089203820
2002319945699635311
2002320049433186332
2002320401884713468
