1735551736105029636
1735930524219461634
1736298744432443764
1736333042220949573
1736407342231793885
1736616541620506949
1736662877409624219
1736772383141482643
1737008356827832429
1737019180401263093
1737168373363192149
1737849836165267625
1737867096007360850
1738181988526551072
1738513461381083581
1738537930552164415
1738576063020843444
1738801997741212003
1738935591469982090
1739212041897021569
1739551328895221927
1739622069107830860
1739878109288264012
1739948958217322543
1740234329111089390
1740239341883216246
1740724487023374426
1741020942942540223
1741068627699474809
1741120329639174366
1741346845396554154
1741825927389360431
1741869095136702574
1742161192691662989
1742432437207245143
1743166264686915718
1743216019932643704
1743294929944928685
1743511205887766877
1743607743704158230
1743610026517008894
1743692102083756432
1743986076220567682
1744331716012146850
1744546985775095846
1744584931043368967
1744963968236671225
1745422732207312929
1746187615332876314
1746201054453059675
