1908073303958536362
1908074361296195961
1908075391303999911
1908080108851659170
1908112992702783707
1908113489194803312
1908131785306689790
1908147257733530082
1908147283071295508
1908147469730324991
1908171085125726276
1908173074018848865
1908173114841944569
1908173145091006653
1908176840637981146
1908181828919529829
1908184970582982924
1908201491057299828
1908202759674806747
1908343376946028804
1908351606866796783
1908351655902396683
1908377372186787963
1908377439786377448
1908377452742615251
1908378600304501254
1908378707401617674
1908379455237554420
1908380191233016017
1908383694315716621
1908389034260652505
1908395884196360386
1908414714679308639
1908432709510115416
1908472471436525773
1908498069756535005
1908498509877125316
1908500169047584975
1908531082573512715
1908538597768389102
1908549299207889048
1908555353605787924
1908558205531415022
1908569569003733035
1908569587861381520
1908571117884694976
1908571159261478949
1908571783781114351
1908572253224104338
1908572302310064186
