1640352573298442240
1640969580976943105
1641057640141967360
1641066816469626882
1641408143568805888
1641642312274182145
1642136223094566914
1642182188157513735
1642207051903381504
1642768480889098240
1642850976041426944
1642903060530839553
1642923321179377665
1642932128529940481
1642932132451610624
1643167329080193024
1643241234344071174
1643274410407899136
1643274727493079040
1643283713902493698
1643589684113870853
1643628812570173440
1643804834687254528
1643872514173730817
1643939099810861056
1643973180904845320
1643973214941638657
1644008112029044737
1644670673246355458
1644712208251625473
1644954497134006272
1644964106154422272
1645402276629221376
1645402400071745536
1645635242492039168
1645700947245694976
1645797338466897926
1646168692839833607
1646369717899395073
1646385548138024962
1646740074342809600
1646751611866300417
1646780932463161344
1646809525008351232
1647071606072815617
1647137865212772352
1647141243435233281
1647156221974290434
1647194003870470144
1647274046470631425
