1825202952904294712
1825203038014841275
1825206933814452473
1825207771085565971
1825208828306317515
1825209630420558057
1825212024894394586
1825214629213303093
1825215449501782167
1825217019878486031
1825221002533728561
1825230605128274109
1825230647616495822
1825240106195963916
1825376770926784767
1825390255203381634
1825426893518369016
1825427887757086868
1825428992867897381
1825429972351119399
1825431397844349239
1825448165841293660
1825448170555650364
1825449538636710209
1825453698476396974
1825460606071198126
1825460718558167396
1825461086889345040
1825461208398352681
1825461243735318613
1825461847408963793
1825506400614941135
1825520425780359389
1825520470000570782
1825520553631101017
1825520567107322079
1825544037405020663
1825552693345071549
1825552946987422041
1825556210910912849
1825556312912269371
1825556327823007979
1825556336559706354
1825556419200086039
1825556596799488478
1825570247794954536
1825570286756082127
1825587144049438911
1825588373215412711
1825589994267738615
