1851288763718385750
1851290993423008031
1851294040266064103
1851302545739956591
1851304071443161525
1851311945254945014
1851322281727012896
1851331817611411947
1851470158029865449
1851470217278603641
1851492227182108684
1851492264213672027
1851492544313503912
1851492975483720127
1851493086838345827
1851508615460344040
1851514013043069062
1851515489690009636
1851516519735337448
1851517151389126691
1851517367102091379
1851517390082699597
1851517450321383749
1851517506214641846
1851517521926451448
1851522383699439852
1851522412556288404
1851522423419547999
1851523832550703167
1851526797386502599
1851532804405780782
1851535826632495572
1851550748355498407
1851551852275630110
1851561503440474341
1851563445222809877
1851568908433498340
1851570764341768661
1851598573156127118
1851652476061282628
1851655772498960596
1851693577400914045
1851693643490562386
1851828064692637703
1851834264998051858
1851843277173199063
1851899955675328905
1851908766406709313
1851918789438509188
1852002330964541665
