1422216941201100804
1422220132068118530
1422221475545640960
1422232040603144193
1422240554604109831
1422241756880379928
1422242073307090946
1422249398277316645
1422249579831910400
1422249733263794204
1422402792589709314
1422427207108988928
1422430818387992579
1422438621437513729
1422440365676654596
1422442754546622467
1422457798957305858
1422515816755388418
1422515896170422277
1422525107688247298
1422525163598274560
1422551559234330637
1422555242906931203
1422573967932489738
1422578191642681350
1422589290907717639
1422589852743192577
1422590105638760454
1422590510493945858
1422598995960991744
1422607371503693824
1422607451472334851
1422619998783041541
1422770884633264135
1422792399173021696
1422794074965217281
1422807534738362368
1422812524253048833
1422816245200551943
1422819412428554241
1422821511652466693
1422821568711823364
1422821656804868096
1422827384206622723
1422827467958456321
1422836083016966144
1422838695065886724
1422872634371416067
1423110805105512452
1423127036021731328
