1894334442338226650
1894336165450584098
1894337705368281193
1894340855496151321
1894340940757885221
1894341062879314196
1894344148121260429
1894344265544995092
1894344627991581102
1894344841884307684
1894351465000702377
1894351920015577360
1894351974013018614
1894356852571607500
1894357208097591616
1894357418135753157
1894365325548032034
1894366232595632442
1894367187466613060
1894371429904519242
1894386101655408748
1894386148128297345
1894389040385753536
1894403486537973858
1894403496277152088
1894403504846115331
1894409189726064695
1894581238859796641
1894583627872387144
1894614711724917142
1894618703691747692
1894619037222551743
1894619238591017121
1894621950401491375
1894623170378043611
1894663154455777563
1894663575719096746
1894664503499104506
1894673067860701484
1894675407514804457
1894677811211772003
1894679132543254778
1894680451291222216
1894681111092924480
1894682759051772222
1894682799057064007
1894718389945274795
1894724675814506607
1894735335525114142
1894752605433442683
