1795917677656998335
1796024084867772687
1796028339393581529
1796029740714721378
1796031575588491357
1796085495824347500
1796085574291394721
1796086150727172438
1796086291861266689
1796420514149474375
1796421857891221934
1796462948149559789
1796468898880971032
1796472504195899615
1796472566238036053
1796490757551149470
1796567337363226624
1796567454443098203
1796567957696581832
1796568037979799944
1796571527875600794
1796571552840077447
1796571614982861249
1796571855689810114
1796572011193647235
1796572024665747838
1796572038750220364
1796768764496859246
1796773117299507342
1796787193689866597
1796839803419541842
1796840597090873413
1796840841790796040
1796876249887060400
1796910229050831092
1796921109402857892
1796921255402348988
1796926731267551259
1797131755578933485
1797136548666003643
1797151385131393389
1797155852710727777
1797156104742584667
1797157004961816972
1797158084990881843
1797187140172103935
1797249835399090504
1797288259648975104
1797288337251967275
1797289085192847606
