1955298589556830307
1955302704567238803
1955318126473589131
1955324135854268443
1955511100717277523
1955512866318192904
1955517110731571256
1955517415271567691
1955545519595610402
1955548148623081546
1955555160065032275
1955555476147782072
1955555696742965337
1955558187450675271
1955558273941430460
1955559018354946441
1955603453759373561
1955605334384586936
1955621894436405594
1955629165228769761
1955662237475176664
1955665657980404149
1955673300195217896
1955673547222999531
1955673668748804447
1955674100086845927
1955677691996516672
1955684125182173499
1955691831360143641
1955825955689390318
1955898492540559739
1955913738542047625
1955916515867549860
1955922469736595948
1955923762341392509
1955924032370696657
1955930019332809085
1955930491410112850
1955931182623023229
1955932031034253682
1955932781772726282
1955939369862488360
1955943088293339413
1955943456528064564
1955955138998485489
1955955184531857499
1955956510124814448
1955962097390772247
1955979615853535428
1955985391737299161
