1975981260951683476
1975984027766329352
1975993395094184355
1975995499267359238
1976107939745366155
1976108161879900662
1976109043421937835
1976124509855023353
1976124753426731283
1976125773959323716
1976182003218448794
1976200319852749272
1976205954846019657
1976207012057711008
1976208076840587372
1976209716708565487
1976210992024432825
1976212092454642028
1976212929868345640
1976214094475616355
1976215033693503823
1976216635221393918
1976217951020704066
1976219955139051698
1976220965286838780
1976229482102235526
1976233987233415656
1976236673357971784
1976238884796407853
1976258535458586764
1976269958142361765
1976270413572563030
1976300505765933269
1976301921758810310
1976304873768706422
1976340894073881034
1976478390615146675
1976533291126952298
1976534011980943439
1976541517541261393
1976548275215081503
1976551710467219739
1976551944501252149
1976554522563707205
1976554625437512073
1976558825131180299
1976672302655037594
1976677886104162723
1976680066819174710
1976842558396645484
