1936385127141257221
1936386862115156048
1936389201282687185
1936408908735954950
1936421213632659896
1936424044745887964
1936436020431687739
1936438733299196152
1936438802761019705
1936442155528335375
1936442604427903140
1936445665942659154
1936449443714486535
1936449505634947423
1936449563612840123
1936453449786474944
1936456039794430129
1936463693430317553
1936470171872543128
1936480891611779078
1936648420992888879
1936648448549564828
1936652909116309705
1936654288555852105
1936686384754155589
1936686470280171831
1936686527184290053
1936710657392680993
1936713275212968278
1936791581803286969
1936797775301406927
1936802651553010016
1936995006008734115
1937065950119162291
1937072564251291848
1937073690581319881
1937074556839338419
1937076218614141278
1937078072873988601
1937079398664126525
1937080265341608172
1937085954617151617
1937086466938810581
1937090850695311749
1937117630785364067
1937166587318136975
1937166818122334362
1937166936187838783
1937179959493345397
1937203796654108737
