1968638968922022335
1968720032759705769
1968732309957279948
1968858869540503774
1968904516792684977
1968915921235275965
1968942490485981210
1968942931567624390
1968946299576750336
1968953018746884171
1968954123539144867
1968954501391348223
1968955341774930249
1968956467941175724
1968960991334470030
1968963541534232990
1968965661054599574
1968966476783595698
1968967258958356872
1968985324979384323
1968987486664724518
1968994048720482535
1968994686108045558
1969004117977931843
1969004952354771055
1969022089366753676
1969033175029678344
1969052855442002323
1969056855382176020
1969057010915393625
1969074605944938523
1969098240432673023
1969208639652315517
1969239318540530110
1969250033871569264
1969287606275096992
1969292518228439138
1969300568830328908
1969330149134156149
1969330626995372173
1969331190126821837
1969331425225978019
1969331771390271647
1969332200933114143
1969339800357650529
1969348328484717048
1969350229024501897
1969358031021621418
1969363421910220904
1969380327098560805
