1886663987237924946
1886671181274640418
1886693791219724705
1886697065951949111
1886698187735388399
1886699700067426409
1886700473492586521
1886701991742566814
1886703689177686331
1886704558820471204
1886705633946427790
1886707008264659322
1886707039381983287
1886707765965447331
1886720399670677858
1886735845782069261
1886737347141636498
1886737634938032230
1886738318047445346
1886748124527649179
1886749219089998059
1886750453163286690
1886765527890321867
1886765658534453417
1886782093277245571
1886784330326048952
1886790510196728016
1886840011590656093
1886840999152124404
1886852473077575747
1886853098230178237
1886853199715516855
1886973341187367256
1887012721243091437
1887021678892343444
1887027417534910469
1887032169098309821
1887049318898491666
1887056158353232300
1887057077685592464
1887057751001489823
1887076537440297057
1887076581056938391
1887100437427577198
1887107778402984340
1887107930815692942
1887108781026279622
1887108880661913735
1887108902732365889
1887109191287914870
