2013144765815201978
2013167816279757079
2013170452466974812
2013174363210821645
2013174873477275726
2013174939424296992
2013220197981917258
2013221217873150436
2013273807872757860
2013291901534036188
2013292517140128094
2013458396570361925
2013484092726423837
2013491114049970431
2013511937158717479
2013518146250915910
2013552439216218181
2013553588006723634
2013554271493726282
2013624785302102505
2013630626679923193
2013632712582799593
2013665094228390261
2013671920223518762
2013820194721014212
2013820304213319714
2013820911644729606
2013820962051891689
2013821035607474520
2013821096840327497
2013822245018435797
2013884248785330256
2013889624192524713
2013896028387451199
2013896746099974317
2013897570993504454
2013898366061621458
2013898748275957982
2013899133120348361
2013899496384798772
2013900432272453759
2013902374923096212
2013923321382060333
2013963959666086308
2013963984047939629
2013964035033801020
2013975422405599372
2013975966952120759
2013978359727108478
2013983607715738098
