1507443913187074049
1507444255056625665
1507444277441605634
1507444572733214721
1507444693814374400
1507444719202496512
1507452171318546432
1507461611295977478
1507461760810471430
1507570355199967236
1507570461840146439
1507570514415730688
1507577438297296897
1507618023473319941
1507618154926985216
1507628838771068931
1507628846132043776
1507635228428611587
1507635526496514048
1507636819030016001
1507641522077851649
1507650451574976512
1507653814119063553
1507658309305741312
1507658522883809282
1507658548477513728
1507659128721719301
1507661458150092803
1507661548717707265
1507661756054659074
1507661792889085952
1507665429598248966
1507675018880503815
1507684226623107075
1507689579909844996
1507689582858407945
1507690677433380864
1507690681082339333
1507691736931336197
1507692843162165249
1507692845687140357
1507694570410164229
1507736049048440834
1507738554952126467
1507739587178741763
1507739590697754626
1507740414828167170
1507744465917661184
1507744468828450819
1507745674548297728
