1814571431906455766
1814573853831799294
1814576372888842428
1814579004680380468
1814579697017368660
1814595320052859053
1814642995263906246
1814666317074735391
1814675846181101861
1814690793879196005
1814690814896865457
1814690845511086492
1814691613157044648
1814763758662644035
1814766770387128652
1814828032839872765
1814884602277998747
1814895982716354916
1814977637632397740
1815005169484005498
1815025986364219641
1815026092337471840
1815045850806231168
1815087728155140272
1815250034516222024
1815283695697510584
1815284587737895184
1815285978606825885
1815286944064233958
1815288210777620824
1815314331996967016
1815315326323888170
1815338982823391536
1815342022041202821
1815342121622380815
1815343231322017923
1815343391401705882
1815343742666301944
1815344654042439943
1815344702251757978
1815345610058576333
1815380096032629002
1815387141867712520
1815388272433955161
1815413090847953038
1815413436395688442
1815413457229066655
1815413486320554155
1815413870288085231
1815420003518124470
