1903010102866743524
1903016399045620044
1903017273616634331
1903017288850346271
1903018546948608433
1903018696798347531
1903031853055086726
1903051286519636098
1903053904071512153
1903090755327103104
1903102359846420860
1903115093107482829
1903116196339388459
1903122623850299854
1903122814938570995
1903123195005374917
1903123769180426299
1903136861247414448
1903137122128912413
1903145230301532249
1903168518893473908
1903291980412801371
1903293086358442330
1903296168655982796
1903298169854890301
1903300926363898178
1903301417743331451
1903303459392328090
1903326544598274314
1903326856277004594
1903327109499458001
1903327154034892853
1903327643388584439
1903327979150991692
1903339124435849549
1903342556533936159
1903343986980352026
1903344245249020407
1903345076744622495
1903345182243971114
1903345208198377925
1903345859397554614
1903345915345223769
1903345931774472312
1903345955929293138
1903345978230308977
1903346634127446518
1903347207593750851
1903348096861638871
1903348466195042434
