1955987559236108777
1955992380227903643
1955992829861486912
1956002221948330443
1956006409725698152
1956006461521219976
1956022370331976152
1956039600906129587
1956047015705763967
1956047067660607653
1956047099826725335
1956047121976844419
1956158903609115020
1956167627510046908
1956168669068976606
1956186393291710777
1956189658658099697
1956201994059964846
1956210522686443753
1956213062979236119
1956214104802386303
1956214120510054605
1956220809850294447
1956223837160529984
1956226848934748614
1956227307791675477
1956228410860060697
1956229209183150295
1956229998970593556
1956230894077010392
1956232871666180426
1956234422157824413
1956235277732557213
1956235424139010279
1956236400237687214
1956237170890694955
1956238222884749480
1956240447736541645
1956243684753875441
1956243688834638233
1956243693616140667
1956245550438690911
1956245866916061569
1956246486393741691
1956246626777096536
1956248300681879692
1956251951454097872
1956253070519636063
1956253273264152888
1956254102062817368
