1539123265091907592
1539124473105981441
1539125177254039552
1539130557510332416
1539151356019126272
1539152022049460224
1539180677584678912
1539180834275504128
1539181260664209409
1539181663258677248
1539181701921878016
1539181722092249088
1539183007558344705
1539183367651926017
1539190903453413377
1539191667999535104
1539198618237739011
1539198799440011264
1539208542418137090
1539208894500593665
1539229066959949824
1539230375070662657
1539231254960218114
1539231641406775298
1539251775043162118
1539255038664900609
1539267246908125184
1539293194101268481
1539293215060217856
1539307954293178373
1539308230249021440
1539308667454992384
1539308693019275266
1539308910628065280
1539443693920215041
1539488541469577218
1539488925894397952
1539489015484669952
1539494241528795136
1539494386995671042
1539495359990272000
1539504327970402305
1539507627860054018
1539516925897674753
1539526569936310272
1539543488156815361
1539543605777678338
1539543679463202817
1539543712086528001
1539543881137942528
