1899720293226311712
1899732087516909968
1899733039896482028
1899733516604354931
1899733771047608758
1899733817038176464
1899733988866244790
1899734015869100403
1899734777596633386
1899737087483469834
1899745275574616210
1899745882167447960
1899775188482556054
1899800272479875224
1899803381004489019
1899827197529251948
1899833942318235665
1899846335517593702
1899846832848847126
1899850602450190703
1899850622364795171
1899852169752486175
1899852234508382316
1899853134220157376
1899871536460554616
1899873571578826856
1899873990963061138
1899874147255411158
1899877256694260019
1899877576094695591
1899878092509950400
1900012757719933168
1900045757258035406
1900045998359183529
1900054013334479180
1900055780935741726
1900056496777691371
1900065500690055212
1900065528267628582
1900065642050707891
1900065676229759358
1900066033626485112
1900066122499833913
1900070778147922284
1900085320198328677
1900086023251489265
1900090856801263770
1900091568687644887
1900092013552230492
1900093620520415541
