1987215711576727924
1987216054750486891
1987216603717750802
1987218738744303808
1987218797024190848
1987218900208263480
1987223504862003217
1987223974464659669
1987224141561536804
1987225589196202499
1987383208170954952
1987383491739402427
1987383996603576411
1987385878864679362
1987386225586823470
1987391304901497247
1987393336840495440
1987393384768806981
1987394283809481201
1987395275682726054
1987400004559139015
1987402044655931597
1987406308598030412
1987406449170145414
1987409097260433866
1987410502650315046
1987414058400948729
1987414085529661572
1987419334386594025
1987419464435208562
1987422718866956498
1987423608243912877
1987426721273127134
1987428973329121492
1987434986656727410
1987465019353923696
1987475504056995846
1987475528706896169
1987480162003513688
1987481231676805386
1987481614264492310
1987481698016297414
1987482340676006162
1987483307953828266
1987566899719467423
1987690419841572944
1987732234787570032
1987732698618868041
1987732742537372116
1987733112479224301
