1479654312141672448
1479662349350883333
1479662822271315971
1479663102018736128
1479663146373582848
1479663400925814784
1479663693197500417
1479663985771175937
1479664158316449796
1479681899802943491
1479693349548224514
1479705950760017921
1479712618189234177
1479714703894990848
1479715729943384064
1479717954442780672
1479720232662941697
1479721560181071872
1479721577230987267
1479722742823804929
1479724571158724608
1479732137192398853
1479732293082046466
1479732311474130949
1479750602213056513
1479750809642434560
1479751211851018240
1479751367233183744
1479751425232019461
1479780260241575936
1479787093819723776
1479787100530569216
1479787105648017417
1479792863856586756
1479794217283063810
1479795621909303299
1479797365435371521
1479810852882505729
1479810975737921540
1479811290293882880
1479811321721884672
1479812971559677953
1479813341329563652
1479824549336150017
1479824830941708289
1479824852924067842
1479824899489161216
1479824941260304387
1479824975477411841
1479825125432197124
