1821092700415807753
1821094453064401330
1821094656546918653
1821094975121096876
1821095301735743923
1821096524354384026
1821097147653075442
1821098665852784811
1821102684725764390
1821102814543638618
1821104793005248537
1821123433561993432
1821123512947626437
1821123768938631224
1821126216432148910
1821147246618182045
1821147432887185568
1821149160655265824
1821149162941095946
1821149400779120743
1821150219058475276
1821152177769083110
1821171377547641191
1821181039546691624
1821182823459614779
1821200835889787338
1821200867992928301
1821201371435282634
1821201503199097173
1821201586338853026
1821201643377238202
1821231711054970993
1821232092199711202
1821232707885834284
1821233289060876661
1821248090554122347
1821248761609453979
1821428511904518349
1821435625481945092
1821438418053644380
1821438447741006281
1821441600255348952
1821441648661872671
1821441681633206567
1821441889523917012
1821445483484922293
1821446283472884036
1821459952600338718
1821460581905269233
1821460852433695046
