1690971601452548096
1691004616111190016
1691046467446992896
1691066038400815104
1691066912208523264
1691088051378790402
1691337323676626944
1691358153966051330
1691366508872826880
1692037280809287872
1692206797338341454
1692232274983747708
1692449098715316604
1692460672062562472
1692771290447589599
1692780560270475539
1693263968062886242
1694330248232669302
1694347327576887542
1694380407733817829
1694392813834969528
1694718118860607830
1694763951756824588
1694893014580375949
1694986086777594206
1695323629104632091
1695326705223959017
1695671919583088748
1695770574314950990
1695787178960515253
1696054176529424668
1696091178746482987
1696336360389607452
1696792178805330393
1696815265269633399
1697058429494513682
1697101258472169525
1697107552075755776
1697585879085445169
1697810545012080866
1698191894965350777
1698260372166451583
1698304409300791740
1698509338871030157
1698531226959954128
1698983692818157905
1699693316949057569
1699842829072364016
1700382616871137548
1700708832060850354
