1839130389828481044
1839138564803539255
1839141983303917620
1839142025234366909
1839149177974173698
1839176702338990119
1839176731669721152
1839181137513431538
1839181294246256872
1839183379461271555
1839183630150545519
1839184298483790077
1839184501949206948
1839184789368353190
1839188960058147284
1839189284013711496
1839211405779828979
1839231887333531777
1839239108717105589
1839240305154883960
1839240369206071627
1839288305684459762
1839292733200150714
1839314315268207010
1839334760520491354
1839339663192170574
1839339796977832441
1839339864527081643
1839484698793238714
1839508033220616338
1839509070773993826
1839533401709170865
1839540808006926659
1839567327542821266
1839568669736644771
1839569035932962908
1839570580242358595
1839572778288365848
1839574526792991230
1839583196285108535
1839583294247321733
1839584637187949030
1839585102231142696
1839586063230361839
1839586327974588680
1839587234921775571
1839589980647403642
1839589985399558522
1839591435248566465
1839591962363511102
