1396668646668181509
1396669239986049024
1396669264493375488
1396669284038811650
1396670055979491328
1396670388403204096
1396679971142213635
1396735393630928896
1396736087402373120
1396743248287211521
1396760241123971072
1396778649408262151
1396780447892262914
1396782997618135043
1396783488704016393
1396783737203875841
1396783930657828865
1396784493592080384
1396784831694995459
1396785054089564168
1396866362480365569
1396884630863683584
1396892075581317123
1396893050564071424
1396893361139712002
1397011435989864449
1397012816972812289
1397023866476634112
1397024294454980609
1397024439800270850
1397060351452016641
1397075474166128641
1397075677157888000
1397082349167280128
1397082442704453632
1397106356507709443
1397111708649287681
1397116619839610881
1397157106495590402
1397168575836659713
1397170260344664068
1397171536369393670
1397176285076492294
1397176458275999752
1397176483869708300
1397179541936766981
1397179986432299015
1397180253164904455
1397181530594848782
1397182136705290248
