1531524913311322112
1531526742623498241
1531527978429317120
1531530475042263040
1531531707090104320
1531532729388392448
1531536155941842944
1531537629493460992
1531537683826106368
1531538171410157568
1531538417116295169
1531539369768910848
1531539506939080704
1531540799254450177
1531543377509904384
1531544900608503809
1531548621262684160
1531553662639624192
1531554833290866688
1531555117010300928
1531568469753274368
1531570210318086144
1531586863491756037
1531587345756983297
1531587501109878785
1531588028711305216
1531594013547327490
1531594410995388417
1531594744228638720
1531594925829390336
1531595214791790599
1531595244239978496
1531595272039858176
1531598925618024449
1531599133940756481
1531602450045890560
1531602739939385344
1531607708553875456
1531623244444205056
1531635709911904257
1531636022014005249
1531641423199879168
1531641449154236416
1531641498152103942
1531658300252893185
1531658498681245696
1531673608379981826
1531687607918133248
1531808438921330688
1531820323334950913
