1911420115234550054
1911453913775042807
1911454062463025400
1911454077969461362
1911454342797746653
1911461260077543619
1911464122534810103
1911483018713182597
1911483092444884998
1911484710175564260
1911488946648887636
1911647642938912777
1911650021654561002
1911657997115306196
1911695385787285684
1911695405714178160
1911697412936126478
1911699166734012421
1911702719653425315
1911703377030897823
1911704744399454493
1911705816618483807
1911707189552488923
1911708021710856541
1911709973006192837
1911710923871420749
1911712056044138943
1911712981794300376
1911714047315104120
1911732835855089930
1911738640792793148
1911741388716204100
1911749997760049360
1911781362438152342
1911783092815323160
1911789300959555640
1911800247480725703
1911810433193005241
1911818937857417547
1911846541465428007
1911851029559451730
1911987728482205902
1911988255370960927
1912006929154728033
1912007282667516315
1912007627388727770
1912007760675586545
1912010456828657831
1912017585211838758
1912017621639192717
