1961074048152347076
1961095216578138407
1961304199041560666
1961304979349680410
1961331530749428163
1961333642279751760
1961335405619679490
1961341599407083928
1961347098491982208
1961347401387520307
1961351251662180665
1961358261862711770
1961381243247022387
1961383011250774313
1961383739646480549
1961402926158811591
1961418107081347578
1961458558186422364
1961458907425247335
1961468933795623014
1961485464449560885
1961639358991405285
1961655120774525182
1961686947023245530
1961687237906596234
1961690572831576550
1961690715102359960
1961691696946917454
1961693282435789023
1961694435110261166
1961694816108183951
1961696361294041398
1961726785114231087
1961728283248312385
1961729214136394000
1961747081938481525
1961755353625846159
1961777551908667794
1961781627673072078
1961827824547049969
1961830348872200664
1961830366828016116
1961830444376441322
1961830590845702305
1961850176399892626
1961867325323575366
1961867945422074097
1961867960165040592
1961867986069065837
1961930173361926222
