1530564628370948097
1530564670100082690
1530565633196167170
1530566323918426112
1530581779178229761
1530581915635679232
1530582046204370944
1530582327340179456
1530586721447858176
1530590016040144898
1530754517419311105
1530787118184026112
1530788703823572992
1530789656773935106
1530822262089084928
1530822320956157952
1530822450891567104
1530825251168210944
1530830439392620544
1530836734556053504
1530859261102010368
1530859404547227648
1530859512424726528
1530859557710229504
1530862470554095621
1530920488976781312
1530923282244939778
1530978819322298368
1530987503800688640
1531094945884385280
1531095528078880769
1531097899890712576
1531119868845920256
1531137546217848832
1531138403802415104
1531141423981948928
1531147384809353217
1531168968714559490
1531169788914896896
1531171328144777217
1531171357806825472
1531179682414022656
1531179728324898816
1531184118834159616
1531184124035100672
1531188839359819777
1531189577423040512
1531206406191591425
1531208336032485377
1531208339912130562
