1441622149983178756
1441623965693210625
1441632414091018246
1441632786624827392
1441644601077497861
1441646221190332417
1441659198232694785
1441659199780376579
1441660272863678470
1441661076496478214
1441662753530208261
1441665210780053508
1441666665335312390
1441676872480219139
1441677173945823238
1441678504546877444
1441699907992113162
1441757554267226112
1441758528742457352
1441758737971048454
1441759032729952256
1441761168855425028
1441762531157045260
1441764575066537988
1441767256770297859
1441771315648614412
1441771367741804548
1441777057688539136
1441786338282377219
1441791608534364164
1441798615425454088
1441803826227384327
1441807866864619523
1441962991730057220
1441963048747470857
1441963609463033858
1441963916150460420
1441963932273430528
1441963966289244165
1441964026460729347
1441972131844091906
1441973510243454977
1442011168546062337
1442012636619493384
1442016814578364431
1442019791217127434
1442020608951209984
1442026590750142468
1442053026487828480
1442073207117209617
