1892487202116124686
1892489390133329982
1892491338441965917
1892498619191751149
1892501565883175051
1892501765003833517
1892502313614397600
1892502728741364002
1892503172075114576
1892503786989740306
1892506111363645585
1892509756033519660
1892509783061622920
1892544063846363264
1892553794044436914
1892554356605489226
1892560854714896700
1892561712366457143
1892578275311980702
1892587367220875759
1892589953147928646
1892604263232123151
1892614980610228450
1892645563855684011
1892652984665878874
1892748574464593978
1892757721390145945
1892761261789618599
1892761532951412753
1892761592128811291
1892761747225706731
1892761866599875013
1892761988142366900
1892762000096207129
1892763675787702529
1892771969076252912
1892772975046258937
1892781409074557074
1892783705187635235
1892783802155749838
1892787616254202019
1892788011714417129
1892791142053208456
1892791190992670841
1892791400552661377
1892796249880813868
1892796678031421919
1892796724864831763
1892797457589031175
1892822583634264376
