1903349021340762367
1903349542507921811
1903350715017465874
1903351638469013851
1903351655015583941
1903361615451639892
1903362162720206851
1903364461756391623
1903367872472326467
1903368099061178811
1903368179377930474
1903368297770533246
1903368366339072429
1903368393937375731
1903370177451823408
1903378457775735219
1903378687472669060
1903379184912859450
1903379277040800184
1903379620717818107
1903383179719045358
1903383657370591554
1903383686231605622
1903383772092895291
1903384356724584867
1903388103857053822
1903389201070260653
1903403816164151486
1903409792640860233
1903411098424062450
1903412353842200860
1903412726027977023
1903415236155388035
1903416225440677909
1903420011227598868
1903420031679312070
1903424204583907419
1903426816179912739
1903426825755492830
1903426879899529615
1903427914101821906
1903427946859417808
1903427971630948665
1903436587851231523
1903442264422301951
1903442998467461469
1903443333617471814
1903447101851545670
1903448434524483940
1903454599832555822
