1459052458550841352
1459052604084744192
1459052616927760388
1459054741036552194
1459056023142944770
1459059796653445123
1459061932619493377
1459063736778452996
1459065432959176707
1459066707197063169
1459076434035560448
1459080300621754369
1459081043475001345
1459081197535985671
1459083373322727431
1459083685743906826
1459084121402003464
1459085572094316550
1459087923656073219
1459088850832150532
1459091538416267266
1459094634362073091
1459094902470418436
1459094998738112524
1459095372941316099
1459097049236865024
1459101158841085952
1459173172289277954
1459173419409235969
1459173685550477317
1459173728592424965
1459173786364776450
1459354362539495426
1459358718559096835
1459359268142940163
1459359569260396548
1459359738043383813
1459370886641770502
1459371159707795456
1459372885626081288
1459372904353726464
1459376277035438081
1459382732115480580
1459388222564286468
1459390196818931714
1459400335890522114
1459401508454346755
1459415272046034946
1459419701373595650
1459420739438661636
