1926963743667142840
1926964025226645764
1926967996578214114
1926994176031215941
1927005519862014252
1927015810402295863
1927041520110109086
1927214148753948823
1927214163052380165
1927218770012946779
1927259470607810679
1927259483295682680
1927288885559669149
1927295493899526185
1927301216020672622
1927302533724172462
1927304889392152721
1927307932095418628
1927309275312820350
1927310672305541396
1927312046749520261
1927317887401828734
1927327136781623731
1927353413999718538
1927353562675171758
1927354089253314809
1927357372860674340
1927376744249438227
1927388947383980455
1927388978073698496
1927401446305112477
1927620309923856821
1927622638018416739
1927625773105737870
1927626026613670007
1927626101863653594
1927637132715135457
1927637354493460778
1927637547640893934
1927638024667492631
1927640096682979709
1927640100965589303
1927642097156325665
1927643729902313566
1927645438150340897
1927649063572254828
1927649829821530614
1927659256712733108
1927661286747168855
1927661459086991620
