1493956004513718272
1493957708273561604
1493959610625302529
1493961677213417473
1493964858177769477
1493965686992867331
1493965841691725826
1493966408434450434
1493972549856038913
1493988293175767043
1493988355087818753
1493988398591139841
1493988463439269891
1493988683296350214
1493990677897564161
1493991440526888963
1493991993365524480
1494016555343966208
1494021080553787392
1494021184937402369
1494021202914217984
1494164703320604675
1494202362252361728
1494210841222447106
1494213822051086336
1494215155307380739
1494230422116790273
1494230718998024193
1494233904337027072
1494244499903578113
1494260229399519234
1494269993004929028
1494271062892511232
1494275276754210821
1494275797909061633
1494277133736165378
1494277215021768710
1494277308823195654
1494277360534757377
1494277416507699201
1494277626357190663
1494277730837225473
1494284980905656323
1494287165705969664
1494294679944572929
1494295377767723009
1494303195111526400
1494322995179188226
1494326062050058247
1494350429479530502
