1461967555891920896
1461968939324305413
1461969186171674629
1461970606065274889
1461976622865735683
1461977105848147970
1461978896665042946
1461990097293697033
1461990226620928000
1461990651176706049
1462001116523089920
1462006701293379587
1462007104378605572
1462007627525681155
1462012720128028678
1462016414760402952
1462023290944249856
1462023564719132676
1462023622621417478
1462024966434484230
1462038338441924610
1462042124522721281
1462050969160540160
1462051801776070657
1462054936166887427
1462055152672653322
1462055166849392644
1462055376526790663
1462069487893504005
1462071835466473479
1462071836972236800
1462073868235902982
1462075215077208064
1462075706695839745
1462075927966351364
1462077004774195208
1462077758704553986
1462078391197175811
1462082715033821185
1462083277464866820
1462083378988011532
1462083799651475457
1462086767301984257
1462089236702654469
1462092957247369218
1462096723300421632
1462102869855793155
1462105123119714306
1462105173854015494
1462129749468188678
