1700728283623838196
1701884860619714578
1702183587158864184
1702198620169396374
1702587751345049608
1704025679569002650
1704185156872065217
1704718025327583289
1704763824640012703
1705391106366820523
1705447965031337998
1705525176480530574
1706503315553661335
1707305029714284935
1708850812871675977
1709253443029004632
1709458957725737424
1709820887061639295
1710328362273804714
1710888147431895457
1711295571326378020
1712016911465394197
1712140058277581202
1712726001397194850
1713045410540040494
1713226254738977065
1713421582629032087
1713455962340925570
1713820139475685637
1715012336707313731
1715614801991545083
1715629416083341616
1715635363912569281
1716439278543397194
1716727365794152761
1717801535403676158
1717874245689331738
1718172266255790427
1718681782890201581
1719166558428422211
1719348561291387194
1720685172683911367
1720743626265755918
1721166404291088556
1721818978660864354
1721860013990326419
1723293764465414613
1723322331060375619
1724768231456739535
1725159591850176694
