1997747011903500448
1997747100650746319
1997747958834758017
1997748156621361347
1997929101148213660
1997944236474601613
1997944919269498961
1997945843459178502
1997946571607151036
1997947202858348892
1997948262343487778
1997948300440588570
1997953093607231555
1997953119322583073
1997954614675767703
1997976952817516962
1997983187398778909
1998099633588113444
1998221701478502486
1998233802142003656
1998233867396993395
1998234033604714786
1998266553578795318
1998274480507097089
1998274959161082243
1998303479450959987
1998327030946173063
1998357716805546378
1998450276152528953
1998451467687178398
1998451540420612243
1998601821162709495
1998601941014950045
1998604818269802815
1998656137605116098
1998669147560145206
1998669993509269638
1998670675314429953
1998671226634646012
1998674096998224081
1998687383076659218
1998713188297146723
1998713410369012192
1998733226458886160
1998773384608624661
1998803039831175553
1998837273685799329
1998949069063074132
1998958646848532963
1998976996689559950
