1488069120067514369
1488072505328029699
1488084444011384835
1488163975623708673
1488164041344581638
1488165104579342337
1488169760197988352
1488172639030243331
1488187562166714370
1488187611231309824
1488187877259624453
1488193908290904064
1488194060460654595
1488199650947760136
1488310597179809792
1488329689181528066
1488332711458590720
1488338322527498240
1488346720262311939
1488419689231310848
1488421586428325888
1488421713477963777
1488439596878757892
1488449079474819073
1488454719760584708
1488455578624020483
1488488499183763457
1488488516418162689
1488496464879755264
1488496619217506305
1488500245151752203
1488502110602014728
1488502823067484160
1488502839383302145
1488502980479389699
1488509333247721473
1488518321775734784
1488524590578298886
1488528653361336320
1488550778801299457
1488552706335977476
1488770962871164928
1488792486436696064
1488796738995777537
1488806265572651013
1488806340931702787
1488806695375495168
1488814680701239296
1488815365429751811
1488831054601687041
