1503659375365296129
1503659766203121670
1503660055488466949
1503704458470952966
1503717228193075207
1503717317825351684
1503717759892426753
1503717786954002436
1503717819690627077
1503728389559304193
1503728461663600642
1503732060288339968
1503732528057835520
1503734405638266881
1503748445840023569
1503758769242755082
1503768388048351232
1503768390753607683
1503778178744999938
1503779908681539591
1503781070629924864
1503787611957051392
1503910932686147586
1503939455014490112
1503940354193559555
1503943067111354368
1503958300517298176
1503994343597940736
1503997274321395712
1503997278612197376
1503998002255388673
1503998047579418626
1503998155129757696
1503998515050995712
1504009893329571841
1504022646631010305
1504029423796113413
1504031583703289858
1504031588170211333
1504033426365906949
1504035530446901248
1504035534968332289
1504036577118687234
1504037721744240644
1504039447385772035
1504040338478223363
1504041295471587332
1504047861541273606
1504049236153073666
1504055416451637253
