1833127733074821321
1833127819343175756
1833127877149122596
1833127902801531120
1833163300890120419
1833165144656163217
1833198069564727772
1833198098371182600
1833282803582079266
1833317787030458492
1833329502128132219
1833330563966754912
1833331859066941880
1833331874728435786
1833343765953589759
1833346165351358727
1833354340985118946
1833354418785304670
1833354579032838620
1833355039332610479
1833355057636503985
1833365987933999127
1833367900209762424
1833369199286362134
1833370722435273004
1833373628429111494
1833373647936848121
1833373811305037967
1833374654620131427
1833374702271668340
1833374727693353260
1833492436473061675
1833492745664770347
1833492827382186269
1833492865684496671
1833497345037627686
1833507411640127523
1833507442413736177
1833518760466010445
1833520050801938618
1833520910134878595
1833528211520770239
1833531085109821450
1833531131779813856
1833531271294947642
1833563590076326265
1833563617721258103
1833563809711329286
1833563846474154192
1833563963742962138
