1909802446798610531
1909807741880692830
1909807906783928456
1909807941030420786
1909808007824679264
1909829191010304042
1909865115492471017
1909876889080001006
1909877621237645447
1909878952589513163
1909879950397632837
1909885517593792552
1909886243648700606
1909887561318752614
1909890042585022467
1909891263991603248
1909892491026878901
1909892633377333266
1909893726261948818
1909896439896908170
1909898830566334509
1909904116865785938
1909913293336330692
1909949705259204933
1909957685664973280
1909974832881742037
1909991988272750618
1909995993124548950
1909996023457423860
1910017128498974870
1910050148782047268
1910174676065693842
1910174718658756698
1910177948642037786
1910207592120394000
1910207622650745150
1910207717571961332
1910208654239813953
1910227941205696602
1910229628100264404
1910230417711440260
1910230524133625986
1910230921497698583
1910239019876708512
1910241261090406536
1910242511886369255
1910257775457833383
1910258171249050093
1910258293529858454
1910268442092982495
