1912870234987655469
1912872241865589219
1912876812855812549
1912881120003363131
1912885606168072429
1912886468869325136
1912886491984044506
1912895312194412983
1913080711801618493
1913080835793727600
1913080992190837152
1913081032464876028
1913081078669361626
1913101371378925652
1913101441985646649
1913102231446127097
1913103507827425713
1913103535404957878
1913103703608787121
1913117570074566908
1913122607794364426
1913124361701364105
1913126006598017034
1913133986701812126
1913136425933132121
1913136694356058175
1913136717357621453
1913140276513604094
1913140286244720721
1913140301792715012
1913156368196149503
1913157944708886528
1913159319706652910
1913161079313907809
1913162162828460231
1913166600376639891
1913166606559302029
1913166612330586467
1913166617581850707
1913171575077056834
1913191647481073997
1913192123450470876
1913197050705137694
1913207328444440977
1913212956760002581
1913229202306007358
1913234499246473382
1913235274731307462
1913235290661015686
1913236642435088582
