1930557473464987957
1930557737605476468
1930560464737776004
1930568544028156152
1930570624801636803
1930589825595486408
1930592251220255126
1930592322862952703
1930600089577558133
1930651675578225045
1930651723087142991
1930677396304478587
1930679709769322651
1930681967127003476
1930840912357470348
1930863329792446546
1930863917049561408
1930875021968478450
1930888991513161837
1930889018700611632
1930900087506612226
1930901208321139147
1930902009034789239
1930904150889710079
1930905467800461551
1930905574067351564
1930906654629126494
1930908662962475309
1930908802653814933
1930908986569842820
1930910151869083857
1930961989444194787
1931185274874376593
1931194542323322947
1931227112314417563
1931227287456014468
1931227372315156505
1931227695570166271
1931240567595467066
1931240578290978895
1931240611295727618
1931241674144981174
1931256210562662463
1931261090505371653
1931261786617205044
1931269254827163819
1931269276025160003
1931275077552894168
1931275933782286674
1931279398948470964
