1503288376283504640
1503289578563989506
1503291702425309184
1503291705134845956
1503294525166735360
1503294792104816640
1503294804050219010
1503296045136379906
1503297538765783041
1503301199407489028
1503301274800128000
1503329837108588552
1503332939438108675
1503334518455152649
1503339395075940352
1503340456914337801
1503350443136942080
1503353826245750787
1503354110342762498
1503358258022879234
1503358315937824768
1503358823981260802
1503358888447725575
1503369918338637826
1503397304794984453
1503398069739855872
1503399618310459396
1503399622236344321
1503400999859683330
1503401006818033664
1503405803234988036
1503408299336560640
1503603984422285313
1503604012004036609
1503605695991934976
1503625336856412160
1503626245581389827
1503638861066383360
1503644805145907201
1503644808098721795
1503646190289649664
1503650465287876609
1503650468957880323
1503650471881306118
1503652525995528192
1503653486914809856
1503653575422988288
1503655639309946881
1503655645488111619
1503659351713615876
