1944749848579789274
1944751652445257942
1944758906338873669
1944759137889595479
1944760995437482470
1944761331338395729
1944766726765506926
1944814617970270718
1944873918327873556
1944874190005526623
1944875063465116125
1944899859355463767
1944900259215216848
1944901966569640182
1944906215999594601
1944912536421150869
1944912823219351665
1944928652019298523
1944971300901990431
1944971318375669967
1944971407340748839
1944971871243620422
1944972078362583410
1944978839504855253
1944979102856798572
1944979582831989147
1944979798671192139
1944982809678111144
1944986697931829671
1945002602707513688
1945002657774551429
1945002946334220663
1945002961286857137
1945003038386565388
1945003242691145808
1945008741012660400
1945008770821607736
1945021566288584831
1945026951615537581
1945027460384391481
1945027632870854834
1945027651984388403
1945034635106300255
1945038012037128618
1945039591427465548
1945040865015026025
1945041500255244431
1945042587582091427
1945047905867588048
1945050823177674962
