1845400603700363319
1845478931823984989
1845490906222276901
1845499892782813456
1845750899391521235
1845755013353648544
1845869210016059826
1845871783376732290
1845884772448719284
1845886180895666301
1845887573191020713
1845887642916757524
1845919557887950895
1845928013915214244
1846030235344474406
1846034730212380773
1846200545318785037
1846201583807160762
1846201623011643621
1846231139264221452
1846245526167343212
1846247753363456501
1846400811217154385
1846463520377897272
1846463977515033048
1846474344685502834
1846521178514461139
1846762017849307429
1846769355964796987
1846779150360555979
1846808103301591159
1846844032283992268
1846969143301382258
1847209304945746200
1847231135597961296
1847245575684817318
1847273006478823435
1847273060019081679
1847274109798854657
1847320207414718609
1847321952924684567
1847336280952066496
1847336300065558810
1847534046945169877
1847565698320498753
1847587565752156475
1847587618155897035
1847587635050512385
1847587694295076884
1847587847487869072
