1461533105638940672
1461535534057066496
1461535668526407688
1461536507995439112
1461546417407680514
1461547839603953671
1461547936769216515
1461548086824607745
1461548809650016258
1461564984576544770
1461564986786934792
1461568150005174279
1461569448372965376
1461570539290443776
1461570541953847297
1461570544462032896
1461575405060558849
1461577842236420102
1461578511085277186
1461585318340005888
1461589891112837124
1461591940055502848
1461600353380487172
1461600405683519489
1461600565721329665
1461600664199385088
1461600733946527744
1461600835096383490
1461603126696288259
1461606718895316992
1461606905902632963
1461611457347391490
1461611484992061445
1461611570400690179
1461611666370555905
1461611737434640386
1461611886223392773
1461612177362538496
1461612277199564801
1461612428739813377
1461612546507505667
1461612696080576516
1461613887531282438
1461613930657181697
1461614181002579970
1461617290705653764
1461618893818982403
1461630649672994816
1461641776716910593
1461641957126541319
