2015004263576220014
2015006187235000432
2015006296802812252
2015006527107784888
2015013018489573641
2015013746994040898
2015014357437120909
2015014441914716326
2015040732067979511
2015048354364002314
2015048394683904378
2015062936063291834
2015062989322486008
2015071437946855439
2015093754005426443
2015115911984996782
2015116134996201945
2015123130776539595
2015231897518158310
2015292941426950467
2015294279611306430
2015294492216340918
2015309628918338019
2015309675508736023
2015348274262409234
2015353316587499971
2015353936300171389
2015355801410633852
2015356092298281025
2015358670964695327
2015411904999838034
2015414677740933475
2015415760508858875
2015437574878417036
2015437598488216043
2015440191750857170
2015440290178564454
2015455112333037984
2015456608873238861
2015461693741297763
2015462183812137099
2015480644328182258
2015480783809757375
2015485793192853900
2015504838323478720
2015505238267228262
2015603126905250300
2015612615540806051
2015612691940081845
2015613652620230687
