1865307827155406874
1865309849053229396
1865311357413036340
1865329483861176741
1865336481658667464
1865336857522753640
1865390601987838007
1865432827925295278
1865449081130066142
1865479406220726754
1865479420388991308
1865479430480572417
1865479479960748049
1865731707057394122
1865736857876828245
1865791341483151750
1865791656278233223
1865801690160763058
1865968896970568100
1865987640048210299
1866007447913333167
1866023576811471252
1866025700345733584
1866043507917406373
1866056641436696818
1866058128330248574
1866060470249267272
1866060866904580443
1866064053744845241
1866067240006861188
1866106229208051894
1866110031919194366
1866115933062021359
1866116901325443342
1866117530999201961
1866117559050744106
1866120509060231527
1866153034243514390
1866209948218147078
1866210030103429440
1866210039318352175
1866334062350406117
1866341928117109245
1866359109412339970
1866372649217343494
1866385104362508459
1866403803605742004
1866434067748778060
1866445598884536502
1866457022180532247
