1940020069162992008
1940020943159537897
1940021168976617744
1940025111811428372
1940030888982847697
1940031265366847649
1940031342437077169
1940031637028577730
1940031999571284286
1940034625730224477
1940039608466583796
1940039726351745486
1940041308967674336
1940041728775319977
1940044199233310986
1940044206476861718
1940051377520353525
1940052793903001724
1940059185305047320
1940059952292536479
1940061485604229433
1940061554143285489
1940070284377395485
1940070341109588141
1940075018547061019
1940081282911789380
1940081573635744097
1940230869320376645
1940245804947853559
1940314563788120430
1940314729500876875
1940318242142331057
1940322528976937053
1940329242375680143
1940329641467888109
1940333012052574367
1940336106001870930
1940369078612611406
1940382555771125911
1940400839400824847
1940463828841415123
1940611424822198701
1940620460682891479
1940633720450699597
1940660739204960294
1940692004150890633
1940693603065405638
1940694295981510999
1940694872526410154
1940695621494562857
