1490195167978012673
1490202330146357253
1490204932485513218
1490207535135014919
1490208234287734784
1490210830868414464
1490210848421597184
1490216267810103297
1490227872078131206
1490229799398551552
1490256937606426625
1490261608140050434
1490287465025789954
1490299546257457153
1490310525049536513
1490310760362549249
1490311070766215174
1490311132967763969
1490311417136041984
1490332285500936201
1490336225022349312
1490336389594255368
1490336467771887619
1490336505604489221
1490336746336563212
1490337091410366467
1490337805327036418
1490338150006554629
1490338281372160001
1490338302268157956
1490338493880729601
1490372894714904576
1490382037475532800
1490540971456864256
1490541908728643587
1490542425643053057
1490554285658349568
1490554607617331204
1490567329125900288
1490577162776477696
1490577201359900672
1490578531541463040
1490578677566152705
1490578821464354818
1490579777379790849
1490582667594584066
1490585769140166657
1490585772147511297
1490587207891324931
1490588939346124800
