1797600983599775978
1797601049630708178
1797601084804096466
1797601119847555125
1797601177116557472
1797601190617977321
1797601211723792843
1797601221135728679
1797601234599502039
1797601252433592827
1797601261694702078
1797601301070790982
1797601309467844988
1797601322319159326
1797601351251481021
1797601366267081007
1797601393450295562
1797601412387586352
1797601423406125543
1797601441181466997
1797632108187545929
1797632120736956501
1797632152932434175
1797632186365190511
1797632205822599539
1797632220942971213
1797632294657888693
1797632357882814827
1797632377692598491
1797632431815786922
1797633247050133842
1797633415761809429
1797635050768674956
1797639264659992894
1797639579966882086
1797639738935201862
1797665158518784090
1797669586084737329
1797669701168050386
1797669740410024158
1797669856168583562
1797669878348095623
1797669907188084932
1797669959767887874
1797670078194078127
1797670165066420308
1797670180455415995
1797683892541100104
1797685721102524473
1797685885817000409
