2006233111999439179
2006240053165695482
2006258435411829066
2006262272185037274
2006281474119721020
2006286770040975646
2006303044762484904
2006307442607677658
2006315915743572148
2006316567517393354
2006322985876214205
2006324726713770488
2006339680443457584
2006357171265773992
2006362224529703102
2006363311206789273
2006371483401240891
2006371693351383504
2006372651946983804
2006372688701567273
2006372800085578169
2006377996031332787
2006432672415953367
2006609966527033600
2006621549546320316
2006621619326992656
2006622186342367660
2006637853489639812
2006646145783836966
2006646337731969077
2006656138276950475
2006656859080712486
2006657405313233217
2006658026686792032
2006658810820411752
2006659811044466919
2006660602526355855
2006661384080339073
2006666564150636873
2006715316676796658
2006752018560610399
2006757758021021954
2006758062519136684
2006767221364895769
2006785353483694230
2006983258513486102
2007013848260210728
2007090942915015104
2007099032821444707
2007113312446947354
