1522915668462505984
1522917773051015168
1522921473068847104
1522927715309199364
1522927761027125250
1522927789338669059
1522936049827127297
1522938676275126274
1522938715768639488
1522938741832122368
1522941491550720007
1522953210691870720
1522953708124147712
1522953865573720064
1522955331944747009
1522956335049961472
1522956381631909888
1522970473679572994
1522972195995422720
1522972249015582720
1522972441060208640
1522972770493026305
1522972825589805058
1522972909450317825
1522973015788589056
1523012137592844288
1523012157754863616
1523012570684133377
1523012605371031553
1523012933353041920
1523013857261723648
1523182748055138305
1523187014236991488
1523188906165891072
1523215293408956417
1523215299620732928
1523238288643227648
1523287384447590403
1523300335644602369
1523325322812280839
1523325622545645573
1523325832088854529
1523520968617914369
1523541073963851776
1523541079416471552
1523544752490041344
1523544757502238720
1523557028832063491
1523561940361965568
1523563734769160193
