1470302237314277383
1470302296424681475
1470318544931876866
1470326330113675264
1470344347308617728
1470344423254888453
1470344460164730885
1470344512044093442
1470351661738594304
1470352204145913860
1470354181047283712
1470411850357481479
1470411874663473163
1470439709759324165
1470556547054915585
1470561569465536515
1470587787820683269
1470591416996823042
1470591421807693831
1470627921702256641
1470628588583997441
1470650109218066433
1470650115681488902
1470663712016982016
1470671669467308035
1470673631915036672
1470675313503862786
1470675369325858819
1470675410643939328
1470675771584704512
1470676059016216577
1470715817545240577
1470717668495802370
1470718022209785859
1470718030787137537
1470718039251316742
1470720602952507400
1470747941073608712
1470751136483213316
1470754542845247491
1470766876812877829
1470775967819964419
1470795789710467080
1470814700501753861
1470815462124441603
1470817039199588353
1470817104370626561
1470817134041190402
1470948465102311426
1470950808074129411
