1481543805581279235
1481544701505568768
1481558541773287427
1481588539360161798
1481588601221947395
1481588821817180161
1481613808636665856
1481613884071215108
1481615327104757762
1481616369271853063
1481620964635217921
1481626412373389317
1481627971220033537
1481628045543092227
1481628119178301443
1481628205836808193
1481631112380432384
1481678358761336832
1481679674333798401
1481680098214707200
1481682599571759105
1481684018529996800
1481686793095610368
1481686812779487233
1481686835491635204
1481688918584336387
1481688989212250115
1481690012895031298
1481692436519075841
1481814139119226882
1481814148195713025
1481816831492980738
1481835738144460802
1481835958131560448
1481839866480508929
1481841563026087938
1481842131471765504
1481842874161700866
1481842882646781952
1481864858731937798
1481867536912498690
1481868060432953345
1481870695294697472
1481873099998265347
1481950937195626497
1482016953510207493
1482017847878434817
1482176267437109248
1482178203926286340
1482182430421229568
