1388345697838141441
1388349886697918468
1388359995050192897
1388363131970228226
1388363208893730817
1388363228254654469
1388363292377161732
1388364356069445632
1388368613590003718
1388373157698957312
1388373943757643779
1388373976653516800
1388374053837152258
1388374684748587009
1388375219857883136
1388375341882699780
1388375476712873990
1388375621936455682
1388376401305235456
1388376420892639238
1388376533258031104
1388406038605402113
1388406375122837506
1388419745628577794
1388436357563834371
1388460718236729344
1388514589818593286
1388518183653445638
1388532607202205702
1388647882803220482
1388774198500155397
1388829920734990336
1388833853532381184
1388834424570056706
1388835232925851650
1388835750179901447
1388836264976211976
1388836979329089537
1388837768365805572
1388838334370287618
1388838730165800966
1388839388067602437
1388839798182395906
1388840221421174785
1388840771894140929
1388841078942437376
1388841329711480832
1388841731030806530
1388842476727803906
1388842797889818625
