1887855630356234365
1887856159299961275
1887864898857619483
1887866335818080703
1887876077416050957
1887880925394108813
1887881128809484415
1887918091142611362
1887919050510029168
1887919540224336227
1887923045697831207
1888120886672396313
1888127630559543613
1888127920402747771
1888128021401596325
1888128110069199254
1888132615053697432
1888133062271365404
1888133876670943708
1888135511610700135
1888195097562583551
1888197424210124956
1888197438327885985
1888202823487394172
1888202844387610888
1888206012701925428
1888208854254821648
1888210198155972947
1888232892939354552
1888232904293298576
1888232947020665055
1888232986052882593
1888233372348194926
1888239149347721667
1888253176454975516
1888253204095537581
1888255259031523778
1888255304166453491
1888255408038441042
1888448578089349549
1888449482062434651
1888451912560775562
1888456543169081572
1888459271484129718
1888459604624912646
1888459709608591540
1888459734224654602
1888459803300671907
1888468764158759322
1888471642453799332
