1844005081727086912
1844005222718603538
1844005324124266804
1844005345355833823
1844005845581099372
1844034312108454117
1844034963987210583
1844035195516944788
1844046921368850649
1844057870486425903
1844058857993273362
1844088218297524440
1844130475088240848
1844130486257582216
1844130498513338780
1844130509905068455
1844186776136520191
1844187781855064435
1844206996637221346
1844207042241888572
1844209782313583075
1844237303990149222
1844237525529018497
1844259621772591568
1844260145435639945
1844260232886968610
1844261524552233258
1844274719098388650
1844292946759184394
1844306867889082869
1844306940031316382
1844306975699632469
1844310301677846609
1844335669726081365
1844739604127101230
1844752303821033704
1844756829735154023
1844758437571313827
1844759501972668830
1844763719105954081
1844794054397342079
1844953184948600988
1844958851755307185
1844997493060239514
1844997509405426135
1844998945996472395
1845310954617045470
1845388173163085915
1845396723486818590
1845398912938410355
