1793602300034023889
1793608763590717920
1793609378354139583
1793638050293280842
1793645426165309664
1793645972595372164
1793649998027948217
1793654526781821371
1793654611326443721
1793697931222266173
1793841364163289574
1793892151316959609
1793892184489697505
1793898857082061180
1793902330230034463
1793920054796636600
1793920380379537672
1793920416899346608
1793926724855730375
1793926783236292753
1793989947273404740
1793990246566330613
1793992673981874203
1793993586490691833
1793993617335599216
1794070896778301536
1794075003417158058
1794076505833893985
1794232455102407129
1794246230048141367
1794253125647495300
1794256366401642515
1794265531157217455
1794266904057762101
1794352757132190141
1794361983636296115
1794374791899885596
1794374866701107348
1794396419329315288
1794397379963371692
1794406054224424983
1794406408647233928
1794407883528188392
1794589748151111954
1794592778267283894
1794607385090150860
1794624346675437747
1794626934749753374
1794629479480062442
1794638800439959888
