1470973510407229442
1470998704156905477
1471000291554201602
1471018887315550212
1471020839248093185
1471022471402770432
1471024767234805761
1471024770208595969
1471025880432459778
1471025982588944385
1471026792878067714
1471042912108482567
1471049261366185985
1471063056243322881
1471063533236338691
1471080978370396162
1471080981138268162
1471133531971612675
1471133715191369735
1471133843226722307
1471133933823619076
1471134669315842061
1471145686041169921
1471146568845651969
1471285004529373187
1471285429328433154
1471296360951398402
1471297187631886337
1471299563432525826
1471299832723607555
1471299995655553025
1471311703786749954
1471313918333100032
1471318579744165888
1471320317100388352
1471322648609099778
1471341110463062016
1471341114120572931
1471348136127852544
1471348594976296962
1471349131700412427
1471349560639324161
1471352777620160513
1471353936137228288
1471355008125849602
1471356343151783939
1471357447310766080
1471357450334789632
1471358176557551617
1471358393738616837
