1961960882314805339
1961990157357490472
1962054071629824322
1962054139179119089
1962054177477271727
1962103656532046192
1962175349657403533
1962323269627105602
1962349583251751315
1962350907611598860
1962351613001273559
1962353378115326142
1962353399472787783
1962353429369753850
1962383178687275419
1962387428733547002
1962387441865916643
1962392877822366049
1962393026007056389
1962393862087004325
1962394903272714255
1962395069757170171
1962395111616381391
1962395349722734866
1962398976847532380
1962399977285575016
1962400577217798554
1962418838819225856
1962460422193447348
1962466144427929989
1962500367742373960
1962514416630681901
1962545457852485696
1962555430980464759
1962555456792252513
1962556618547384686
1962557039970058436
1962557762925400215
1962559257808949750
1962559964486238309
1962560744819696030
1962584814974099892
1962628070269177904
1962685657790456071
1962689396727287933
1962733722152706211
1962733986985251311
1962734535252058584
1962748260860166170
1962763052396511556
