1517758997327413251
1517759958787694592
1517760051951566853
1517762110713122816
1517764274923651073
1517766068747763713
1517769000776007680
1517769003674275840
1517770421390962688
1517771243084476416
1517774201750401024
1517787804998062081
1517787807833415680
1517788452476964864
1517788455132041216
1517793504222924800
1517813778280493056
1517823877434712064
1517825704670285824
1517827684729901056
1517835666536931330
1517858229908164608
1517862362115866625
1517864491484327936
1517890923375763458
1517890995366805504
1517891320878362624
1517908352218824704
1517910677603909632
1517910744687595521
1517913621594271744
1518095135313383424
1518111022476787712
1518111174037975040
1518123434508955649
1518127903690477568
1518151275657187328
1518152943249555457
1518183905416806402
1518198154012749824
1518211273590448128
1518215233466437632
1518215634709929984
1518240089230307328
1518240308248543233
1518241675658756096
1518296457253912577
1518307344471707648
1518307396514648064
1518307442962145281
