1872361987566633159
1872362113030885606
1872362164423700555
1872568103936078253
1872569212381925408
1872572598326055208
1872582480932532310
1872589581633405292
1872589828212285900
1872589856079290879
1872699220429537631
1872699306656055777
1872700078592541118
1872700753523212402
1872873700116316432
1872877982555205801
1872885088050135384
1872907398312235013
1872922022663340105
1872989105576943716
1872992048498069681
1873022018406449603
1873044580318494925
1873088562960449607
1873088635278639477
1873088708033069562
1873227546952909139
1873277614816936000
1873284477432279047
1873288756532531324
1873289084833345743
1873289895353217490
1873290524943364334
1873295057727721785
1873335240787153368
1873345793014575391
1873357892608299123
1873359007416451178
1873360035398537557
1873364545550365085
1873365061642932249
1873365567354425403
1873369126686867848
1873380158855327889
1873387944662188164
1873389489638567936
1873389514804326553
1873389536748949907
1873405301866610742
1873408191759036612
