1874505671653351532
1874505716846997675
1874510466288115831
1874511870608257160
1874719607677952087
1874720472866390032
1874742706213449962
1874759626190942519
1874770903751430415
1874806354042663375
1874814725760176585
1874818691789201835
1874820519515877684
1874886053229924630
1875031130250129454
1875031181999394999
1875031193827287376
1875097929398292483
1875131390523740468
1875160043823452662
1875160064543343054
1875160206092669249
1875160255971356853
1875160273696530877
1875202643255341478
1875238517808451929
1875238644560388491
1875396089005945106
1875459792648728998
1875460429406990368
1875461094661316891
1875461722242478217
1875465304119374122
1875465382624162171
1875473466771812553
1875488657400066131
1875502856285122608
1875503094030856500
1875523543078978001
1875534491701408094
1875539987422437595
1875540545831153871
1875579334737719657
1875579354153152611
1875579653949419816
1875590031924248976
1875770247409701109
1875770817403089202
1875777245807309158
1875777464355713053
