1866477887186243702
1866477910049091729
1866477936565748103
1866481759585751279
1866482068542153199
1866482634857357354
1866483267878182979
1866514436233810103
1866710131515461888
1866721407645913313
1866729689857003627
1866733982593003707
1866734048447734241
1866734097911124438
1866763781948444807
1866797529419092107
1866849486351507592
1866863610473091169
1866863715561418926
1866869449015312717
1866876877316510071
1866907261823766864
1866907303863026118
1866908680077398263
1866926953288061230
1866926980459037001
1867041683923431896
1867042669815570607
1867051613715857890
1867052225412968593
1867065596728533144
1867093066047427059
1867095468213236031
1867112230757535759
1867122897581748610
1867123227928969386
1867123240130490830
1867123263987687545
1867123268198834272
1867123503255744567
1867125558984974760
1867125571790278912
1867129943123214551
1867131627681484887
1867133489478520879
1867134391203303756
1867134716203110831
1867134741188645042
1867135145511440392
1867136320109203693
