1527177517991604224
1527185395716599808
1527185415194951680
1527185428411195394
1527185439437864961
1527185697358360576
1527185743751581696
1527185811531513856
1527185837536219137
1527186001210544128
1527186089710333953
1527186221952208897
1527186246808010752
1527201090969579521
1527201097361727488
1527202765373833216
1527226260513951744
1527227034379771905
1527231363673272320
1527231365426446336
1527235062516764674
1527244349003935745
1527247678350184448
1527248073696899072
1527249199221604352
1527275284730241024
1527281775789019137
1527294283715252226
1527294306637479936
1527296863254106116
1527297440323280898
1527307982706397184
1527309825444499456
1527310621699502080
1527324994594025472
1527355408805171200
1527356282474491905
1527358589865644035
1527359291413319681
1527486249153736706
1527486365872824320
1527486599071956993
1527487077838897152
1527487108885417984
1527493995584098305
1527498669762564096
1527503678428413953
1527509235478671360
1527509815744167936
1527510021038256128
