1434390585578860544
1434401811155218432
1434402130027106307
1434402610778279936
1434403511395971080
1434406138804461570
1434443654941196290
1434450494999568389
1434450582350139394
1434451122744266752
1434452754307506179
1434518078411272192
1434523335728066560
1434527797758738432
1434527869774884869
1434528723697426434
1434534028040826881
1434716775547953159
1434733737632174080
1434734449489420290
1434755901819293696
1434758506855362562
1434760964126035974
1434762760227745801
1434765411204014084
1434767641680306177
1434769589120823297
1434771222844219396
1434774299139661830
1434780839485661185
1434829496817881090
1434829792805732354
1434830134180155396
1434830576314302467
1434879531848921092
1434888713792675841
1434891466791264258
1434893871423492098
1434894973082603523
1434898146794999811
1434898511779168259
1434899442134499329
1434903014737801224
1434904028983349249
1434904237381591051
1434906287670587400
1434907204222550017
1434918451458416640
1434920118765572099
1434934444763140098
