1468636733306654723
1468638911828090881
1468639501194915847
1468640770164867072
1468640887173369857
1468641152433750021
1468641428641181700
1468648546060550144
1468648572883070979
1468768236300685314
1468814324873400321
1468819458420473858
1468824041762934786
1468833491252957185
1468843006497214467
1468844021200011268
1468846195954966528
1468847068987150338
1468853827159740421
1468853829672128513
1468891858109546497
1468892523120582657
1468903348279463939
1468906894366445569
1468963603415900176
1468969196469964819
1469153999370665984
1469164901113290753
1469184928990388224
1469188513878843394
1469188738416734213
1469188811234054145
1469188919530962949
1469188965244669956
1469193424347623429
1469194362810626051
1469195758083530755
1469197241084637185
1469198476730781701
1469200514571071491
1469201129015705607
1469201871365558272
1469204830950359043
1469204834607775744
1469206347405152257
1469209142841659395
1469209145723158528
1469217397017960449
1469225442930409472
1469225897911742464
