1828018184789614798
1828033939782426946
1828033985735528594
1828034078206992525
1828034984332193828
1828036508710015108
1828043822514733315
1828044272844579283
1828048478800351446
1828048555774292237
1828048977993875675
1828052145192501504
1828052939572650197
1828093461498896830
1828113769081278955
1828142234937823397
1828230525691072881
1828230855992471569
1828231301608153227
1828325658893918242
1828326818522501485
1828334748512420293
1828339459777311042
1828344460524011570
1828344489104085485
1828344657757024511
1828350687798776269
1828356335232339980
1828395625916047584
1828395903671247003
1828431953860649229
1828435561750708236
1828440356406415576
1828451314193363055
1828454063811219789
1828455789788323968
1828468143054061628
1828469577296080977
1828471007457276182
1828471512338231455
1828475366576468462
1828475393831248145
1828482268144509357
1828489212532015302
1828551611876040706
1828551836854559026
1828552016026837331
1828552115486089300
1828552201192554686
1828552227507609736
