1491815051946504193
1491818555624796161
1491819256627220481
1491819400604921862
1491819661507567616
1491820060960509955
1491836154131644417
1491836342548205568
1491836549016989696
1491836620689276928
1491841654554521601
1491841672472559616
1491841841477881856
1491842677356515328
1491842687141826560
1491842699443736576
1491842747564978176
1491842783799541761
1491842880008519684
1491842924736565249
1491846260021927936
1491855027149078529
1491857851626622977
1491858163150188544
1491961700454596609
1491965427861229570
1491994235754586113
1491998645784576000
1491999009720127488
1492006315199463424
1492011252671213570
1492013505591279616
1492018729210712064
1492026652796518401
1492027364045635585
1492027596070354945
1492033925258309633
1492037189018206209
1492037194391101440
1492040454153830401
1492040466002771971
1492040495417401345
1492062787069116416
1492064994158333954
1492064999044710402
1492066068143415297
1492066074933997571
1492102147055714305
1492134926715867138
1492145976857210882
