2017539859590877406
2017540773424873702
2017542144693850240
2017543792530715011
2017545273611063607
2017545322718007758
2017546208215241099
2017547294229639670
2017547299598279001
2017547974029766945
2017548076282761498
2017548161347363185
2017548187960271134
2017548231241306479
2017548982306935087
2017549495501041780
2017580581681565885
2017608040032428348
2017621440586256449
2017644843686891720
2017644955934806159
2017645333279617303
2017805782381957441
2017805908445986884
2017820477197300200
2017822048136139212
2017826113536594047
2017826613363413476
2017828530017735046
2017831275785003138
2017872545664700494
2017891258811974106
2017896700451672084
2017897118783115322
2017897126785900881
2017897518915612863
2017897535822782949
2017897544500789748
2017931295565947176
2017948933662925158
2017948983042429341
2017959393808302404
2017963670131900707
2017964213860487234
2018203784384823751
2018242846642655437
2018242873075044428
2018247260044468642
2018281245986463891
2018299871477059997
