1895806241622102054
1895806249259975093
1895811983972458606
1895812086288302246
1895821171654082983
1895835818742403109
1895837941886546176
1895838216282128532
1895838785105248378
1895842899117662683
1895843190286286981
1895843361971716395
1895843494692077788
1895853416343355419
1895872600003526926
1895908343182434757
1895908593423303146
1896029877184438355
1896064653152960610
1896081486383821088
1896081651270369459
1896083286096851128
1896083587386261723
1896088191431762017
1896099221520203841
1896100360005304824
1896100661873238050
1896101192062877850
1896102787722985848
1896108216158765562
1896112512887853551
1896112547016950041
1896112591380082895
1896115764299485626
1896123316269973923
1896128553131053066
1896128588619162016
1896157195135516727
1896161061306290416
1896168394522837468
1896169378263232831
1896169497155010961
1896180269805363591
1896203148018303356
1896262684271931784
1896393848043249741
1896394440845185508
1896418856278929450
1896420452966555671
1896456587956416600
