1551452876643631105
1551461879478120448
1551461883945046016
1551464624029323264
1551545227659595778
1551577126700167168
1551756962056253440
1551803222012346368
1551825541606813697
1551830150018646016
1551830721710665728
1551831645556453381
1551832604454055937
1551833645702586368
1551848353981292544
1551849553892032512
1551887415283191808
1551918709291491330
1551926896274948097
1551929042026258435
1551950816008777728
1551950829480919040
1551972007176069121
1552001462460649472
1552142382472523776
1552145307148091393
1552148947762036736
1552171294640439296
1552172391916539904
1552174739111944194
1552178005862420481
1552179667377192960
1552185380715503616
1552185719606906880
1552202944124030976
1552208870311084034
1552224559780462592
1552232703940268032
1552259074334412800
1552260549211471872
1552276986667888640
1552284079256584194
1552284683081490432
1552292694722244608
1552292701806407681
1552303573169770496
1552319830724071424
1552321584165421056
1552324448971550720
1552339380991193088
