1498241852411383809
1498254344067510276
1498254497646211080
1498254774398980099
1498254813301121026
1498255504245604357
1498255566509993984
1498255578245722115
1498258847722782723
1498259175591518211
1498259669554728960
1498261038625529856
1498261432877543427
1498264984555458560
1498267015567462405
1498267266621657091
1498269954465955848
1498271676722679808
1498278475152916486
1498279925048315904
1498281945318703104
1498282402468495366
1498287785455005701
1498288730834370560
1498296222989250569
1498296227967815681
1498296236369084416
1498305771112525825
1498305778729451528
1498305995365179393
1498314003914711044
1498314011112132609
1498314024001310721
1498326798945615874
1498326816037441536
1498327068924203008
1498327100431863808
1498327236482519042
1498327301863268356
1498327434260746250
1498331419579346946
1498331475988520964
1498331680062332930
1498333283372859392
1498333301337059328
1498333345289150468
1498333363144323077
1498333514890039296
1498333601712144385
1498334906862080006
