1898299970526081393
1898300366456057908
1898301425324880139
1898301665142595848
1898302020291047482
1898303276749345144
1898304574152409138
1898305192384499947
1898307094689767607
1898307438832427511
1898317911569137999
1898317952497135693
1898318030330851838
1898348679343538297
1898365554169114814
1898365567494406334
1898365863033516439
1898365881610051889
1898365904729022692
1898387250443845698
1898391656753189177
1898391959128981732
1898393213188145302
1898394032679559462
1898395064188968987
1898397175429603515
1898398820485976349
1898401372833296768
1898412559331373411
1898414686657478683
1898414694031147204
1898419659537322115
1898419673944719465
1898420025985265776
1898420060256866751
1898420083703107622
1898420403694924197
1898420537107321011
1898420890997506502
1898434919157907602
1898435177833246819
1898435280798896197
1898437316135501924
1898442935596908714
1898443084628975919
1898577381729992926
1898609052784975938
1898629651200901391
1898653356283007355
1898653462440894889
