1870084809944641584
1870084894967390219
1870101553723650267
1870136238008873162
1870137162899042364
1870139085177925703
1870371682978000922
1870371706503913607
1870377836194009513
1870391113296793851
1870392602803265568
1870418588613685443
1870418889169113413
1870432091915399202
1870513965853491412
1870515743793775094
1870704546420523170
1870705417497825717
1870717904163045532
1870724374292226558
1870728103791899123
1870728338417057797
1870728488250183927
1870728504733831331
1870728630734913898
1870729952322040259
1870731183925219367
1870732201748296108
1870732585753882855
1870739569643344273
1870745898915123486
1870753547085873322
1870754027153277041
1870754044794564955
1870754065342460102
1870810182378238362
1870812952728576358
1870853903870464193
1870875648786386945
1870893022361337892
1870893117051982331
1871080719856161201
1871082701794824588
1871100270060703909
1871102055017812264
1871103317054529845
1871105125969711519
1871106965830783316
1871108701794287831
1871110481945260351
