1478566567696732161
1478580794423533568
1478615368356614144
1478623256097615873
1478623853160976385
1478626034861838336
1478628367305826307
1478632532140720131
1478632650877259778
1478642297931632642
1478642333646159872
1478642600567402496
1478677895799214080
1478678475099627522
1478678482146054148
1478678488311758848
1478678493538177027
1478683540493459457
1478690544008105985
1478692288242978817
1478695231058952194
1478721878302728195
1478732199725703173
1478747311995953152
1478747997760475137
1478752539499589638
1478753783999983621
1478758051377139714
1478767202333462531
1478767832980594689
1478786635617607683
1478923111101714432
1478923541517012993
1478961253435404290
1478966442938617857
1478983336164880389
1478986101247283200
1478989372766572552
1478989375862018048
1478992912146862084
1478993490700914692
1478995795407822848
1478998872026349568
1478999015052046336
1479002280787468289
1479002393777897472
1479025134975344640
1479034257464967170
1479036669252620288
1479047199342292994
