1803672909711610051
1803675185327083592
1803676526719934619
1803688048644989164
1803688464325763262
1803691617154658760
1803691772419125629
1803693900080750817
1803694999139451186
1803695180513751516
1803698910575423576
1803723771486069059
1803724008036454428
1803777749032804533
1803780230357889258
1803780256848859545
1803780428173893635
1803788571821617228
1803788676964798621
1803803181610410349
1803803205937291759
1803803268671582393
1804024648314589504
1804035514535940099
1804042311321657813
1804042693594485012
1804044169578696722
1804045179273314402
1804046411450978806
1804048281938596111
1804049498068652146
1804053996237144353
1804054019964534823
1804054042139857399
1804056394842411278
1804069314716406194
1804071438984577238
1804071455283646493
1804072390932205994
1804073932292788298
1804073945450319903
1804079787725721818
1804082525356368117
1804082533845602380
1804082579634606591
1804082619627507869
1804082651000668171
1804082878629974265
1804084960183099671
1804086210668966284
