1953862724875923763
1954061542791745987
1954061728565920198
1954099354756599984
1954100138278039878
1954100974127116509
1954104347798696055
1954116527147618510
1954133080513605768
1954139509832216733
1954140375817617778
1954163807879569860
1954164585092821357
1954169888186020095
1954172392705818948
1954173290366570824
1954192621246861426
1954350736717873366
1954368406284914946
1954386139504324900
1954417992995115018
1954421072209510574
1954421132335169678
1954421168594882607
1954421227298430996
1954421248521626012
1954421308043018730
1954461996809892270
1954482447141503126
1954530502066769964
1954535663967125817
1954562369809739813
1954562649330729355
1954564509043143129
1954762414626619558
1954768651858706914
1954769923705847844
1954782575215489384
1954792251332157569
1954797540588576839
1954807579273826611
1954812757028520410
1954813922201989240
1954814705140105425
1954816062421164459
1954816204129923394
1954816686370025973
1954817566347591939
1954818768342847525
1954819421840552103
