1522497656878080000
1522505566014246912
1522505669084995584
1522506031032520705
1522507226283347968
1522553747423268865
1522575197047783424
1522608302404038658
1522609129658847233
1522614424888307716
1522655684676190210
1522655730905788416
1522655749587206144
1522773575966801920
1522773900035526657
1522781344467587073
1522781442245226496
1522784090239340545
1522785745609494528
1522789879381250049
1522793813223215104
1522797077046390785
1522798393608720384
1522798461850062849
1522799052231897088
1522799220771540992
1522800077219135489
1522801368506937345
1522805010630778880
1522814898744422406
1522816348375584768
1522816829127012352
1522818389420380160
1522818392729608192
1522822356309225473
1522823844578267137
1522827733075587072
1522835825242742785
1522851988869836800
1522853052801163264
1522856994209935360
1522862698706259969
1522871156075745280
1522875751904997376
1522879168509521920
1522886637403119616
1522900466127966208
1522912064678768640
1522912146535108608
1522915665132195840
