1469225945181548545
1469231475409047555
1469233261209554944
1469234028935098371
1469234678552948738
1469240439274278914
1469242433506398208
1469243583995645952
1469267534847250437
1469269827705454594
1469269829639376900
1469277892706127872
1469279922136903680
1469281035770683397
1469281291199647747
1469281429292941313
1469281891387772928
1469282223597572096
1469282325976719363
1469282416653000705
1469306272738541570
1469493220711100417
1469493367847350272
1469514821808713728
1469515700825853953
1469516243669372930
1469516472879747075
1469517782349848576
1469518456965910529
1469533687264210945
1469537425420546049
1469567974612733954
1469568610263699460
1469568991106535424
1469587303618138114
1469588948573835264
1469596419673575424
1469598029862694912
1469599386174820355
1469605747810275328
1469605884279943169
1469609947126112258
1469611348027793409
1469613354062811138
1469613516470435844
1469614023775821832
1469614148740734977
1469627635030388736
1469628336892624897
1469647942403309568
