1965373872272032099
1965409027317531003
1965427928537461213
1965428441391792214
1965445284802216410
1965449177716150702
1965461866295226600
1965462048462254150
1965478404977021111
1965478431724109919
1965609894750683635
1965630828630999118
1965679317066924058
1965682227125391525
1965692207270367374
1965695932378599608
1965700005391696161
1965701893822554197
1965703437649371573
1965720541475832102
1965737385330917465
1965750158383251487
1965750180432707668
1965750411782193165
1965761705763611008
1965761722368819457
1965781015668158482
1965783915114951061
1965784047478792306
1965784720018678010
1965790197284757979
1965805283311259764
1965813249322234247
1965813283698655677
1965833912950927519
1965998114931650693
1966010856266936611
1966012616868000184
1966019533120102790
1966046120792277150
1966056934056013837
1966057239741157533
1966058908256281039
1966059240994517125
1966059726996947399
1966059842076102667
1966059975341699503
1966061262217101482
1966062477290140040
1966063354084245741
