1889764876593041528
1889764896608313386
1889871568039453078
1889895906885116369
1889898156244279556
1889901583850197423
1889905080897511773
1889905173566464423
1889932504720646425
1889938763285144013
1889939532986101795
1889947221610942544
1889953493412200886
1889961478180253870
1889968915268419721
1889976305904705658
1889977896607031549
1889996583770669128
1889999171748503636
1890003657988690418
1890006703363797156
1890006714289954818
1890116765210034347
1890117522818805963
1890236974667296877
1890319087860924444
1890319620864889216
1890321041618264545
1890322171291193643
1890324145927323981
1890324416875364620
1890325058327138455
1890326867292438536
1890326902641947089
1890326935407894803
1890335838866653226
1890344851469922578
1890349211733864652
1890363665045406139
1890384982293598328
1890396154312946098
1890406231891706211
1890446797174349991
1890447754108805427
1890587357797048508
1890589818234515471
1890589915500441808
1890593468223004967
1890595124771778650
1890611196580991469
