1960347046101053515
1960347962309021879
1960363962220110175
1960377923216781417
1960384198801277171
1960463242704077130
1960594559064531232
1960603857228280244
1960607923983274186
1960619354233692594
1960619756085485973
1960621607120199962
1960622148440985834
1960626198779978208
1960639837020807432
1960649360406143230
1960649440638984612
1960651634159100176
1960651741126656184
1960652686052954368
1960676014255694262
1960677704837292335
1960678959005520352
1960681682551628110
1960714529580499352
1960729540634050758
1960932096760824108
1960933893911273844
1960934559371157961
1960934883376673062
1960935287984373848
1960936817685094901
1960936866661704093
1960936923364540683
1960937016327069845
1960940058833277202
1960941377648537768
1960946343570035154
1960948902183731537
1960963181976690901
1960965012996153504
1960966049790103947
1960968311946215737
1960978297900486949
1960978718660149487
1960982797159747943
1960988138781680056
1960988161816891488
1960991063172124750
1961009952232738843
