1436693403811540998
1436724269212475393
1436728241956425731
1436734573795151879
1436734711104032768
1436757076370288643
1436757175020363783
1436757810818138112
1436886905392545796
1436889238788665351
1436889272531898372
1436902045194145795
1436943851776741378
1436947363331915778
1436950345154924547
1436954394919014400
1436954629057572867
1436965997563375625
1436968375243001859
1436970351301316611
1436971842397360133
1436972608734384129
1436996141367713795
1437000628258050054
1437011275494477826
1437012965044064270
1437013054705659904
1437013898368929799
1437014252779307012
1437014283406086151
1437023998232055813
1437024581991030789
1437041103090294790
1437049439529570307
1437069995691839489
1437069997369532418
1437070856379781121
1437075857709797378
1437081348867440647
1437241866345332740
1437242059312615424
1437242124928356352
1437246576913645568
1437268609026310147
1437268647815249923
1437268807056121856
1437305769834123265
1437307508092125186
1437310517131894789
1437313570581012480
