1858027055922749802
1858027092174164341
1858073972572643502
1858087094129688784
1858129657696038924
1858130261172428927
1858176860871618918
1858181610127954056
1858181942664941642
1858192639243546782
1858335425234088302
1858354427188404675
1858383084065861973
1858384604970766730
1858399517961245084
1858408046914851288
1858414906275672134
1858414947648123235
1858414983182274587
1858422714060419230
1858422749112172911
1858422781190324478
1858444294656328028
1858445747907092481
1858450079926890920
1858452053686673692
1858452477156245924
1858468489830494230
1858507782305300610
1858507857379160467
1858541911684026773
1858552689694830718
1858558065077088759
1858733628563616112
1858754931660124181
1858787413776105529
1858790412309454951
1858798885030031766
1858843687935242449
1858861956578291779
1858876200334115168
1858895162199732676
1859099423978254444
1859100098019684411
1859142735326015887
1859159608272486550
1859197006201159967
1859212365096755666
1859227507536671209
1859246518735106417
