1799714090459550109
1799714133287612671
1799716959749353647
1799717958484394455
1799749342603206780
1799751344598966624
1799752368969679146
1799813551458300052
1799815244803645778
1799846278328979654
1799849280288813206
1799855114628538437
1799988720596312321
1800018150492422644
1800028605818470871
1800038119661883862
1800038163848823032
1800038638425952620
1800039007759581490
1800040415372230939
1800041350899138756
1800056393518723500
1800085611086585876
1800091690436603931
1800098521007489418
1800158361528517015
1800160921769365611
1800199934987391304
1800199956697137589
1800200029854163243
1800200186050068496
1800202344950558720
1800205810695626907
1800206731538252264
1800366454476513577
1800380999387562263
1800389459072160071
1800391036231188943
1800391984903045451
1800403412351320548
1800410698255905271
1800411204906778835
1800411781594308623
1800412642898829333
1800413717705945406
1800416112221585505
1800417186890306046
1800418449279307892
1800419601660235809
1800421702029238723
