1985047907876384899
1985051255455285555
1985052433891131804
1985053707428581496
1985053742186823875
1985054002627870855
1985054799126319150
1985055101980164482
1985055263444136086
1985055508638888144
1985055888751943868
1985056444065223155
1985061722420588548
1985062048087343555
1985070875037819286
1985192791396454645
1985195439998873633
1985196005042921810
1985200078643188210
1985225755757076593
1985225840876233035
1985247894832865451
1985252364152889371
1985253535504900283
1985254785185116564
1985269580135387530
1985273096849527139
1985273121746960605
1985273277334597698
1985273660882788761
1985273688464474406
1985273909428793445
1985278771625078955
1985320735821414624
1985320737104888294
1985340019629060354
1985340775568392601
1985341103823098251
1985343354302087184
1985343576356884508
1985356362357084415
1985399537905910190
1985400124357689379
1985400190426366105
1985549161761304639
1985549979600183378
1985550272391971069
1985550513551917484
1985564943098528142
1985579260158083106
