1856770946671284594
1856907495463075877
1856915992884007166
1856932473868882095
1856936335036076241
1856964968886731259
1856998001555673396
1856998750863933452
1856999918847537218
1856999934328734161
1857002408015999278
1857020816300380202
1857025320487968843
1857025690853400983
1857025801293615502
1857028014770466874
1857042060966052309
1857106279073784113
1857106896274002126
1857110580655726665
1857110734242521519
1857293582849228849
1857299261680951359
1857308126346674366
1857308421751546311
1857308479267938370
1857312866065326532
1857314054903103991
1857314139959329127
1857317555238535444
1857321748250898872
1857323293751304457
1857323303322505377
1857334606128926947
1857336020808933402
1857338458970497180
1857338830157685024
1857345059512816072
1857345977792753846
1857346030301520089
1857347502401618226
1857352329198194939
1857358120076624161
1857360617725968438
1857363307692536079
1857363312645943782
1857363317368799526
1857363321646944549
1857363457198182647
1857363540165767583
