1805531069586063848
1805531263144706373
1805538438667813024
1805582970553778604
1805613889037701172
1805613976539275521
1805614370959114495
1805614405813780515
1805614539104469490
1805623902946967788
1805623966553587803
1805623983095923001
1805624132471865672
1805646853276680311
1805648309539029029
1805805892098834843
1805828758974193696
1805831042210713749
1805831816613642619
1805845828701241600
1805851005554413867
1805852357974278612
1805855465529819569
1805862089094754470
1805934036415582254
1805944157040706052
1805945618101145676
1805949737792836041
1805949779954020513
1805949791974646038
1805949803152707711
1805949889547047258
1805950248612737518
1805969875170635945
1805975135826112739
1805975209423568914
1805979225117360252
1805981537009279409
1805983584479776878
1805984107522101450
1806003777969033701
1806019386777751876
1806021039690055842
1806035553168789821
1806148944759820787
1806149020638941388
1806149411741057522
1806152463894081588
1806152513126801805
1806186393426620471
