1802373692741362074
1802554003084943827
1802564951468368235
1802580347319935407
1802599665424343145
1802620118398373893
1802636746674536453
1802667639938101520
1802668025944171004
1802669216149254345
1802669363688050805
1802669498660430254
1802670016652882121
1802680539734024495
1802680638157525488
1802687928059269364
1802689798534283405
1802697193322872845
1802697367189356856
1802698425294795058
1802701340298416305
1802701390105714744
1802701409072320702
1802701432862429471
1802701511732195715
1802701941157646799
1802702055053688903
1802702120761602540
1802702335103078802
1802704683145826407
1802704697024745678
1802704972066283745
1802723422595887340
1802724648314106013
1802728707343421451
1802728927460495746
1802741820889366857
1802746071233315310
1802746771271291191
1802750388434841770
1802752403688870212
1802752439550103904
1802964406831382807
1802967547966582991
1802969861884379638
1802971110893580446
1802972350620815735
1802995260198638006
1802995407695601822
1803011829427552437
