1819643005554642968
1819644130592465038
1819644494838747285
1819645437504377177
1819645724889698609
1819647413344522362
1819652242024075584
1819661197928472856
1819661383228596247
1819691778909286403
1819694451972846079
1819699898947674130
1819702685312168315
1819703571115557073
1819718908955247069
1819719998429913331
1819738524398313877
1819749539898695805
1819751875245428921
1819803867779043654
1819815701932114226
1819820116869369994
1819820269978157129
1819956484660457661
1820002046717898754
1820010187819978753
1820094065779589392
1820094085950021869
1820096207018250525
1820097238174994587
1820105617383809165
1820114926792568960
1820115706631065934
1820329909824495706
1820358589233479971
1820358741948039589
1820358753641693531
1820361816817512555
1820362095755411710
1820362228920467766
1820363328738267146
1820365944377528350
1820366437577593057
1820366826968387871
1820366946241499618
1820367488716280087
1820367659856277808
1820367815993446859
1820369204375138686
1820369958619992451
