1867574158986490142
1867581724517183672
1867591034794127592
1867591065597096350
1867594538652418087
1867604322860871881
1867629718625038843
1867649142581068240
1867649294704292190
1867654089510965549
1867824318492946498
1867835656451633237
1867835897711915365
1867849066136134011
1867851243428941915
1867909951773114692
1867914883574136877
1867915093809270832
1867915303050678280
1867930702509142474
1867988305113223262
1867988934514573503
1868158225562108299
1868158244205818099
1868159801617949009
1868182772051013929
1868197927933661335
1868198920003936349
1868200079749693603
1868211580044972046
1868211700400537759
1868212363645829173
1868271394049712584
1868271679878901853
1868271979809378633
1868290324948492740
1868531944058941598
1868532577168191512
1868571694610460771
1868574854846497170
1868575676095467796
1868593996077138198
1868594265926111309
1868598457830605305
1868602060620562577
1868612415837159572
1868612584854954117
1868612630119874986
1868616013564260487
1868616635734741202
