1513411621334310918
1513411624580763648
1513412986542583808
1513417685454884865
1513417775921831936
1513425718230675458
1513425902549430276
1513426113087029250
1513426166157570050
1513426189767307266
1513427225273503745
1513427973382189056
1513442325934276612
1513443349121830912
1513450814320230401
1513452672434638855
1513452767179796481
1513490171051741189
1513492493504954371
1513492536353951750
1513492550782312453
1513492736749449220
1513521427424575488
1513549739513442306
1513739511842312192
1513746735067451392
1513754364674195459
1513755640396906498
1513755673183793153
1513757206306381824
1513757209460568070
1513757892360667137
1513758334771376130
1513759569796755460
1513759822398717952
1513762047745728515
1513762279199698947
1513762282752204800
1513763716621549568
1513763865653571584
1513785546320928781
1513787807470284800
1513792133936807936
1513793307020718080
1513795716652871680
1513806116781584384
1513806702436569091
1513841919709057024
1513842213830082567
1513857797125189638
