1498334920032153602
1498337101812617221
1498337483938885632
1498337489433419781
1498338322413883395
1498339454951428100
1498339488262594560
1498339682614054914
1498340250480832512
1498340287818584065
1498347612487176193
1498348084593831937
1498351349528145922
1498364894449520640
1498485306022313984
1498487376565669894
1498490031711068163
1498490432568774658
1498490439174819843
1498505214785056770
1498507509501284352
1498508208758919179
1498509101915000834
1498509494858305536
1498509972870549509
1498510875400892420
1498510998570881028
1498512807507423232
1498512973408923653
1498513803570745349
1498517617887571969
1498517766009405440
1498517785080905728
1498517798175506432
1498517829645369345
1498523061598887942
1498524492108234754
1498525161208778752
1498525969241370624
1498526937274195971
1498527831810195456
1498534255882010625
1498534844417994752
1498537492055662595
1498538119431221253
1498538189681610752
1498538208094687233
1498538233000390657
1498538277585838082
1498538336759140354
