1412987791806402564
1412987943413706756
1412994971330760704
1412996565371736066
1412999979405221898
1413000469723504651
1413003353345335300
1413008034880651270
1413066634613252107
1413186079667015687
1413195174671314945
1413319583272824832
1413322929593479169
1413325667140210688
1413325841795219462
1413335976387092480
1413344631182397443
1413344778469613568
1413345034179514371
1413419634368208901
1413420256765235204
1413476090358550530
1413476229273976846
1413477418233331713
1413477882580463624
1413512668338540550
1413549248809897985
1413554850781011969
1413636946950115334
1413637077900554243
1413651425616273417
1413720061492154368
1413720159529816065
1413806349478023168
1413828020897415180
1413828268327723009
1413829409727942656
1413830124663762947
1413830923196325893
1413830960441745413
1413834296083709954
1413834353633742851
1413835843882524676
1413841977250959362
1413854650378293254
1413863343983513605
1413873669227483140
1413877498295713794
1413894077955723266
1413894231194697729
