1569188554181591041
1569225477642137605
1569272302277373952
1569551429823791104
1569953594786611200
1570076126508384257
1570235019146461189
1570246415728910336
1570277049855803397
1570292450828390400
1570299824834244608
1570307774445408256
1570626881002807296
1570637168321892352
1571003347402104832
1571020212476190721
1571044456513798144
1571048659130945540
1571059315754270720
1571102962776412163
1571407444441698304
1571537227494334465
1571537448890671104
1571696106995843079
1571696197374709762
1571849985590951937
1572089404684144640
1572112607699693573
1572113973356662786
1572225738497224711
1572453344106680320
1572502925402079232
1572801244414214145
1572837628957032448
1573575265883918336
1574034980241809409
1574260852345417729
1574279060142043136
1574456432870957057
1574951827912916992
1575002432010326016
1575407649465675776
1575715518606344192
1575826701179039744
1576095849658318848
1576097876396036098
1576212099272888321
1576249809882603520
1576423363555504128
1576585529214504960
