1536207626261868545
1536231379767242752
1536231384389275648
1536232979072110592
1536234608966045696
1536244977335799808
1536244983748911104
1536246397854371840
1536251350727569408
1536252339459305473
1536259413572747264
1536259590543011840
1536259610579173376
1536259641151475712
1536259664933195776
1536259697539706880
1536259733430353921
1536260106014162944
1536260239732879361
1536260710417588224
1536262983549997056
1536265464451477504
1536265563713875969
1536282517522722817
1536282520215384064
1536316360011026437
1536322788398493697
1536336571179249664
1536344675895767040
1536344681616855040
1536344875364257792
1536344995866718210
1536345209314758658
1536345225550893058
1536345294417211392
1536345878948040704
1536347982219444224
1536348370582745089
1536348408880934913
1536348884959498242
1536350053475921925
1536352518560591875
1536352692880015361
1536352806151389184
1536354809313300480
1536356045471199232
1536356240762105856
1536359865450303490
1536359928142499840
1536363397372997632
