1910268459000213900
1910312029761532081
1910320864035209516
1910322751673413873
1910342854506926236
1910574900940624189
1910594763306524982
1910603023614693810
1910604693115486226
1910607455228235809
1910607588363756021
1910609239430553622
1910609493894836256
1910616565160042687
1910636773522497583
1910690465717829773
1910706602753073461
1910742153698877839
1910750509582987515
1910751015584055785
1910882678456336748
1910882719518568571
1910884182076572046
1910888884541472845
1910911539915149569
1910911685382058479
1910929180067324317
1910954954170290184
1910954982980853912
1910955446413750757
1910958531911856150
1910976133035659507
1910994275606618538
1910994369647194556
1910994491768815749
1910996117346476197
1911010880323768328
1911011789883466165
1911053427599159691
1911262339074056418
1911302556740886840
1911308953192915411
1911309239928438866
1911319370334109909
1911320357933404318
1911331531454316771
1911376985093230853
1911377002973606250
1911377040902676728
1911392065298284565
