1489526923969531906
1489526960485142528
1489533637699637249
1489546765124923396
1489570038072102917
1489570120632782849
1489570153541279746
1489570210369929216
1489570429878812672
1489570642382909443
1489571471282556928
1489572004277927938
1489572007331381251
1489583926222139395
1489583964201570304
1489586132354736131
1489604177655648259
1489606479175090177
1489608110113439744
1489644719584219136
1489654891354419201
1489801167123390469
1489801524683612165
1489849495479533570
1489853179743567873
1489859912645898242
1489859919860088834
1489866348410785793
1489879274723352577
1490013761872494594
1490013766297460736
1490014265256062976
1490014732493156352
1490015538256711682
1490016277737672704
1490016724808515585
1490017639241945088
1490024042094481412
1490024101213134848
1490046582490005504
1490157217567281153
1490157341894844416
1490157946235342851
1490158066393776129
1490158413929582596
1490158501447958529
1490158586617491460
1490164172688326657
1490175151576518657
1490194485195653124
