1509446558797860870
1509448125286858757
1509452417133268998
1509452450616381445
1509471138807971841
1509497120977723393
1509498856366813185
1509515528788135941
1509516074894594052
1509545194898690058
1509545197155225603
1509546299552534532
1509774337620213760
1509774595460501507
1509777311553359874
1509780771191799811
1509780835498541056
1509800626334568448
1509802373559947264
1509806963353300993
1509815702076592130
1509820123623813123
1509831724603125760
1509831826025582593
1509835711565819904
1509835771070455813
1509844892859592713
1509846349604220929
1509847942173057031
1509848963318382595
1509849573589590022
1509850524803231745
1509902226445135880
1509903505510711298
1509905560904249345
1509906000882458625
1509908181002063877
1509915869702283270
1509925192952283141
1509927346437963782
1509933904349728772
1509938335657066500
1509946138148802573
1509946186144251907
1509983927288532995
1509984046322892805
1510104759201542153
1510104768445759488
1510115160676974598
1510120245356216323
