1511943325624184834
1511943328547614721
1511945120752758785
1511946589505724420
1511954585459433474
1511955105926459392
1511955136729411591
1511960627363086343
1511982346655830026
1511988647675195397
1511988706290593792
1511997648085331974
1512008576079785995
1512011907539955716
1512011968000847872
1512015161829199872
1512016118055313412
1512020592597164038
1512020611349901315
1512020732930187265
1512024353348628482
1512024361938546692
1512031609029271562
1512043621519822850
1512069508780896264
1512076949115473934
1512087978398531590
1512096146268721154
1512100942040117253
1512101582363529223
1512102446205587457
1512266202319831040
1512267505892753413
1512276175623639041
1512276524098936833
1512276920955670528
1512281451978702855
1512282530564612099
1512287462260834309
1512287945377521668
1512312234625552393
1512313926280626189
1512314695037816835
1512314698321956867
1512315283150495744
1512315287357444099
1512316897991159811
1512319049807523850
1512325939820052487
1512327709107490823
