1496398702826508289
1496399795308711941
1496400377599578112
1496401855412260868
1496437703130464257
1496451751654084613
1496463021467750402
1496475477984542726
1496482684889333762
1496482705797746700
1496490058006020096
1496490092243869704
1496490161265418244
1496490886750162955
1496490941661786112
1496492331788345348
1496505921073291276
1496505962718547969
1496507766697242624
1496513619403866115
1496513912027906048
1496513920747679746
1496533613651034114
1496538058065424395
1496538691539505153
1496667570534899712
1496683154467602432
1496708045271093249
1496717651422318592
1496717752794419201
1496718071221743617
1496725338411323394
1496725403893104643
1496730882459123713
1496733986005000197
1496734877533683717
1496736677523378176
1496737046001438722
1496738338232930304
1496739727189311491
1496740564322029570
1496740604717395969
1496740820715593731
1496743638218412033
1496755365614133250
1496766440988315651
1496775136518688772
1496775630708379648
1496776431006744577
1496777662026584069
