1403900309701730306
1403934832489472000
1403941840043208708
1403952174430752768
1403952904868831232
1403984264996130822
1404019502010945536
1404059676170276869
1404248231819628549
1404253186555219969
1404253830422794242
1404260062948827140
1404261444359647232
1404261713751330822
1404263855220424704
1404265681974038530
1404266955922571269
1404270827823001604
1404272503891972105
1404272985050009602
1404279954171305993
1404282031308107776
1404287957054361606
1404300189855207426
1404313584666963968
1404729089685037060
1404736698345353218
1404737839233859585
1404744582999408644
1404744835681034244
1404777035927474181
1404798382179242001
1404798400122474496
1404799208843001873
1404805155917385731
1404822788322463754
1404832258645577728
1404985997620760579
1404986489998479362
1405071647548141571
1405098525872984065
1405107757380866054
1405109629802094592
1405110039149367298
1405190225475751936
1405193647033786372
1405193702289547270
1405196953185521666
1405202478077906949
1405206571672473600
