1446082165045743619
1446083211776323591
1446083246173736964
1446103657649303556
1446120308792987652
1446122172057997328
1446141226797846533
1446142175801012226
1446142828308959243
1446143636480036869
1446165765879566336
1446170581481623553
1446181165371559953
1446185196420665363
1446302221876936704
1446303915121598466
1446350093725016070
1446354820244205575
1446362948864077827
1446363013301215232
1446366629089009667
1446371996728643599
1446389235594846212
1446391994880692226
1446406775440175110
1446457336663461900
1446457965502820356
1446458364007878664
1446459936209182728
1446461330890756097
1446461332325240839
1446469277347762182
1446469640138346497
1446470375076859905
1446470681126850564
1446470759480582145
1446472329383464963
1446472527367131145
1446472822214127618
1446472890237349891
1446473061985705994
1446478559715880960
1446480245456920581
1446480695002480641
1446480714967388160
1446480761540907008
1446481380657954817
1446483981608755202
1446485831057739782
1446490115086323712
