1480459580484190208
1480462650941194241
1480466917194285058
1480472037848064001
1480472952265076736
1480474382614949891
1480474707614863361
1480489802688389121
1480501375062581250
1480505016855117824
1480506224860753922
1480507288762793984
1480507810647404547
1480515042122420224
1480515294325968897
1480529417810153472
1480540998354624521
1480558579799183365
1480558634014633985
1480558703665291267
1480566688428937218
1480758885963034629
1480768285004025858
1480768288447614979
1480786056714731529
1480788677009707009
1480789720653172737
1480790771011764224
1480805418955800587
1480806351643156480
1480814178491273217
1480819454292332544
1480819481639206912
1480842657425330181
1480871566409814018
1480874974910967808
1480875397768114178
1480875503095463936
1480880538768449536
1480880887700987909
1480888504347357184
1480896599102394369
1480896670111920129
1480896716366704642
1480897078083477504
1480897362126000130
1480903474480959494
1480908378524192771
1480909695686639617
1480909777664233472
