1940696810458120468
1940697434285601242
1940698282340270251
1940698491090813097
1940700119726543047
1940701450969219254
1940730560734958024
1940740839946465393
1940741360124154298
1940747079741329436
1940759365730070647
1940759401629151249
1940759666822467781
1940759720413090051
1940766289213247814
1940787184505967024
1940787868110409961
1940796656251031636
1940798508195631262
1940814016101994733
1940814412535026151
1940815490043334760
1940815968579850279
1940817046583029950
1940818182098596008
1941048021099184284
1941054417589227876
1941060843925610499
1941061047299010796
1941062742707691976
1941064078253777047
1941064626558599517
1941065462873530407
1941065956304027869
1941066124646555737
1941067953958752569
1941068552162926809
1941069196370366888
1941069816435228742
1941071094133526868
1941072032374145269
1941072915203866951
1941074548322971930
1941075397808177482
1941076643440947604
1941084119569736139
1941098495840272469
1941098502949638320
1941100971662495875
1941120346079523294
