1426383940730769408
1426384326615203841
1426388937736552451
1426393786708496393
1426415465962692612
1426422188094070785
1426423493676044292
1426423882248949766
1426427217714712578
1426429214350135302
1426431691673849857
1426432158432841730
1426434703209340934
1426436217021767684
1426442202947866632
1426442246010802177
1426444506493177858
1426444672008790016
1426444685929709571
1426444702199345153
1426444717617651713
1426444732922695684
1426444749699915776
1426444826879283202
1426445541701914626
1426445902441455616
1426448459729571847
1426461278504062977
1426468120621764616
1426472679356342278
1426474382910660613
1426480764833521668
1426483457081806849
1426488100964880385
1426488512300294146
1426488596693852161
1426488658484285441
1426488710304997379
1426488842366816258
1426488855864111106
1426488893839331331
1426488909219778560
1426489051096379392
1426490415121793026
1426495056807022598
1426510528994709504
1426510565761970184
1426513327656640527
1426513685304934401
1426514865397530629
