1900794434968515064
1900796174380261466
1900798039997952471
1900798054783218106
1900800366343843956
1900810080028946909
1900829335222968573
1900839912775315711
1900888515841585392
1900888546166345870
1900906485695340663
1900914628995219689
1900924856289362241
1900924894952751261
1900924930403037186
1900927384142205241
1900928170695815309
1900942006756798561
1900942038234968310
1900942823354232981
1900944470666826071
1900944562581078295
1900949131247710673
1901132662754193581
1901136503260278881
1901141189187039649
1901141758203056547
1901145433164181659
1901145945020223900
1901202040878928104
1901202375181808010
1901234904412930069
1901236295197950045
1901254612608487720
1901254927705587793
1901269441092182244
1901272733465686480
1901273583038472618
1901274543744061621
1901282294838817254
1901282382172639712
1901282450900410499
1901290503293071679
1901303955591946517
1901315119822581827
1901316002685849802
1901316056322552038
1901342244113961215
1901342683618238813
1901343393898455417
