1559721155220873216
1559721177807208448
1559741141754425344
1559751187578363904
1559763504726704128
1559774363247071232
1559783308531494912
1559783312541249536
1559785168889839616
1559800127107186688
1559801855634391040
1559804786232676352
1559813536192544769
1559813538784620544
1559820924790386693
1559870964816494592
1559872932460974082
1559886772015808512
1559892838980399104
1559906270790164481
1559906275743649793
1559931256422289408
1559951705118502912
1560110891172970496
1560115456001785863
1560128908673961984
1560143437516550144
1560149772199432192
1560152341378367488
1560174235074834432
1560174238879084544
1560204292405227521
1560413875627257857
1560420330522701824
1560593184098762752
1560602251210944512
1560858516352831488
1560859523648065536
1560861565221752832
1560861568921145347
1560865411545337857
1560882465153003520
1560883007614906368
1560887349864591361
1560887888002179072
1560892043534438400
1560892566023061504
1561012760401457153
1561183907755999232
1561241462121320448
