1861960705659883963
1861984224187719862
1861985128441909552
1862017073800777949
1862024900543983982
1862038171976094130
1862049072141701187
1862049733016961207
1862049916081586294
1862050766544154885
1862051588954583072
1862052448233476546
1862133898437939330
1862148532482060633
1862148572223009248
1862148624475672664
1862148789206987024
1862153865984184674
1862170699802218597
1862179206873886986
1862338184417513874
1862354824894828780
1862355416572661872
1862358931437228357
1862408131973689463
1862408841578627562
1862409441905189135
1862411198068887775
1862411443334729973
1862433809075249534
1862434314149126242
1862447563485425904
1862448447401730280
1862486438811746329
1862486486433841541
1862569716465778927
1862570028081594820
1862582206444470690
1862583092797403157
1862583259399393443
1862741331413803280
1862753839629185369
1862760042958909656
1862760970529251837
1862762913368613142
1862764109668000130
1862764234007789652
1862765539745309087
1862766989615538661
1862773692541149674
