1423985515058003971
1423985576546422789
1423993501977432070
1424065780325355525
1424066180378021889
1424067821999247368
1424067930195578886
1424068265941225473
1424068904993759235
1424068972777857024
1424199950448005127
1424202641328930817
1424206941908213761
1424207072699109378
1424207195684540418
1424207417030574083
1424209365603524613
1424220590093729795
1424221714997596166
1424247835516555264
1424274513139621894
1424277889613058052
1424344709929922561
1424352340753059850
1424352345471602688
1424368081019621377
1424377262430769155
1424377680032456709
1424378642633609218
1424380780239679489
1424383266329530380
1424384922437918721
1424386297469145091
1424389919913365507
1424394423023017989
1424406163588665344
1424587105431216134
1424622830352617567
1424654629434904581
1424655487677739011
1424656689542811652
1424656714540879880
1424661689379672065
1424661710053404673
1424689252323848193
1424689261954035714
1424691742301847552
1424694337825173505
1424739265808769034
1424745393691103232
