1981904079069810811
1981905722070982947
1981906176372850991
1981906452215451833
1981906489318285514
1981929074680549547
1981932795720278218
1981950442545541467
1981952077552394459
1981952904039960999
1981953527825195156
1981954244052951423
1981954715769545056
1981962028416708882
1981962244104536122
1981962321489732000
1982070589159354615
1982071408172929027
1982083279726772365
1982083615480819749
1982086838983725207
1982101362671587719
1982113444565561733
1982129006586519922
1982134621476471003
1982138848609247351
1982139209441030639
1982146762606350833
1982146899860975766
1982147863179088022
1982287042781548593
1982322618717155794
1982322901685838060
1982337356696039584
1982344515173392733
1982344726218166364
1982346187186311629
1982358921072529823
1982373402905321716
1982375359497769115
1982376081857581406
1982376533949104498
1982378225247637529
1982380268569911580
1982380839066607978
1982382195596722402
1982388812161671335
1982397661581029683
1982398265174966615
1982414548427841775
