1430414583903121413
1430426066288451588
1430460944241500161
1430469881770635264
1430486233424097288
1430486363548262401
1430487292548763659
1430488705538555913
1430494443677700102
1430520617455943683
1430526444656992256
1430527270251159560
1430538469906862084
1430556246805868546
1430562674996219917
1430563306528411651
1430564019010621444
1430568165738569733
1430715155575283715
1430715218166833152
1430715283459612676
1430716518774366212
1430736397141364740
1430761610566455299
1430762516297129984
1430766254659309568
1430766421282156544
1430770043877396487
1430773248581459970
1430781931784871940
1430819809801871365
1430824316434714624
1430832272257785856
1430834615204212736
1430837129815285765
1430840012858224641
1430840044382609413
1430842749813624833
1430844561983623169
1430846257661059073
1430848154753069062
1430849818750963718
1430879273682825222
1430880450482884608
1430923031371677701
1430930739726471172
1430930780037861379
1431080711314808837
1431083560148955137
1431123635964571649
