1856248902435123646
1856250518986785164
1856252693658120506
1856256852625109208
1856257303118291153
1856259691799802264
1856260289672687961
1856269187313754276
1856274518223757357
1856276151200543178
1856282342932779320
1856282781518532722
1856283714873110889
1856371443027849541
1856371879000584419
1856372907032883576
1856373367768490379
1856377199303213383
1856377403939139639
1856377544796451331
1856515610907496469
1856515643048358362
1856517298624049343
1856517340353245683
1856522737050890532
1856530072389439638
1856530138877571319
1856547083097985207
1856565442778632357
1856565741035643127
1856578327357591923
1856579185394786421
1856587911229018155
1856587960793075924
1856588062664302991
1856588111309840438
1856588139973816595
1856588257469042875
1856596469610098864
1856597909296558267
1856598673909789147
1856598938541011130
1856600082709393434
1856678772243882191
1856683737192583220
1856706555837919522
1856711086718029893
1856711127239143453
1856714487967224056
1856729579215593928
