1549675706766196736
1549675996583849984
1549728392337321984
1549731121180864514
1549744230482182145
1549987051407548416
1550107709688520704
1550110412305502208
1550134588323745802
1550166278249533440
1550167038639087617
1550362249457696768
1550364732040912897
1550366121567858688
1550369063209119746
1550377127110815745
1550380348974178304
1550422900393803776
1550427637218439169
1550463435967971329
1550463653027381249
1550463917767684099
1550483479686549504
1550483481452457985
1550483483176230912
1550512529222148097
1550686324013039616
1550736407735332864
1550763189784428544
1550847809993068544
1550859833976696832
1551056551921983488
1551056558876131333
1551072289168375808
1551082514345000961
1551086775447080960
1551131494869258240
1551131639509819392
1551141032720355328
1551141452255985664
1551141455712100353
1551143463055282176
1551144477498441733
1551237998884270080
1551429851143602176
1551429985038397440
1551431954050187264
1551439384901169152
1551451550870294529
1551451554322198528
