1903457805379727832
1903458475398910334
1903459342575345830
1903459350149988388
1903459364767449148
1903459373252534514
1903459381800222796
1903459389765517715
1903459402084143355
1903462827664519566
1903462893582172467
1903468093160268158
1903468118820970954
1903475069567095029
1903481603457970541
1903481705912279517
1903483211482829260
1903667703199805629
1903676844865728735
1903725534258864411
1903725774475346202
1903742058663485911
1903742352034058262
1903742400662737373
1903742816486048182
1903742850938134941
1903756037313683598
1903760827251110189
1903769657842029041
1903811429058412805
1903812993999405346
1903855817067200603
1903886236353482989
1904005966414389570
1904056952319328699
1904058343959957720
1904060052035842185
1904084530027507835
1904090271706730531
1904091827302703189
1904092101689921677
1904093735618830350
1904095088642585080
1904096320429977943
1904104348764016944
1904139143812403236
1904146498251784670
1904152323288600879
1904169270373953539
1904192921546743847
