1486324029917040642
1486328567399026690
1486328642867130368
1486328666204168193
1486328715021729793
1486328829077450752
1486329466787745792
1486331933768355840
1486332964610871303
1486339209698766848
1486342844055171073
1486343973883244545
1486344171963428864
1486352416690012164
1486365143122411520
1486365203004485632
1486365373322575872
1486366869376634881
1486366925311856645
1486390622286012417
1486391883056050179
1486392339828383744
1486392418656157696
1486398582554955778
1486398650821398528
1486527657806233601
1486533117372342274
1486533495820218368
1486533739173883905
1486535061985841157
1486535555194097671
1486535733024215043
1486557533305139204
1486557533510975489
1486565534757834753
1486611520179953669
1486618861801656322
1486625192499576839
1486625196421226496
1486640445795053572
1486651161251696647
1486654047352328200
1486656908735881217
1486657070044643330
1486657191398436866
1486662945303982086
1486706692427448320
1486706731098927104
1486709813354524679
1486709897806761991
