1514492781439315968
1514493814366367745
1514493817616969731
1514495402254356487
1514498440847245312
1514500542013222915
1514500545536430086
1514503486724972550
1514503566316109825
1514507334575304709
1514542259051458560
1514572467070590976
1514624666325110787
1514638822692167681
1514638828979777539
1514639342156742656
1514651013558726656
1514662931224752130
1514666879348264960
1514671186537762816
1514678747416641536
1514679575644880896
1514790332214390792
1514810589377613829
1514826540889956355
1514841280752517120
1514844140449964035
1514844688498724868
1514844923992109056
1514847781432614914
1514847784884527104
1514853800288583686
1514857208714260485
1514859109144678400
1514861424560177153
1514864393032331264
1514873964115345408
1514887868912525312
1514888939236077569
1514889646311763974
1514891465901568006
1514892216107298817
1514895353702588419
1514895535655710724
1514907593763799040
1514907747921240070
1514915918933291010
1514915957130821637
1514919315384205314
1514921267304235012
