1506126752912850945
1506139287074799617
1506152461543034897
1506153811744030726
1506155826964480004
1506164669265813511
1506164670826094597
1506164686886248452
1506168056174706689
1506168539698577408
1506168765607997440
1506170571054546944
1506181407626100737
1506225877642018816
1506227496408457216
1506227839565467649
1506227842816049157
1506244543913422849
1506262672211267584
1506263310903091201
1506280596103995393
1506370888286945280
1506371895662239745
1506480915467599876
1506480974292733953
1506488738490163201
1506501702937378821
1506526236117401600
1506536176756269058
1506537670633091072
1506566424302526465
1506566428178014216
1506566430744928257
1506569453202395139
1506591037594079234
1506594683056947201
1506599173923094529
1506599532519256071
1506599712400424967
1506600370386075648
1506609272053927938
1506611520351793158
1506629980419411969
1506632396929581060
1506633361758253062
1506663154142441473
1506851362604142605
1506909539097985025
1506966798029451266
1506966870347628544
