1971941603410653460
1971954475335405767
1971955367522550165
1971957732115886492
1971962949855334905
1971963174867103781
1971982719581377001
1971989340550320206
1971989863965901021
1971990060431298695
1971990711081095279
1972001956475687361
1972004432431976685
1972004561738256521
1972005019584266524
1972009229360984308
1972009362832159141
1972009666097156538
1972010491720683657
1972010963588338138
1972018637457469835
1972018752125595876
1972021291600564262
1972022023187816897
1972022861419483168
1972028611940307391
1972028855318876305
1972029104578089393
1972031031831302563
1972031260290941342
1972031348148994246
1972031408018542707
1972031513870192813
1972101240478999028
1972101545446822055
1972104408155746605
1972105943614923140
1972133626713460753
1972133717868195930
1972133992637124641
1972135188659687618
1972135942631969180
1972173095428673548
1972175165800042660
1972176169803174209
1972185742135992804
1972186232206839878
1972197688566538527
1972197778303660237
1972197915805536706
