2005098951377297801
2005100146317807931
2005119197345710428
2005137968508678255
2005150890345542010
2005150985514352703
2005164744790229304
2005182794801230003
2005182803823227047
2005182828091445452
2005191710901723265
2005191956088139961
2005209079510429758
2005209108807639298
2005209183826977012
2005221136716660979
2005222262765678944
2005222283846320326
2005226616084177084
2005227340746653899
2005239243275440365
2005239269267562680
2005253416067674489
2005253534892355840
2005253566899138643
2005253645676499043
2005260137225990318
2005272988384661888
2005276946108960934
2005277178146251119
2005279847963345059
2005289792519712951
2005289928171868292
2005290757050266111
2005290813518180605
2005290905461490131
2005304825500844183
2005317382542401897
2005319225938985410
2005331586108227783
2005467729055355071
2005467952825692267
2005487376404258907
2005496061524336671
2005502393560260800
2005513844006027640
2005557762206654815
2005557914216677714
2005557931623043463
2005557945590022599
