1897896272893251762
1897925350056960497
1897931858085921027
1897935342986264913
1897936057897042308
1897938057594093702
1897938099197407576
1897939302409273500
1897940461861716344
1897941237426274524
1897941435254817272
1897942103067705798
1897953511091900571
1897955017165770764
1897960917444256225
1897960993554047124
1897961430634160270
1897961671294902656
1897975624654008798
1897976823558160439
1897977765586256207
1897982499797533157
1897987007059750971
1898003258011967901
1898003279512043687
1898003293114175813
1898003315247505418
1898003342527242442
1898003353335992723
1898003362911596659
1898005277527453783
1898014309298667965
1898015092094255590
1898016414629237173
1898060634689868158
1898069681757458719
1898069745821532565
1898199868855783828
1898218784865071610
1898227486980514281
1898253941324103780
1898268757685915670
1898287671224811600
1898287716393271551
1898292078603636830
1898293421413978452
1898294268256784468
1898296492861149432
1898298443979952630
1898298641347174441
