1854568064094019681
1854570341026406752
1854722768933470663
1854790290315592144
1854791591191625842
1854792858035003512
1854794424200695958
1854796771614208281
1854797936221388824
1854800532545618032
1854814175786324291
1854852072338079875
1854911556904960426
1854920928918192208
1854921089241235674
1854925881946337725
1854932981858914525
1854933458633867656
1854934298958479721
1855068589533151360
1855069249011957960
1855073758337458377
1855109001341460821
1855110033240965511
1855121899380244838
1855131591250456834
1855132071024279703
1855141141823344741
1855146321981653298
1855153246601363673
1855155057916100664
1855173970556785094
1855178167389978808
1855179397269172342
1855180186989494372
1855180912411254986
1855181686515880153
1855185874176348279
1855205696633192565
1855207463899030003
1855207543792185716
1855227140826100004
1855227193980493983
1855231676672077902
1855231797103309151
1855231803722007023
1855237224172023973
1855238210437452163
1855250448711586014
1855254908767007004
