1443621447486763009
1443779436516495372
1443781377107791889
1443781496817422348
1443782199744995329
1443782578704584715
1443782722397224960
1443791499653615616
1443791502413496326
1443791505387257856
1443791507731849220
1443798482238664708
1443808755078942723
1443812283184943105
1443812924481425411
1443813189339127810
1443813373389328384
1443816900270563328
1443817411673681920
1443817448361189378
1443821880838737924
1443825296646361089
1443840306558889989
1443843571740602368
1443847654853599236
1443850312310165504
1443851711018254340
1443853797189570564
1443855971252531201
1443869623422636033
1443876210203713539
1443878240595025921
1443885627418681349
1443885721173970944
1443886140126162951
1443886342375497731
1443901941541523462
1443927563076702211
1443927701245415431
1443927848805228553
1443936204882268163
1443936264458170369
1443980325940449281
1443986203896782852
1444119661952442375
1444119966974832644
1444133530016043011
1444135973613342721
1444136628079915008
1444139417690513413
