1496805093832007681
1496808605928275968
1496809527941152769
1496809755670716417
1496809778240434183
1496810837847461889
1496811492876091395
1496811585775767553
1496811698535436293
1496811778277523458
1496814974601424897
1496815927413067776
1496822658909958144
1496826304649302016
1496831989319876608
1496835147781787649
1496835169634111488
1496835184825888769
1496835577345622016
1496835786763046914
1496835875279609861
1496862519503114240
1496864027741671428
1496893862664900609
1496894659096104960
1496894768424828928
1497022727110098944
1497025000540303363
1497026434639925249
1497026763049746439
1497026862261751808
1497027144580407297
1497027570608394241
1497081623401021441
1497087115565228032
1497088851256307714
1497090245514317825
1497096879061934082
1497097750722146307
1497111298445697026
1497143532510875651
1497143564685373442
1497152904506974214
1497154787053244421
1497214172631035904
1497214623975886854
1497230908499251200
1497233512172113928
1497247514722189312
1497247565322293253
