1986425970023407901
1986426474753384651
1986426669293584534
1986426942984527899
1986427296887267800
1986445094996877382
1986472265236815981
1986622746089140413
1986623913926009183
1986625802293944683
1986628186747388264
1986628277310808496
1986641562730963438
1986642120976031786
1986645679129895354
1986648359885734395
1986652282067489093
1986658012799635778
1986661617132838949
1986665567324152114
1986668951628312907
1986670458272686472
1986672735427436669
1986676617612325102
1986676639913419079
1986682956849816031
1986709170633269411
1986730350249390555
1986730371384557858
1986764417347059897
1986772989397106899
1986788995641348165
1986789091116261848
1986790239797727238
1986790561005838670
1986823542395261256
1986851685676056997
1986893326809968807
1986893346426790345
1987003209702089153
1987014975421096191
1987053911182876950
1987074450492428501
1987074564514599177
1987074585880371470
1987076537674551475
1987107325933723758
1987113598012039324
1987113964283760854
1987201258730758646
