1516440373920296964
1516460352971546628
1516494120659058689
1516503534933807105
1516621097239982086
1516625817513885700
1516628769192411136
1516636898201985030
1516637736136224769
1516650707528871939
1516651254763880448
1516656851391107077
1516657869449400322
1516658395478376448
1516658395490951172
1516659364567810049
1516663970232344576
1516664953322700800
1516666240466821121
1516668234992291841
1516669626629107712
1516669909358739458
1516691493779505157
1516693191558193152
1516700723886444544
1516704967393914886
1516705069315461123
1516754924058845192
1516754989267714053
1516755522212745216
1516756361371340802
1516758216985972743
1516758353082392583
1516758662525890561
1516759681825669124
1516759729368100869
1516759775824220164
1516767702362509313
1516772679021658124
1516776804178366468
1516776828413050880
1516810854444199939
1516810876468490242
1516817175847514113
1516818189736615936
1516818292060856325
1516818401569943553
1516818444347674628
1516818918991867904
1516822241602064384
