1811280296253288569
1811280327471714460
1811280350389366941
1811280498939007305
1811282124085002383
1811283817740787991
1811283867883692204
1811294525500936474
1811302352818786639
1811305333597630526
1811306842624278640
1811308095290892639
1811309376122306621
1811310861819990493
1811311434795810870
1811311439472402568
1811311444052635838
1811313255400566811
1811314475682922937
1811315782237945977
1811316732843503632
1811317028675854574
1811318736756122009
1811319214952857868
1811327068866507188
1811330893887230122
1811359356752929023
1811363847694918045
1811363861225697769
1811448675778105426
1811448918447915496
1811449972908523973
1811627644288659542
1811628086787785162
1811649468984623596
1811651225940820360
1811692529236213987
1811750059308192058
1811753131984015439
1811753371495518518
1811753498738065519
1811777150422516050
1811781565283762385
1811782420867277188
1811901320812499201
1811902304456503367
1811902491451171042
1811902618173841862
1811902755474207161
1811902817575346549
