1862781598418059665
1862781916031668433
1862786633075990929
1862816555093860663
1862817751326249447
1862817818997150022
1862818308824735913
1862836867336433740
1862850897451028755
1862851235298107674
1862851302163698075
1862867982818349075
1862869391681237326
1862878887778058358
1862904473179275374
1862904488056508841
1862948333381132372
1862949216043122772
1862949257935724886
1862967053109395678
1862967077453058503
1863111898708791694
1863111959010250920
1863111971668717772
1863132671515447390
1863134498361385099
1863135694123856365
1863136183934689545
1863147537655333235
1863155805958123797
1863155836140306584
1863156206929403973
1863163787882504694
1863166570916090119
1863169038198939806
1863169540491968761
1863170633510899753
1863180187846025495
1863180257001603450
1863219898542956654
1863267531823137266
1863268251452481871
1863270290303664581
1863438353351217663
1863440955166069226
1863443545014538416
1863447493243269164
1863492461282394203
1863493800066490635
1863495550009794572
