1535192746465513472
1535192757194502145
1535192774814756864
1535242698797350912
1535255483795542016
1535288604255461376
1535299913411481601
1535300075265462272
1535300097440747521
1535300173735178241
1535300229611696128
1535300433291317248
1535303286177136640
1535305287326105600
1535305417139830784
1535306987512029187
1535311946345779200
1535312586451066880
1535312631707631617
1535447907188453377
1535448608388001792
1535449045207920640
1535450393865441280
1535450462903668736
1535450946632765440
1535451143572054016
1535451767558660097
1535451905891061760
1535452271575650308
1535452971001008128
1535453127289188353
1535456371662958592
1535469358793003008
1535492585833148416
1535499376214552576
1535499378353672193
1535500712368517121
1535514553424879616
1535527381871448064
1535527395653914625
1535555063384444928
1535555525189914625
1535557576850493440
1535558527632125953
1535566328089968641
1535568498499678208
1535572621831847936
1535572672746487808
1535575347613560832
1535577814912880641
