1978820514157306061
1978828216514023428
1978860822949404894
1978864431946698891
1978870912096309465
1978872538601304065
1978873038272893299
1978873052198015296
1978873661106122830
1978873715325833718
1978873973862732073
1978874055668437059
1979040239462031845
1979046693548044594
1979046798053232686
1979107548088406270
1979107569449996443
1979108196108374378
1979108405714522343
1979109185796046973
1979110024678117675
1979123726554660990
1979147346358194571
1979152322648510799
1979157443088150955
1979218030283624959
1979222968233529743
1979222990584975798
1979256995774632316
1979395318237270351
1979399757807390981
1979404752753725590
1979416752439333143
1979421224838266980
1979434434857439713
1979435214062653801
1979436295312331038
1979444866619969923
1979444910181990472
1979444996916023528
1979445933848039868
1979446074172752147
1979453805759730162
1979454049755013364
1979457942031339603
1979476840533418196
1979528158916616476
1979547057221484701
1979573367243235560
1979608552097656943
