1442471999050113030
1442479128569991176
1442479150342696960
1442479178838732809
1442481754233737222
1442488127176646658
1442511868501712906
1442518653178548234
1442518669351784450
1442518835504975874
1442519663095607298
1442545031592615939
1442549035043155974
1442563150524551175
1442679051408138246
1442679340378976262
1442679405445148673
1442680151435735044
1442680221094723589
1442680275771686916
1442680462862811143
1442680537928253442
1442703435975983104
1442711463810899970
1442712250649776130
1442712288230719489
1442712499615244288
1442719017458814976
1442736375904681986
1442738560436629511
1442739846057906179
1442764551556980737
1442778130494595077
1442788958757216256
1442790296811569157
1442791676838244354
1442793293675319298
1442797388838539266
1442805620202094597
1442806604009664516
1442806885216763907
1442816214800080897
1442818083328905217
1442818570921017345
1442820437046485001
1442825550704230409
1442826813290340354
1442833937059880960
1442834439659081731
1442836940600987648
