1467155268177776641
1467156595024883716
1467157714790871042
1467169061628878855
1467169064288018436
1467169523488804872
1467389000985894913
1467389088042930179
1467389214484361224
1467396318288965633
1467396571406876673
1467397205426257922
1467399016061157376
1467418013297037314
1467418319669977089
1467486954941935627
1467487113662779396
1467516990176722952
1467521777718882306
1467548584572710914
1467716064066740226
1467716586911928320
1467716906828242949
1467717250761179136
1467730270686121984
1467734098504400899
1467737490677125121
1467739979392512003
1467745645716901891
1467747565835669504
1467747570973700101
1467748638633775104
1467749092788895749
1467749896530788358
1467750259078037506
1467750264438329344
1467750687832358915
1467753295200485383
1467753489170190338
1467753491565215746
1467759510341124096
1467759514451537923
1467759930820026371
1467763186862485505
1467793534832971781
1467796862744686592
1467803587245871105
1467805462519169029
1467806547828899843
1467832925391507457
