1746417614799397167
1746434541643014302
1746441613814251622
1747136980683833734
1747496555660316821
1747910686108500161
1747924418750541923
1748312073132794134
1749692649920249957
1750058587014287606
1750059739013378146
1750093435045036472
1750558124891869601
1750808918341865663
1751859467367702808
1752240596205343114
1752603654350356712
1752641613501776054
1752703783480787443
1752965252281770381
1753647710723281175
1754361841353117982
1754551793672237192
1754754697972638032
1754756421877678286
1755093194575089983
1755198078616003061
1755864070266527797
1757319981870846325
1757746691959357592
1758006713754792329
1758058700491956704
1758431483608613231
1758805221999001796
1758890075885375929
1759436178455953526
1759596392040063162
1759943060916437117
1760160861702754432
1760196229672423585
1761640062687772807
1762107753542373503
1762168927134880033
1763449277920301065
1763501466877415692
1763547667437846699
1764603388032131089
1764668410557092296
1765317515302040017
1765619328815419424
