1435072343890534404
1435075059350081538
1435091453085044737
1435095068050788352
1435110623424049154
1435112366711050245
1435120089557176323
1435120811078139904
1435122165171425285
1435122325817475073
1435124941200916481
1435136002004172800
1435147439149748224
1435154722617319424
1435157338189484034
1435162555496861697
1435182711660945410
1435261610440888320
1435273118533050371
1435273609094656002
1435274757214113797
1435276332875714562
1435276424751972362
1435278617253011456
1435282856943570944
1435287367523258368
1435289578366128129
1435301288707702789
1435303484832632832
1435306729160396800
1435436615237718023
1435436671269421057
1435473427540840449
1435479335750680578
1435484278045872135
1435487207557513216
1435489041915396096
1435491215617642502
1435495985875062786
1435497465835188226
1435501570007846912
1435509787198849030
1435512615887728644
1435518609183313920
1435521389235085313
1435530203791384576
1435534582447673344
1435535658316042240
1435540005808533505
1435543465828306949
