1823705185245364282
1823706320471462022
1823716179048898951
1823790842290823519
1823791343916949885
1823794114565169342
1823914346029752597
1823923555223916671
1823938657482387639
1823938891671306744
1823943644585357668
1823943680048132096
1823943722481914292
1823943831286349950
1823959713341391259
1823960053688271261
1823960902150082664
1823960905903722524
1823960911024963670
1823960915064291490
1823965293133398294
1823965740787232969
1823965751570510266
1823965879971012990
1823965890691711372
1823966076943908955
1823967074655592575
1823968356812382457
1823969464465154511
1823971206565126369
1823972202087374860
1823974153663471837
1823974828845806031
1823975848975978973
1823977681240944686
1823978973916807487
1823979166473314364
1823982395269263835
1823983642210656542
1823985329046442053
1823986375601086501
1823988084876435526
1823988157353787548
1823988169093619745
1823989579034321194
1823994964151275615
1823995264589279707
1824061394788155718
1824061442703913174
1824061518385954977
