1899063146221896174
1899063166195126410
1899063188747948092
1899064668401930588
1899064678254276694
1899084364010463371
1899094091205656635
1899115661697351808
1899355574103429421
1899360177712984194
1899365473390661997
1899366785603838416
1899366858861502941
1899367125556314295
1899367323741344087
1899367671860428808
1899375134533984537
1899384157161263168
1899385180718354611
1899386303080202467
1899386853226418514
1899387530346475576
1899390274859839897
1899390279146455369
1899390283579822443
1899390288604627108
1899391232373112941
1899391337189011849
1899392774123995271
1899394063163388384
1899394631458263089
1899395571762516445
1899415091885265029
1899415635651916105
1899421204697776551
1899421677756551374
1899428267914133871
1899448226799083675
1899448265575485902
1899448301184786482
1899448317555446009
1899448352443646411
1899448542026199298
1899462001505743209
1899463154234736672
1899465841584013675
1899509022673539382
1899513215018770794
1899515626978504844
1899646130687971433
