1447875252248203266
1447877899168587778
1447920045150064656
1447920336872280072
1447920723067121681
1447920743380144138
1447920848334200833
1447921210117984268
1447921776902737920
1447922510213832714
1447925223957966860
1447925728721375238
1447944883344273409
1447953654854479875
1447954683151077376
1447973994229952512
1447976393250258946
1447981932541743107
1447991504509747201
1447992598610726920
1447993599786901506
1448117306668769282
1448121098889940993
1448121334353973249
1448121532975255552
1448122063235993601
1448132004684304389
1448134017727942658
1448134146182639626
1448134676703428609
1448154460052606977
1448159177688322048
1448159264376164354
1448164583206625280
1448166538788306950
1448166651078209541
1448167030369112064
1448167207922323461
1448169346841255936
1448171720804732934
1448179232346021888
1448181733212393477
1448204800995123200
1448204956285095936
1448208361934114822
1448217382565007362
1448220328165986307
1448285420819681285
1448301067813359627
1448362439532187654
