1409365801770000393
1409365827820810245
1409369561703530496
1409376091333042176
1409378082247516167
1409429483631771655
1409450584730705921
1409701263109890053
1409731285111631875
1409731575638487045
1409732206398828546
1409733266853142528
1409733376337072133
1409739198521757699
1409740490832945154
1409740527654768646
1409765841164402689
1409817389378662403
1409831069008859147
1409839923964694534
1409852968459935752
1409890574899970050
1409890618327797762
1409894490639273996
1409906765542555654
1410073244728627203
1410122405779939328
1410160749830279169
1410161832220823552
1410192872872189958
1410193231715790853
1410201419634802690
1410431616321658884
1410432005112619011
1410434489956802565
1410438644494594057
1410439832711548928
1410443594255593477
1410451922423717890
1410452138581393411
1410513103146545157
1410522078634143748
1410529872703758350
1410579869243633664
1410580637573017607
1410582942875721734
1410605454707748864
1410638066017083401
1410640607152730116
1410798319870222339
