1863499450242765257
1863512503969603939
1863517649323598211
1863518671060206006
1863525903223156842
1863525907492925844
1863535376666640795
1863535399773081758
1863535429712032084
1863539290132656574
1863548458084512150
1863555252542415320
1863555460345020600
1863578334271025188
1863580276800045561
1863580406387187768
1863596789556969928
1863599322736033921
1863609135784435963
1863609381444796724
1863609534767620337
1863614473283543203
1863658657268850878
1863659205049065644
1863663076161073555
1863663096369131875
1863663639779070265
1863664134488797424
1863788190198534655
1863815441518612656
1863821956669481454
1863823714808484273
1863832117043712328
1863833869675589857
1863872134004511180
1863881854081745117
1863882920345190598
1863887001419727329
1863977794495226018
1863979486502650098
1863981308101423277
1863981357501919496
1863981405027623175
1863996307536548024
1864151479357198646
1864214126815511035
1864219841302864086
1864220578518839628
1864221561734971755
1864223710892421207
