1962765072184561920
1962796549613957125
1962798415408160808
1962798847257911677
1962799366877651423
1962801993975783770
1962834046779789630
1962876561906081871
1962891304440074574
1962897341129916623
1962911779279020436
1962966681036501119
1963019617527386177
1963020763776143702
1963029220537291070
1963048045219570089
1963107160902312449
1963148753256460615
1963254245047881955
1963260259117789518
1963260316298752153
1963260982194536708
1963271000327675952
1963271020946546743
1963376562423644641
1963410433546608901
1963429308254621722
1963513661038768151
1963513975112356113
1963514019890815080
1963514102174642511
1963521306588319876
1963522460592345314
1963524578883358946
1963525191130312848
1963528944428241091
1963540446413836345
1963542375382311231
1963543361660256412
1963543575897211270
1963543785058759141
1963552733358682383
1963552893379998188
1963568319690060111
1963572421702668695
1963573795270402368
1963573837855166555
1963573846834856166
1963596514728518028
1963596795516522753
