1447261122034241541
1447261242129747968
1447262385056583682
1447262648354033667
1447262868768903173
1447264120152096771
1447265199153561601
1447266247645614081
1447266438826237955
1447266490089021440
1447266510733410305
1447266524041863169
1447266555075575811
1447266575141068803
1447266594615291909
1447266661669621761
1447266698122260481
1447268475534077956
1447268973532180484
1447270932720930816
1447272453495951366
1447273328796848128
1447273515057512450
1447273704895893504
1447273862849122305
1447273919715561472
1447274006848032768
1447274211009986560
1447274273299521536
1447274305281138690
1447274414379208704
1447275673379237895
1447276021204410372
1447276444384579584
1447276551041536002
1447276969314324482
1447277226873872385
1447277274579959809
1447277294020546560
1447277452175155203
1447277596840906753
1447277744916611072
1447278795661082625
1447279186784055296
1447279205910126594
1447279445321019395
1447279463226437636
1447279491378651139
1447280029512060928
1447280254653894659
