1937205795122479281
1937205802198310963
1937216912943198251
1937232461542621247
1937371620114595955
1937386537723027508
1937392777572286914
1937394349609980104
1937402286495662504
1937405937490509986
1937408865060159557
1937418148959125786
1937442492305011086
1937466280598024662
1937466305805758796
1937470230793695655
1937500108356235618
1937503765441184105
1937504154005700782
1937565416471273851
1937571735832003071
1937571832410124410
1937572933641339028
1937578177175461955
1937680894954996114
1937709174709682253
1937710865366810633
1937729955129151527
1937753459870302237
1937758580876411175
1937797950228590719
1937817114485940508
1937817718230802868
1937819017026392557
1937819517352378390
1937819598490857500
1937819626953421243
1937819670381314472
1937820212877041969
1937822501930983789
1937822843225686427
1937823005994090975
1937832421270905299
1937832495766208983
1937832819612614807
1937846788884721831
1937859801188626627
1937860987321037096
1937866996915564970
1937870750192660560
