2012125120396152982
2012140898747072946
2012170345177088504
2012200688801939900
2012230609566072958
2012231462506967522
2012239565730545992
2012351364085461265
2012351521439047949
2012352257954558146
2012382587587821789
2012392075614924996
2012421460535767512
2012422475951530233
2012426156910551235
2012426193388105927
2012429002951307509
2012432947744325796
2012441899173396656
2012448356367569204
2012448437900279960
2012455251056685561
2012455376017613229
2012456252102656204
2012457083409498329
2012464309042086388
2012466510737154453
2012467782907285545
2012469003252281655
2012469774576726031
2012470523448709374
2012471274346623098
2012471887914475936
2012471902108025054
2012471913243714033
2012526270551367875
2012528999256518869
2012532380901527840
2012568071366656436
2012769380149674180
2012790738564895006
2012804656750375424
2012815082540171374
2012815479308455952
2012815821421326724
2012816934283415770
2012818802908823582
2012961646524658022
2013094937839993103
2013124419435016427
