1912432776898367874
1912433707174220121
1912438450613018896
1912445714782712059
1912454866250920158
1912455063882072359
1912455156295401829
1912461524075180264
1912505637071888778
1912508658711404587
1912514666536083729
1912515747546558828
1912519959655461323
1912524304639836469
1912532619960418783
1912532629989007433
1912533756503896489
1912538929540288839
1912539096192545210
1912540583144616387
1912553827414462773
1912689366968975802
1912689387110027756
1912693195290587611
1912703193634701804
1912712516758827139
1912714991846977618
1912724403441529341
1912735953351025108
1912736065460510920
1912736203486687658
1912749100237484412
1912750577919893860
1912772416792850642
1912783720396017898
1912787677792940431
1912789449160732850
1912790208631980433
1912790993973227641
1912804401074385003
1912806906596606165
1912811679731368335
1912812791079071994
1912813780804997195
1912814182879334692
1912816078389919862
1912863896752492647
1912864316900118568
1912864360525185346
1912867688311079273
