1557961407672754177
1557971901380984835
1557974132641640451
1557974136814972930
1557975184212361217
1557987102620778496
1558001415435735040
1558013813605015552
1558018743292370944
1558072693412417536
1558300931380617217
1558332415902625792
1558333388817563648
1558337858729312256
1558347046121504768
1558348442505998336
1558356033621606400
1558369606984957954
1558377324995051520
1558378542572109825
1558379672815423488
1558380724633214976
1558380817025736704
1558383511350181888
1558387161803943937
1558388422024495104
1558388520422875137
1558403277070663681
1558403283110461440
1558405474378485760
1558406438837714944
1558412882089750528
1558423406026305536
1558423667679571968
1558462663545434112
1558476331955785729
1558489787765383168
1558522156224761856
1558527725908164608
1558670936173596672
1558672546542718976
1558715646485352448
1558718891119235072
1558746866141241345
1558749293313667072
1558753197992226817
1558794444555833344
1558804652254044161
1558839879240339456
1559006646613192704
