1474943430908252165
1474944665661042692
1474982926399930371
1474987729742020613
1474988296333791234
1474988809414582274
1474988817929039872
1474997735094845441
1474998917808812033
1475000340399357952
1475001990983737346
1475002011917553666
1475003182069653504
1475004611991797763
1475005143259095041
1475006078903480327
1475007167581229057
1475024104608583682
1475026586474741761
1475027308616433665
1475037780866600961
1475037860172468224
1475038297340583938
1475045038811803650
1475045278033928193
1475046265360506881
1475049794900934656
1475064109351587843
1475140573203873793
1475142416428535808
1475145717186371584
1475145719031820294
1475290682910666754
1475323080931098625
1475335462965284864
1475343932112326656
1475346414381133828
1475346455770456065
1475347552480292864
1475348100612902913
1475349009971642368
1475356349504503808
1475367459859226625
1475373843606687745
1475375382165524487
1475378176440233984
1475379229160194049
1475380312255303684
1475385445512929289
1475396387831386117
