1933450368178139390
1933450480883007560
1933450543915282817
1933450578509901894
1933450634227052979
1933450654821069025
1933450669853135262
1933450701562077625
1933450717169361022
1933450739797442767
1933450757472465206
1933450773343490066
1933465679690383732
1933466836584312962
1933466853000818861
1933479338965659748
1933503892786196539
1933504086986350747
1933504421981311181
1933512764573761733
1933513066072682671
1933528584553164881
1933529056106197093
1933556330188713995
1933563173983899664
1933650475594727718
1933788312189493520
1933796338761936924
1933796413437100058
1933796447897739767
1933796460362928623
1933796497058869510
1933796553958764761
1933818462645981406
1933826955344052489
1933827430164418636
1933827481305505861
1933829210612945397
1933834184642236893
1933835222606639113
1933842505289912696
1933872657105305632
1933875014899732896
1933899682297880593
1933918977077756415
1933935153195467223
1933968194294911366
1934057016357683606
1934116060699201619
1934128455605690699
