1826562064686481894
1826562191870349412
1826562665105227811
1826563618848096480
1826563631586185525
1826574012438266054
1826592972617769032
1826597117454061849
1826597592882708979
1826602271364579691
1826624019442844061
1826624307780616278
1826625241818534271
1826627412781596979
1826630144087425318
1826630966976413760
1826660475893145969
1826705199370830051
1826713487063875684
1826859649884160313
1826860299963490737
1826895081883726208
1826969929184100723
1826974232997159285
1826975127940030659
1826975153030357018
1826983025005228238
1826984506320097573
1826985924120756394
1826986928027164948
1826987030976385508
1826989026009927877
1827005253600129126
1827007204194697409
1827046952292298977
1827047173764079718
1827047237282677219
1827047429746950488
1827079364392968312
1827148387273068740
1827250868149739553
1827253441284002273
1827253457470026118
1827253464390627713
1827254494260031637
1827302232737640727
1827306643346092292
1827309602079195524
1827309632559206695
1827309641040069056
