1518437769454190593
1518446463352975360
1518450203145105410
1518456094334791681
1518457819443654656
1518458050340081664
1518466297398689793
1518467382108635136
1518473541599252481
1518492280981975041
1518493282023899136
1518494798478716928
1518506238476447746
1518507887227981824
1518508024536899586
1518508550498447362
1518509594603307008
1518509808076619776
1518515599856467968
1518517417949134849
1518517420604137472
1518525879277993984
1518562981172363264
1518563464855560192
1518564208786690048
1518581680239710210
1518598900181274624
1518602352324128770
1518604027231354886
1518604089210580992
1518607867544174592
1518608968289259522
1518614351212875777
1518616593601032193
1518620353878441984
1518623068658479104
1518624682785710082
1518640830382481408
1518647653944655872
1518650320225959936
1518813887050571776
1518824683801804800
1518826162012954624
1518827812672925696
1518831294339489792
1518831347925946368
1518850822054244352
1518851963093684224
1518854151073333248
1518867454348640256
