1520247225485783040
1520258485220372480
1520258605643034624
1520261619246563328
1520264087250243585
1520265521379540992
1520270203334316032
1520271506328420353
1520274057471873031
1520274093974892544
1520274121351118848
1520277658936164352
1520281678677442560
1520284512156291072
1520285643573972992
1520289142890201088
1520289838066544641
1520291437434515456
1520293205975384064
1520294731728945152
1520294740436357120
1520299242178646016
1520305978377342976
1520310842658783232
1520312133007056902
1520336978147180545
1520338655910322176
1520339243767271426
1520339361660735488
1520339408032960513
1520339445559422976
1520343567180259328
1520348332002279424
1520352617574318080
1520352669529161728
1520353549842280448
1520362134601105410
1520362153416753152
1520362683723563008
1520374123675136000
1520374223558307842
1520374420526989312
1520374512889438208
1520375694697844736
1520376364700160001
1520381448305672192
1520382162012311553
1520382184141455360
1520382915917467648
1520394342162386944
