1935868955387891929
1935919666003935535
1935930387659907538
1935930720465330673
1935959147977347223
1935978872673108212
1935986184196702645
1935990149893984476
1935990918311563388
1935991142082134049
1935992708147167401
1935992952905777203
1935994194541097435
1935995947005231446
1935997193087074436
1935999578563805551
1935999666988237268
1936002099239961061
1936005873467584768
1936006500578889839
1936008158117515321
1936024316191347168
1936040674954285220
1936093798146412654
1936095466216997376
1936095766147481676
1936097152129995126
1936121949526327300
1936124070363623712
1936125926057951623
1936126307433426956
1936126867507138921
1936302623185158155
1936304544205672626
1936308841194700872
1936312300178489667
1936312490348171520
1936318588740419806
1936324419364044907
1936325893322145914
1936327364071333943
1936332548248113273
1936332599875846350
1936333367538315315
1936336212241088958
1936345118165864481
1936360623132315852
1936381563618656341
1936382699654291674
1936382914859827567
