1912021265403269337
1912021336018366810
1912021393665114179
1912023284247658726
1912056061269512257
1912056065706909827
1912058097956254169
1912059413961298092
1912059938114830496
1912060427623620734
1912062007978979687
1912062551460127053
1912064036986065380
1912068436697776226
1912070148250358016
1912074744264073719
1912078989705003264
1912094487448543696
1912103166537060677
1912114533834928456
1912127724136923608
1912130766466957471
1912135177251193093
1912135976543306034
1912144767548637659
1912145289223217659
1912146906232332502
1912146917129101652
1912146964071977274
1912156322348355886
1912164145195323874
1912191104449147352
1912191511934169219
1912192667284615538
1912348156119118017
1912348208032063549
1912371312275955820
1912371731731448135
1912402810333012173
1912402979891945592
1912403203838366009
1912405216575504692
1912416313265516746
1912417682860962054
1912418380776165708
1912420273900667183
1912426001855848944
1912430318394769821
1912430881173631207
1912431787315253524
