1565618957851119617
1565618963262111744
1565620332152881152
1565635853271322624
1565693474145718272
1565698286794985472
1565700914283171840
1565712046305705984
1565718831212834816
1565908262100545536
1565941201261322240
1565942320499167233
1565944484055359489
1565962589435138048
1565968650368339968
1565970378287067136
1565971076517343234
1566005102733062144
1566011807789068288
1566055092218122240
1566060192420491264
1566246730248912897
1566248488387907589
1566307661162745856
1566310138369445888
1566312843812950016
1566348532810121218
1566349264577789952
1566387588407394305
1566402861071998976
1566448170468622336
1566613727423909888
1566617307337863168
1566648308881592322
1566652129506643969
1566653163415158784
1566656261500076032
1566656722252759040
1566661612223602688
1566667674150924288
1566668841123725313
1566669660199997440
1566679952464162816
1566681962655653888
1566690896841949185
1566693096293019648
1566695342133121024
1566695345467584512
1566696772889899008
1566700389873090560
