1497247607894458368
1497248079338033152
1497254393355247619
1497254422153293825
1497273248236511233
1497274235739262976
1497274853488939011
1497399024542167040
1497399526881071104
1497401277705187332
1497404827072352258
1497404831404752898
1497426373430083588
1497438852578889732
1497441263150596096
1497469096862322689
1497472777544421382
1497472781529022464
1497474224138895363
1497478734508871687
1497480654778679297
1497480918579113985
1497481829393514496
1497494069794439168
1497517773987008512
1497590867770572800
1497590928311132161
1497590949156769795
1497591170725126164
1497591226169651201
1497591544483774469
1497591786285400066
1497606555281543168
1497606650311876614
1497607500589256704
1497648912760336384
1497655925100118016
1497656016208490498
1497656582012039169
1497657312823345152
1497657359874723842
1497776489969844231
1497785629010055168
1497798776630566912
1497801044612374531
1497804954521972749
1497808654652743684
1497813797368520709
1497818657531260928
1497818710136221698
