1531213402613641216
1531214976916291584
1531215052556349441
1531230039110365184
1531231201255493632
1531235815468044289
1531238975926480896
1531240044437962753
1531243305849454592
1531247855239057409
1531252179721330694
1531256665726590977
1531256668494802944
1531257016995352576
1531276478792404992
1531279762198450177
1531280522931892225
1531292524425322497
1531296524155899904
1531302815183712256
1531306316773269504
1531457515351056384
1531457865046970368
1531458063106207744
1531458105871310848
1531463707867627521
1531476473265426433
1531477674174345216
1531477862213353473
1531481475568537600
1531485108120670208
1531488290473668610
1531497237884579840
1531497335284711424
1531497535806001153
1531501021398433795
1531502097065480192
1531505593693130752
1531505904612282368
1531508391793016832
1531509645193359361
1531510903400648704
1531512557336285184
1531514026106052608
1531516676898189312
1531518823018688513
1531519197687291905
1531520432175689729
1531520438697795584
1531523098234609664
