1533625075530108928
1533625100872069120
1533646875370213376
1533646893246316544
1533646905359552512
1533646916117966848
1533646939270418438
1533649854257168386
1533670649742659584
1533671084800679936
1533679725205262336
1533679824530591744
1533697522190852097
1533697787891593216
1533697817021063168
1533703879954604032
1533705870063742976
1533705875365371904
1533721450481213441
1533722324246986754
1533722349215748097
1533723520689025024
1533723716378497024
1533725572483846149
1533731962653143040
1533732402501398529
1533732476107239427
1533732540993126401
1533732609851011072
1533733014718775296
1533733266104406017
1533735443019481089
1533742899116244992
1533742989079883776
1533743680636727297
1533744842530242560
1533745136370614272
1533747208046399491
1533764327064236033
1533765370515177473
1533765437334654976
1533765762942648320
1533765851643809793
1533765924507234304
1533770905729478657
1533772051860758528
1533772135600033792
1533772400852353024
1533772423354789889
1533772853833011200
