1829900984103158198
1829910416287547591
1829910849638842601
1829911956662411606
1829914929639395533
1829916097182572866
1829964275127107727
1829964317502161187
1829964338351784353
1829977812973036013
1829998755275554826
1830024461908918282
1830096278971191419
1830119905804632549
1830129772661465313
1830130485986500787
1830131258183336135
1830132698553466904
1830134164265583094
1830136198612001149
1830136214596567178
1830136479504642159
1830139167176867902
1830143642117554515
1830144137380970823
1830145281045737776
1830146322306867461
1830148111336956273
1830148138566332678
1830278188666393062
1830304277807677719
1830304550458105882
1830304656515285017
1830304689163800830
1830304703533682696
1830304743081795880
1830304974506689020
1830312055133319398
1830317267751666135
1830317410471063684
1830317417702015334
1830320660951834651
1830344759896117527
1830373785532547379
1830373816129962044
1830373986456486087
1830374051010990370
1830374066605510973
1830376099207053357
1830376231923245364
