1399341349325836293
1399362825559056389
1399367705782747137
1399370224743325703
1399370469615149056
1399391635222405121
1399391716201811969
1399405230215753728
1399550382100008960
1399586441886244866
1399598649005330433
1399602544247066626
1399613288225202178
1399637862342033408
1399638013819322373
1399638983697522690
1399643423439687686
1399734687858233346
1399750609696296962
1399754839165267970
1399754993872248833
1399773005597736964
1399774526611755008
1399774701853974529
1399775026425913344
1399776583221534720
1399906978634240003
1399907877955915778
1399907942648877056
1399909843662643200
1399910597840424960
1399910986165809154
1399916001886572557
1399918333621796867
1399919416255553538
1399921538292281346
1399921562308911105
1399921721499549697
1399922134210605057
1399961108975210497
1399998701410557956
1400000168129228802
1400003049704214529
1400008753173331983
1400017104745623557
1400017348954759170
1400017900996423680
1400017989185851400
1400018270636314625
1400020359890358277
