1902277128282095808
1902278798068027612
1902283974749442435
1902291424152015245
1902296641358663836
1902298011952386163
1902299539748331883
1902299734079107284
1902349594467692648
1902353261371519461
1902353349816537336
1902398422394749257
1902399466424168864
1902637050383495414
1902638237732237494
1902638290920206776
1902639338502095321
1902640583581000180
1902643158800048504
1902644075385459178
1902645299933511835
1902645299979681939
1902679483905425520
1902721065929109789
1902745978819756328
1902750879805235610
1902750907143762269
1902751532820693204
1902780676665119236
1902782501061530079
1902786035962216796
1902792400814346629
1902793981232308547
1902794408883524009
1902924627162144794
1902927059900645454
1902931242653458496
1902933956573663709
1902948493372916005
1902950718568632596
1902950846465552596
1902954603953655999
1902964121177604586
1902974737401385248
1902998236920680463
1903003645735735552
1903004061303185620
1903004854328627311
1903008090963972431
1903009058392772700
