1905153608867614782
1905174648704163946
1905176160767537388
1905176755985326548
1905177816901263678
1905179141928046794
1905180466510283042
1905180470717100151
1905181085975327039
1905181090756870374
1905195080757264642
1905195189310017932
1905214368050290846
1905224802736148970
1905242474534019272
1905242558051368962
1905242587621159129
1905243863205199976
1905244207985602871
1905244269151158668
1905248727117476138
1905250966120902896
1905265181145563594
1905266994464915468
1905267037053837575
1905267076891328870
1905267257900716179
1905311433161863240
1905311481979420827
1905311694890696773
1905466560782700920
1905466620375695697
1905466727422693383
1905470683620270183
1905481824740278515
1905487877125144736
1905497840224535044
1905520812263964802
1905522239052939367
1905523880677998994
1905526019420729700
1905527906018988303
1905528051339079943
1905529032050958581
1905530300525949212
1905530314942009634
1905531409806110906
1905532477105733693
1905533544203780324
1905562810601668834
