1499045269731627010
1499045271186989061
1499050962438475781
1499051158861537285
1499051161227202569
1499051438441472002
1499051441985851392
1499057228674125824
1499057280746397697
1499057602764099586
1499057629490204674
1499075719703707648
1499253633954709506
1499260059385163782
1499271881664659459
1499272317255680000
1499273027342987265
1499278282709434368
1499288520329814017
1499289138063110144
1499310170525954048
1499310337501188097
1499310366257401856
1499319703256199171
1499322796031107075
1499323194184200193
1499342791943794688
1499344361989238794
1499346705002954752
1499346772971626503
1499346829728960512
1499391324436385792
1499391338151743492
1499412271113461760
1499414725138219008
1499472141875494922
1499472748372193282
1499472934372777984
1499475313625296896
1499475989700964352
1499486246821052416
1499615144384819201
1499622012113014787
1499624284020690944
1499624366354870275
1499624408889315329
1499624722023456768
1499628582175318017
1499628694054522883
1499653478108766210
