1951572831105331289
1951573195552608536
1951573224841441734
1951576415272415599
1951576677970067907
1951623358493401591
1951635288637555144
1951639464327164287
1951639545927344570
1951640066704760997
1951646705415557401
1951649468564275481
1951657592385905044
1951661308857975084
1951673842042282172
1951691361914429892
1951843359187984572
1951874693730107652
1951884706103881969
1951933744626999403
1951947673235579067
1951947726973001835
1952211487378067939
1952226522351202371
1952241858400448963
1952241866176659904
1952246998595449266
1952280581292609578
1952281149142675948
1952282350814998777
1952282356842222014
1952283738924028182
1952283744704081931
1952285893269811213
1952287065011351701
1952288070390218848
1952289405785219470
1952291054071251261
1952291838938788224
1952292982021128420
1952293022432887253
1952310997747961933
1952313438312738921
1952313755033108815
1952314273826292123
1952317363267002542
1952317378601337287
1952317532062507419
1952317781233504312
1952347745463026017
