1983472556092072349
1983473299821912228
1983473834956407198
1983474476810662010
1983497959799947733
1983504712910397510
1983506189527716129
1983506875099598986
1983507466328424650
1983508342380093886
1983531993389568321
1983533610096615703
1983533624604688725
1983533670771417097
1983533804427059222
1983533833883729975
1983540398204268739
1983541030659187055
1983582513017843841
1983585172957360394
1983586206882689418
1983586787500159419
1983588706092261747
1983588717215584693
1983588731492897162
1983590132268855413
1983590513761775818
1983591038062359029
1983591048619421806
1983591065312751988
1983592869064802771
1983594880757854632
1983598440530767938
1983599613140726084
1983725184432664607
1983772545091563704
1983775157606084625
1983779373506556093
1983810126609052076
1983811634184515594
1983811805651796421
1983812766373966004
1983813412431000055
1983814185235705996
1983814701932073468
1983826205133644276
1983829695813841394
1983835547253796962
1983893866790187442
1983911762396422233
