1413898342493392896
1414067915616243716
1414069384188862464
1414079368452739078
1414087664039464960
1414088008345608195
1414094029176807424
1414096588578779142
1414211670923091973
1414232405427179521
1414258554404360192
1414264291302154240
1414276018970382341
1414436257493524482
1414449056122740737
1414449759599747077
1414473668894199813
1414473783868465152
1414482080369496064
1414482411736289282
1414485056119140357
1414485384063438851
1414485593543778304
1414485686405668870
1414488563215867904
1414498194981998594
1414509429240733696
1414554949875159044
1414555359872573440
1414556269675831312
1414557778559979530
1414558392442523650
1414559144304988166
1414559364749291521
1414560903807131655
1414582949203173378
1414583306004307970
1414584031392329729
1414584119967641611
1414584135893471241
1414584442111217673
1414616416536317955
1414630067175518209
1414633298941255696
1414635019188928514
1414653242978410518
1414653484008284161
1414768094594048008
1414781350956072964
1414796757007966208
