1539544804383944704
1539548419441983491
1539549034440175617
1539566971397996544
1539568024679636992
1539570197744345089
1539573645898461184
1539578885527834624
1539584588510466048
1539584623084113920
1539585806213316609
1539585829546274816
1539586242622345217
1539591039912030209
1539603114356944896
1539608496026427393
1539623356462313472
1539624307801739271
1539639870905548800
1539641954145017856
1539658841952243712
1539839122281742336
1539848520286740481
1539853094468861954
1539857498584514560
1539865139109072897
1539866082257043456
1539868393980841984
1539874810628517888
1539874870900600832
1539875122529435648
1539906413396656129
1539915315492290560
1539917625261985792
1539917974232268805
1539918124870684677
1539918958257926144
1539919643166806016
1539919660514439170
1539919969957588992
1539923108861460480
1539924188416589824
1539924259048652800
1539930399723294722
1539932539229417474
1539960612377075713
1539962022820864000
1539991212694052864
1540001285248024576
1540016307248439296
