1812674256247140473
1812676880107254175
1812705393753326054
1812705547197771998
1812705627975893426
1812720022516892140
1812723583036375477
1812728513083945181
1812729111887880559
1812730865606385944
1812731344046469467
1812732776522858759
1812734562818220387
1812736278636708183
1812738992321991090
1812742511536083003
1812745359627862421
1812745607452446928
1812747866152280182
1812748710797033531
1812761037349024001
1812761744428908887
1812762103457157289
1812783346533253570
1812783438572957749
1812796145975890430
1812804360021409952
1812824897342627991
1812824899477504015
1812848806331117738
1812849192697749583
1812849208854249550
1812849223186194434
1812849964667765135
1812870139576230284
1812942146707812477
1812942387007922452
1812942407216034057
1812942530075672577
1812942544847958515
1812943009283252662
1812943053738680653
1812944912066965655
1812945179617468446
1812945233224868299
1812945290993016992
1812948190716444982
1812948439485063308
1812951046094004697
1813017242445181272
