1388843297968254979
1388843923741634567
1388844555026386947
1388845050428223490
1388857348404383751
1388857743407157252
1388858067966517250
1388862478616985601
1388866490284199936
1388900402599370759
1388912465266712577
1388914160969428992
1388922536633651206
1388930166110388224
1388938097010696195
1388939358405677059
1388947465907302400
1389066135283257344
1389077086451556353
1389077287216111621
1389090298614063104
1389156886696501250
1389167512588197888
1389212269595140098
1389216396983377920
1389222272024547332
1389222519668760581
1389223250899525639
1389223947493732357
1389224492015054854
1389224802175492100
1389225041032671238
1389225507435077636
1389225716722536452
1389226001046007810
1389226299571392517
1389239572022710282
1389243108919943172
1389415893193564160
1389494503371902978
1389494925213913090
1389498172947406856
1389509660969816064
1389519696408596481
1389521327749406725
1389521371009540097
1389523771468308482
1389526251958771713
1389527310366253057
1389536694710398981
