1444140937404321799
1444141168468508673
1444146527807553536
1444147340663611393
1444147958841184258
1444172345099182081
1444174128857055233
1444175365136551940
1444175562965065733
1444176656894103563
1444181117972537344
1444187758155624451
1444191732795523072
1444211462558289923
1444212218124374019
1444212786842587144
1444223906110316555
1444226301649321984
1444227708070686727
1444229193005355010
1444238439017181190
1444239585425297411
1444241833555492867
1444290479936266245
1444296182549811204
1444297402714771459
1444486774579814407
1444522825440579590
1444554350668386304
1444556768349024260
1444590692034961408
1444590713950261250
1444598212187201538
1444648920169078789
1444651570071699463
1444651727743979521
1444652285380857863
1444681437014159362
1444682593111134217
1444689122069676033
1444689528225091589
1444691131682353153
1444894199954874370
1444919022198263810
1444922307563057162
1444924180412059661
1444924998871703559
1444935268570566661
1444942714429005827
1444942833153032197
