1535861503479320577
1535861803120402432
1535872862468591616
1535891977488973824
1535892050729906176
1535898480908337152
1535898904977625088
1535899020048334848
1535899839929937922
1535906265679147008
1535906748477079552
1535919881027465216
1535920717594001408
1535922167820726273
1535923329076690945
1535932375531950080
1535938091101597696
1535938236887220224
1535938263953084416
1535938279836913664
1535958043695128576
1535958367600263169
1535959129059360770
1535959483633266688
1536023769273479168
1536037125850025984
1536040700017799169
1536040739943387136
1536046148921995264
1536046180232462336
1536046307940646912
1536046960771485696
1536047255228399616
1536047700659273728
1536048230987079680
1536048253523087360
1536048314499895296
1536048335995695105
1536048647036882944
1536048689642622976
1536048786145181696
1536048966542163968
1536049060351979521
1536184707016056833
1536184709687803905
1536184711835332608
1536184713764737024
1536193683380285440
1536196002146709504
1536206816585330688
