1473894451554631680
1473900083523428356
1473912926499049474
1473925133483921408
1473931800015618048
1473934161027076096
1473936316886700037
1473936320191873025
1473937657075929088
1473938992106074115
1473945538340868101
1473945860501229570
1473947469176135681
1473956794942713858
1473957715495907329
1473958818920873985
1473961864128200705
1473962158593433603
1473965431442468865
1473966330067886083
1473971221217697793
1473987869567905802
1474009782935642112
1474010161962373122
1474025547059499010
1474025775464468485
1474042687992913927
1474065942200012828
1474066742020243457
1474067010766065667
1474067315008294961
1474071166423748627
1474072356070969355
1474072608752619551
1474072766856908835
1474073078539833386
1474074813400436746
1474079357299658754
1474212877829492737
1474214538945826816
1474230217237401611
1474243747596492815
1474257750930518016
1474257753652674561
1474263920277819392
1474265964824842240
1474265968067055619
1474267040818991107
1474268833783312390
1474271068940484608
