2005557998643737040
2005558464224072185
2005564530806632464
2005565568007704961
2005609777360220418
2005610744566751404
2005611855281344728
2005611907026469155
2005625810645143957
2005626191802503325
2005626208638456309
2005626223754662360
2005638567247393211
2005658297811280277
2005662527477383448
2005662575816827352
2005662643026350104
2005664070918357389
2005664101155123391
2005664609651581298
2005678669243764839
2005678709458755877
2005678731244040197
2005678846272790751
2005678888475824224
2005679222703231133
2005679244412907869
2005681129203065073
2005681603683680336
2005682881264558479
2005830040509112344
2005830509860171853
2005831158416994622
2005868290099335195
2005890832541630931
2005891250810151001
2005891268719611987
2005914811079745907
2005915477533671881
2005915951418728874
2005916525765747110
2005917804034416655
2005918616295035092
2005919344510001562
2005920302908448969
2005922190173393394
2006023019073069160
2006023183690805718
2006058627489284327
2006174719033102520
