1790643569885405380
1790815318467625035
1790967307767881822
1790967365150056891
1790991603563426293
1790992802438094996
1791120712570388768
1791122956866957504
1791126236820898116
1791324329332093159
1791341126638854269
1791380095556620419
1791527922211095028
1791573312713474325
1791573498021974239
1791677075952443594
1791689576316309972
1791758529755599239
1791786414826520885
1791822657672892589
1791823973140857231
1791846894202724620
1791847587999334459
1791847621398565321
1791847780920459497
1791848019337339342
1791852477010043290
1791853088241795564
1791853518212550972
1791855086001340871
1791856414031233090
1791856501390201334
1791875015140663693
1791875822837735742
1791875982166786436
1791876957447307482
1791890129524818395
1791891832894575046
1791893130138284472
1791894685440684438
1791898315254337701
1791898707518238996
1791900668170838440
1791900952511074376
1791926934370472100
1792100727160283578
1792100757828985201
1792102137276903630
1792124170031304771
1792124470519644210
