1906227705265508502
1906257031167881532
1906269030672953727
1906269159329263966
1906383309971845306
1906383410333188552
1906393002987438446
1906540703208931413
1906564423055183948
1906575883747598415
1906581992533102876
1906582204412760402
1906595458694131996
1906595469406658650
1906629452026745133
1906697304196915470
1906704482424996160
1906710597259198625
1906715669519056965
1906715732882391045
1906726618477056461
1906728675510542412
1906906195392397316
1906906829323391270
1906987207115604163
1906989636712607924
1906990076632129946
1906990613192393072
1906991480436379687
1906992591457091946
1906992859191910486
1906993371186663892
1907048787035693425
1907048866744263081
1907061300901171399
1907073206474940737
1907078453465366793
1907092448746016961
1907092686458212661
1907246370618237165
1907249389590229158
1907264069654253945
1907307595309981755
1907321704600223858
1907321709201690863
1907321899111096380
1907321904077127761
1907327750664253494
1907342289732583717
1907344712765190406
