1492517868121985025
1492523784695283715
1492567133347205123
1492679713705590787
1492680019713609728
1492733627523743744
1492733629281177606
1492733649640652801
1492733890985074692
1492740166360141826
1492740367371759617
1492740369619976198
1492740647711031298
1492740668422500354
1492740672524525568
1492741917486239744
1492743216147603457
1492743233826607105
1492748227619483649
1492748980136333312
1492753860724928516
1492753905058725888
1492754211058364417
1492754265169080320
1492763073098436608
1492763319731892226
1492825689397293057
1492835157677862912
1492847628798738443
1492847636184895493
1492852741479157760
1492852743832170496
1492853476963291138
1492859116058198018
1492859127403794434
1492868741948121088
1492875618333036546
1492890685048950784
1492895302441140226
1492923781379399680
1492923924468109312
1492923963466743809
1492924390170046464
1492925351252852737
1492925467854536706
1492925497399201793
1492926201748660224
1493096065415139328
1493103500368412672
1493104374998257670
