1449405244257931265
1449408341558452234
1449409738593079299
1449410447711424512
1449412584680005635
1449412990952894464
1449415195223228420
1449422352903663624
1449427566180257796
1449433622834909187
1449439875397132290
1449440614378979329
1449557902012805121
1449577959145148419
1449578005374779393
1449578335399411714
1449578515355955203
1449578772659773444
1449578977916456964
1449579145831223296
1449643264370307079
1449660717074767872
1449686719490498564
1449697959558336521
1449701385025380354
1449701419964010497
1449704045073993733
1449704089084784643
1449705144849891338
1449709411245510665
1449709582524190721
1449711848496898057
1449717778844250117
1449720315081228294
1449783797986123778
1449783837681074180
1449784096545140744
1449784225234702343
1449785074770071554
1449792843644477448
1449793224654999555
1449948140556013574
1449952906493317127
1449954167779250178
1449954808094285836
1449954852084207616
1449955117550092291
1449984456505249797
1449989188951023616
1449991307590397957
