1926232961231237321
1926232988544541151
1926272149242671527
1926275953723875680
1926278113404592576
1926293537101959304
1926317276401172969
1926330145381458128
1926330396850942376
1926349198271697111
1926349874737356838
1926533714021912641
1926538102635438510
1926548057505640706
1926559898864590999
1926560188271620159
1926591024400318469
1926591027889983519
1926618592226811926
1926626508002435524
1926626638910967936
1926637028831092818
1926643520305062240
1926667258945810934
1926672785188806898
1926834859755864265
1926836221961007384
1926836981956321703
1926837021718220924
1926857875751621090
1926857990952366445
1926859235268141066
1926859415073824836
1926860747377664265
1926860947626361127
1926892864497140198
1926894425671659716
1926895622453399750
1926902782126076261
1926902831841239505
1926912760748634319
1926913594605674875
1926915434462281835
1926931238209691932
1926931262272332110
1926931298163040709
1926933679625965937
1926937407246467198
1926937429002359217
1926960782631121220
