1853471168516235278
1853471183364059383
1853479783864086713
1853482602356752791
1853503953637720245
1853504799699845229
1853505561372881380
1853611705806540934
1853632700726309184
1853660757403021707
1853662191620116644
1853706455775420858
1853706473567629477
1853706498230161857
1853706819442487625
1853708969094557897
1853709001533403642
1853709738275393657
1853709770168889397
1853715434895274419
1853716258421886977
1853719038826058157
1853727963499647073
1853747319822274669
1853748549638648278
1853751094976864709
1853752291028877628
1853755585805644127
1853769336160223727
1853769529404363104
1853778961383501992
1853779038600638548
1853779604131188904
1853779618299514955
1853779737023578163
1853782688441991555
1853783727752781881
1853803605708714263
1853803695680750032
1853804732479136180
1853808718342934876
1853827780787708185
1853834553275678962
1853837292663984438
1853838263569567948
1853841376863211970
1853842318673203484
1853859953402159531
1854019263801298959
1854021006282928376
