1914646773718827475
1914655388269498590
1914655468385116649
1914670007658930351
1914695132978536471
1914695619509411943
1914698575730368562
1914700743711580609
1914701312022945954
1914702486637781363
1914707873260818600
1914708001463919034
1914721484653912518
1914733814292865454
1914733885210173685
1914925657441636554
1914925690622783610
1914929608363061586
1914933600900014330
1914948593821311107
1914949709539520857
1914955547478302785
1914956663385210907
1914957615060410662
1914959548282233141
1914963369418756169
1914984115201348072
1915017263373234659
1915065481196642677
1915069486828343542
1915088233186120188
1915095033767919692
1915249612744778189
1915321811882963072
1915321928853672245
1915322410779214054
1915322475766047102
1915322476906623133
1915323176281575779
1915324672163402110
1915325616271802610
1915326422165475703
1915329079168954395
1915338049266868445
1915347015183053209
1915353990214340764
1915361155326890253
1915367886857679090
1915368411086848486
1915381226120057119
