1451830319930245121
1451830893803302913
1451830913935949824
1451831094748143616
1451831163396390912
1451831277661745156
1451831454753689605
1451832497151508481
1451834103368597507
1451836379965452288
1451841959216123912
1451855020144541702
1451855773143748609
1451875977525559297
1451893106639466497
1451893248960577542
1451893320565735426
1451909754771570703
1451909808202780676
1451909917825134592
1451913507079737353
1451918175302402052
1451919967742423049
1451936895814942725
1451937551426600968
1451939881718988819
1452094432275099654
1452096902191669250
1452109866835709963
1452109921776852997
1452110286341566468
1452113825742811139
1452118436016840710
1452120977685434369
1452127107954274306
1452149760605839366
1452150501231849477
1452154194371121153
1452262056405704708
1452286602227724288
1452288343824285705
1452293043609116678
1452294560651091977
1452294565118070794
1452294867887984649
1452310885385621518
1452501472747286532
1452508501490552839
1452522761545420801
1452524188783157249
