1890611198443307372
1890641595344503115
1890657668609568934
1890657786880467139
1890663460687536450
1890663482883760551
1890663563263357233
1890677494069543095
1890678133428252800
1890683889804292300
1890684179760734631
1890685430246297756
1890685461716140398
1890724590105612505
1890724896457568620
1890724976933642621
1890726724809183548
1890739588131344576
1890764930019622983
1890848068062286248
1890912620745543713
1890916447628497138
1890916731691893052
1890916784884113608
1890917178053906682
1890918126079861054
1890921213016371595
1890935509314060782
1890936635078140334
1890942305449710019
1890965806516940972
1890990266237976895
1891008279049891970
1891008291385319642
1891008300713386292
1891015446146535620
1891030113304690879
1891032994137198734
1891041757845934179
1891041786220400661
1891042064487301229
1891133454630178817
1891164977429712958
1891170103393190017
1891170885442191598
1891170928056205425
1891170957131141380
1891170975460274358
1891170988420673845
1891171255153479721
