1800422545243705617
1800427075511452143
1800427078912975084
1800467196076069235
1800467369057460308
1800467572972019760
1800480930756509988
1800480975912423835
1800518328672268728
1800522207493586993
1800526111799177631
1800531049249898665
1800531862428983771
1800532929346674936
1800556188230160610
1800566446466138553
1800594579236036966
1800594694583550138
1800725354275045703
1800777912536441261
1800778538129514860
1800778920209633450
1800782053715427602
1800783365270053256
1800784604175143084
1800786465208905863
1800790323855335873
1800791020264898997
1800804848096649333
1800814103952490591
1800814126987624638
1800814160877605173
1800814196063613253
1800815334712315911
1800817355548762196
1800829439112360013
1800829484062609459
1800842283123982743
1800843545110253703
1800851521459949608
1800854543493898465
1800854575072845833
1800872817594114199
1800892581171351676
1800898768944210120
1800907979325386919
1801075410891080034
1801095196115112066
1801107896870297932
1801142499186258072
