1517203141691068416
1517203452698726400
1517208652620644352
1517209107585208321
1517339384949141504
1517360278815461376
1517381116780777473
1517382893504724992
1517382897527029762
1517385278901862400
1517385505511739397
1517389946893783041
1517392035300651008
1517393109965242371
1517393220170547200
1517393377633136640
1517394537769242626
1517394596409798657
1517394886152318976
1517394912496746496
1517395032596443136
1517398513579347968
1517418141705711616
1517430857883353088
1517437101289385984
1517439825246584832
1517439943093948417
1517456428021477379
1517456516621942784
1517456536834314240
1517464174300831746
1517475617545277440
1517503756501667840
1517510179490697216
1517518044712816640
1517529077292597248
1517529808783437825
1517531311677706241
1517531659637522432
1517564505081135105
1517564572357783552
1517574963397795840
1517589818292723716
1517738174197288960
1517740741912522752
1517744647187365888
1517748528960876544
1517748705604288512
1517756962657619968
1517758576756162560
