1607051732806414337
1607051737176879105
1607251741250289666
1607251753246011400
1607356624787898369
1607358530721574914
1607419399753043968
1607689407150047232
1607740409488494593
1607746893932802049
1607921733499244544
1608000483377156100
1608068488010297344
1608450125512278018
1608649126908137473
1608678815055892481
1608729661303066624
1609089481679986688
1609148515716050944
1609407801373360128
1609474540715012102
1609603402039984128
1610172524494737410
1610183644005666816
1610246361093640193
1610254833432530944
1610265166465335296
1610516441694109698
1610558176520441856
1610565917976723456
1610692994608562176
1610693010546909185
1610842351869784064
1611189599614926853
1611298399407734786
1611391458745159680
1611761681419599873
1611989805629607937
1611989813414203393
1611989818262847489
1611989822616522752
1612307162671493122
1612328730260803584
1612343141696417794
1612353003088154625
1612399719237685248
1612480089203302402
1612840240397574145
1613556802930761728
1613575465226366976
