1417404884903546885
1417405472064241666
1417411155237109768
1417411232630415364
1417411300796235776
1417411948841377801
1417414777912008709
1417417365885620227
1417424287258923010
1417436446231724037
1417449494510137353
1417498287658131464
1417512513814470656
1417518580787154949
1417530130583363584
1417534949817667585
1417684329535262722
1417708815458340866
1417713281343508483
1417722729059422210
1417727144495501316
1417727534213472261
1417737157284794368
1417741423059738631
1417745803506896896
1417747949874941952
1417747952261500930
1417747953020592134
1417747965712625665
1417748160848429058
1417748194696466436
1417752618361778177
1417763820274024450
1417765703046733824
1417772325164830727
1417834416986935297
1417860751704739846
1417861272754802690
1417863504858550282
1417867490235863052
1417894405252419588
1417894744147914758
1418049851388923905
1418055413577129988
1418100916180328450
1418103484482654217
1418103802855526403
1418109806993281029
1418110061159665664
1418122286536675329
