1489173122935058432
1489218541941563393
1489218592713621505
1489218643343060993
1489239936012193796
1489240092736888833
1489242691066302468
1489246235311898624
1489246273559740417
1489246509141229572
1489247007986577409
1489249169176809481
1489249313544761345
1489253045682667527
1489253128327237643
1489253356644102146
1489253793526997008
1489255515313954817
1489255600500273157
1489255720805486605
1489266895261880326
1489441328152776705
1489441730403262469
1489441924733800451
1489450151400083462
1489450518628171776
1489451147811504130
1489451410328817669
1489451465353871361
1489451500560859143
1489451566646312965
1489451622954860547
1489451652952526848
1489451877129687044
1489481380853862400
1489481468804202498
1489481726766481410
1489481788435341312
1489483001671352336
1489500798417797122
1489500920182640644
1489500992794406913
1489501110930972674
1489509257196490753
1489510196330528770
1489510483053154304
1489510595577917441
1489510691614900225
1489525228052963329
1489526906416361474
