1392460195482071042
1392461650293182469
1392462416038961152
1392467552299675649
1392469067290664961
1392472992433590279
1392495313869475842
1392495614299033601
1392502640106303493
1392659993992699905
1392694676650565634
1392694678873534467
1392697436401852421
1392738493269372928
1392789163422875650
1392790229119995909
1392790591965057025
1392793881377263618
1392806881870053377
1392806912924688387
1392827264509702149
1392867389583216640
1392875965437546496
1392896367828160512
1393023843069882369
1393029073241210883
1393029858284883971
1393055332096569344
1393071720672555008
1393111732776628226
1393129333611319296
1393143644073254912
1393143718765490178
1393145258725175296
1393152919554248704
1393152946238459904
1393153024541958146
1393166934795902977
1393169366603034630
1393172078640070661
1393172439249481728
1393183109705732100
1393188026755391488
1393189406916235264
1393191482874417163
1393191529494110208
1393192753895383045
1393197537293598725
1393197678951993345
1393212716257480704
