1831915138468758007
1831926355778568661
1831927775940452664
1831929535144849925
1831930638078812663
1831930698099466274
1831931193836892194
1831931273629331520
1831931434115989797
1831932187522052481
1831932672324858052
1832045912501162416
1832048158072779152
1832048199982354898
1832048242218942591
1832048254940258652
1832048342299263320
1832048391196430411
1832048418966892547
1832057779277967744
1832073586409890038
1832076802891685983
1832154716140400829
1832154795748000234
1832172065308471360
1832172896036294991
1832211416301949177
1832213108531560696
1832228205702291844
1832230121098420415
1832230135434494164
1832242363910991938
1832242406202175614
1832242422929301921
1832242486179196930
1832276772202975245
1832279619250037009
1832279653349724323
1832287779746934882
1832290450490978676
1832290507067945229
1832290601926062299
1832293430786924817
1832297212799545547
1832307491478098186
1832307753328447520
1832308589479764328
1832422767880290552
1832454868168274405
1832454890129330262
