1466359048069005312
1466361872756580359
1466367509808902151
1466369254567997442
1466379716361797639
1466389524880117760
1466392028816625672
1466407514895896577
1466413472279932931
1466413946844372993
1466416546109169681
1466416553126158356
1466417968464728067
1466418794977452036
1466423849218715666
1466428961324478471
1466435279947018253
1466442032377999362
1466443688163168262
1466445629249363974
1466581867486793728
1466583489893994499
1466613103643164677
1466654336331632640
1466654336365182977
1466654336939749377
1466654607342325767
1466654901539201024
1466655015452303363
1466655778014588931
1466655904862932993
1466660863499067395
1466662753779650564
1466664052290035712
1466670415053422592
1466672405716164611
1466675659434987522
1466676487138938882
1466676491417124865
1466676623416049668
1466677886262206464
1466679305115627523
1466680786308911108
1466680789743980548
1466680791769907201
1466690077065498627
1466695155784687617
1466704783314538498
1466713898367684610
1466722459583848452
