1486270900484059136
1486271211126804484
1486271503859863552
1486271940063264769
1486272005414752257
1486272439781048324
1486272552322613253
1486272595624607744
1486272763862339584
1486272915767447557
1486272952132042753
1486273763083960320
1486274790218698755
1486274814843453440
1486274837178118147
1486274860271935489
1486274913254129670
1486274948478177282
1486274967260254209
1486275249780191236
1486275268331569153
1486275395293163526
1486275543205044224
1486275984387371018
1486276497442996225
1486276507555500033
1486280402906095618
1486280882659143681
1486280921389355014
1486283458578358274
1486283605785849860
1486287853185212418
1486291510148485122
1486292767714119681
1486295466190929926
1486295723830173699
1486295933512208384
1486296080178618370
1486296251305848833
1486296960759779337
1486296969748246528
1486296991541858308
1486297019249356800
1486297028934078466
1486297156436725761
1486310257265496064
1486311452625739784
1486311456723603460
1486314357860360199
1486321540685729794
