1928136911484268624
1928281302148501737
1928359930014146892
1928361272447287747
1928362427965460938
1928363409931690409
1928364378920808682
1928369667686515155
1928371095125852399
1928372539593769402
1928386195551400156
1928386218334580799
1928386599168979382
1928386702080438690
1928389541704179826
1928398825347276858
1928454615567147244
1928469657905926629
1928517644275036649
1928688072331284612
1928721020627595767
1928727835461456176
1928727936552640775
1928730859114287203
1928744122656968945
1928745513634926761
1928745555083104402
1928789987086012704
1928790061211951585
1928808707682611604
1928809399348269363
1928825277615870290
1928825285849371029
1928827714842075312
1928834324511527297
1928835360726921398
1928835613312061613
1928836548180496654
1928836708767825989
1928851962021249526
1928853184014897399
1928853206139830650
1928853226931032406
1928859752970289414
1928860184262189223
1928862572024926372
1928863516859003165
1928864257296281705
1928994245915861273
1929012066351808815
