1508691486988144645
1508720432782131202
1508721443844272128
1508729065158500354
1508730134555426816
1508731800931434507
1508732724244533248
1508734503103070209
1508735283940171776
1508735288884924416
1508741182012399627
1508923750976483328
1508924918184157185
1508927954105303042
1509001534138290176
1509001536432603138
1509002390967517187
1509054834657603584
1509062360173989888
1509063635921821699
1509064633948127234
1509066351809220608
1509072261491609600
1509074598708772868
1509077502920392711
1509080408918728704
1509080411292708864
1509081815604428800
1509083000977620996
1509083003339022339
1509092985455394818
1509095786646159360
1509095789414731776
1509096798094503936
1509101288193413127
1509103314662993927
1509106111928217601
1509118315717103616
1509118333039550466
1509125984607383554
1509156730227531784
1509157589464289281
1509160815391571968
1509188064114929664
1509193879039270917
1509250661644632064
1509250664597442560
1509361690500030464
1509369252259971077
1509390122013556736
