1963926658395807996
1963942397072625932
1963953248433545381
1963953493850378479
1963953535462130173
1963988064424091903
1964004741870240144
1964087051055169936
1964105666118726134
1964135209236123790
1964150601484292373
1964211855393771700
1964213308099076316
1964228637990724034
1964230949132259803
1964230957571199142
1964232677080334581
1964233728554934378
1964239390588489926
1964239835092156888
1964239886099038567
1964239910648394120
1964239949223362681
1964240250714091695
1964274881408729120
1964303805023211783
1964317873431855566
1964321257932902866
1964321291277857240
1964321313528697216
1964349432453091629
1964352574171009386
1964352607368986739
1964354584715178484
1964356410998718906
1964356763416760726
1964377853421900067
1964383870125752341
1964384691236302944
1964497596929470732
1964565489142944252
1964570776339959815
1964585466055053509
1964588914431471632
1964601543010963666
1964609907162022027
1964609925952553054
1964609954767421888
1964610106005635213
1964622934217244987
