1922826267314810956
1922826364572274887
1922826431890919489
1922826925795406230
1922827009568170190
1922827364653793323
1922851412737741161
1922908484372398116
1922909021037625530
1922933187002393033
1922934538721714285
1922935783276593397
1922936809220165853
1922937148312809498
1922938133915570206
1922939234853302566
1922939456040075542
1922940414023053671
1922940898653921428
1922941369900761175
1922945734963245478
1922945827191828923
1922945880702832913
1922946100123574328
1922959509955268699
1922970252511436807
1922978152705310875
1922978186675044408
1922996019492425978
1922996029000982852
1922996923696333305
1922998895698665693
1923017670623908010
1923037962024980570
1923038455212159167
1923055416532931045
1923074773057151310
1923127601494643068
1923127982547157348
1923128092781904132
1923138175691628913
1923138416515883013
1923149922058014803
1923168051358261674
1923182904361767379
1923231962678149174
1923247593460510902
1923251760329785502
1923252724352639247
1923252746964062235
