2000926294297731573
2000932874120520048
2000933382801514835
2000933397712290257
2000936605373317144
2000974907270918270
2000975905372692725
2001156634522026372
2001156785521274937
2001157300254597280
2001157338020081934
2001195101775913116
2001203061444792659
2001203580955500709
2001204671638335520
2001210433018192296
2001211345811968146
2001212704846176409
2001214025645088976
2001215345692963256
2001215369935995008
2001261656773656696
2001287623684612402
2001307884588777966
2001307910974931039
2001334444612030497
2001335740589105479
2001339224189198531
2001357397672235209
2001464934690099643
2001471295771607105
2001472845839503711
2001474468447936926
2001491492075114999
2001492118469333478
2001501296789184551
2001510340639756464
2001520193940640098
2001531032160604359
2001542112748429717
2001542126656799057
2001563714743640274
2001577363243663515
2001579738163482754
2001580658163142890
2001581658693374038
2001582455283957859
2001582572669899259
2001583914419392954
2001584646832963817
