1972197998932512924
1972205252746281348
1972205793903890912
1972205819371589974
1972221683210879137
1972221704467562656
1972230335078498327
1972231067399864512
1972231254629290336
1972231297541235129
1972231932785361246
1972261897010610182
1972262801554256303
1972263290471592272
1972283143098175721
1972297533163749782
1972297670799847933
1972297782527754685
1972303070311960964
1972303132458955188
1972303219020992743
1972303385396383787
1972305256588706099
1972312680041234924
1972323283749286266
1972323322764611950
1972323334756151478
1972323361058672769
1972339018521301151
1972344140584353806
1972347327961825305
1972459937776505180
1972479765761417355
1972479910544609728
1972480178468290644
1972480686067187864
1972481401653219500
1972481880470737258
1972482070548209689
1972482236374204791
1972482820162654650
1972483093102825784
1972484673789124973
1972484754789544385
1972484884624212112
1972487842279641119
1972547288150208557
1972547330273607714
1972547365900009909
1972547411697693005
