1998984397505397003
1998985671822946592
1998993301555573120
1998995007471226980
1999003809574719584
1999030049383788646
1999030444201775590
1999041780411683107
1999066268775936391
1999118791599644952
1999118873950589432
1999119087637877196
1999157444149494121
1999158077321539710
1999179608596578354
1999290607316140421
1999314808597020695
1999315161988128866
1999326619559981419
1999326685339222298
1999365815087632605
1999375212165627974
1999381855385080276
1999408000612860007
1999408094271668498
1999408265923559641
1999408536770736164
1999476608311451711
1999477544597528593
1999479021747245210
1999481160905425155
1999499373508722864
1999499416991117638
1999499619580149903
1999500229272568175
1999500609389486141
1999500703585157524
1999503909073961167
1999505210289586684
1999506668196110821
1999513009102946367
1999513061414068255
1999513333288878182
1999513392881586420
1999513419775369493
1999513457402565003
1999532189382214105
1999532395641364505
1999533262452949337
1999533541428719650
