1498538410650128385
1498538425871265793
1498538550148558849
1498538615365726211
1498538684903149570
1498538986196725764
1498545664665731072
1498548206913069058
1498551427777835008
1498552214859956227
1498552593509142529
1498552665714085888
1498552935953100805
1498553231609569280
1498553943521382402
1498553974974468098
1498554073339285504
1498554322904567808
1498554509886636033
1498554983276740608
1498556036852203520
1498556746285326338
1498558079952392201
1498559636433424384
1498560900466642946
1498562019813134337
1498563715578626048
1498566436385878018
1498566562286309379
1498567803502473219
1498567825824567296
1498567852634550276
1498567895072522240
1498567948491173890
1498568479662051331
1498568543281233928
1498568567918571523
1498568746256191489
1498568760843960323
1498571158765117442
1498571172979658758
1498571206810816512
1498572120561008644
1498578582406598656
1498578785989705728
1498578849898332161
1498579119218761728
1498579605909041152
1498581446986182660
1498587561727791107
