1463461061357498371
1463462897888088066
1463470214121623552
1463470579969761285
1463470694075756547
1463480196133052416
1463494149206732801
1463510319867654151
1463511544583495680
1463513902134689795
1463514164643594250
1463538438922072067
1463542768337244166
1463691118407684100
1463706136528388104
1463706173157244929
1463720008232488962
1463757339756879875
1463759586003873797
1463768440020226053
1463797189306576901
1463797359549190147
1463797399994785792
1463800867186884613
1463801737664364547
1463819849281388546
1463821650525245452
1463830787858468869
1463833121795678209
1463849046460682241
1463850199680315400
1463857152695562241
1463860070064680966
1463862324326920194
1463885189017309185
1463891336390602753
1463893350931578881
1463894114173259776
1463897471625490434
1463919604942577671
1463921564466880518
1463922002444443650
1463922076436217862
1463922317105373184
1463922512501170176
1463923140715683863
1463923184458080299
1464044194259869696
1464045202994130946
1464052456489304069
