2000271417624166848
2000271933905182934
2000377771445637199
2000386842332737638
2000404310853865789
2000409657790308796
2000425827239084507
2000480037544571055
2000481463083614444
2000482486917500971
2000483028771221778
2000522503077478850
2000557272221835373
2000568977354055685
2000571133255623088
2000584287523868737
2000585536197582982
2000585548902129851
2000595649700778057
2000612237803995143
2000732080066728004
2000746673551892836
2000747222980550936
2000765780699562223
2000776880413426029
2000778487272190450
2000778649252061423
2000778953016140023
2000780253011304540
2000780505713934508
2000782971226177698
2000786130753741124
2000786658799837561
2000786724096762258
2000800347221340617
2000811348306055602
2000812043855929545
2000836900702355557
2000841684226040177
2000841791684456569
2000842433706516973
2000848152786821348
2000862775363649780
2000869211409961402
2000902260768047602
2000902783072145459
2000905168758706581
2000907114559283592
2000908008696713356
2000910673916711184
