1498671419521384448
1498671507073269765
1498675421097099268
1498675513031901191
1498675520715776003
1498675529813221384
1498675557189681154
1498675687217053696
1498676312642568192
1498676905188691969
1498677002731196422
1498677010994024459
1498677461336604672
1498677529007333389
1498678631333515265
1498679321954861056
1498679331438366720
1498679424455221249
1498679701971566592
1498680217078210561
1498680435786006529
1498680664803385345
1498681901363904513
1498681907441471488
1498681927628648448
1498681939192348674
1498684005906288640
1498684258910892033
1498684338527170560
1498684636968660994
1498684645332119553
1498684653867532290
1498692437304233989
1498692560306388995
1498695027085561860
1498699863864741889
1498849477771526145
1498853040321069057
1498935571326341121
1498936569507778561
1498945863686967297
1498972441364033538
1498986684641603586
1498988193881886722
1498988231479611393
1498988990430875652
1498997542981632001
1499005120037539843
1499026147002449923
1499026170985463810
