1871489242532057579
1871489377286631454
1871489491724009753
1871489742522499292
1871489849808548184
1871490008701395212
1871526340861796362
1871527549823750436
1871527683940905449
1871528326302781642
1871528704113029455
1871590422113669475
1871598927411322913
1871607049563562130
1871610386585448745
1871611416219930899
1871619691057389773
1871759321358586092
1871773758048059503
1871797077602353431
1871797180262158769
1871797243096748033
1871803644724801789
1871812429698740596
1871812501161328992
1871812770955751921
1871819265545994308
1871820527742132488
1871820734693245285
1871839232362209774
1871962813385908467
1872168969559511075
1872171031093457069
1872177463322935374
1872178769928270303
1872180782426677388
1872181214213456010
1872181409911288037
1872182527546491349
1872182816781529437
1872201212751380531
1872206228216291807
1872227767908978794
1872228172370260063
1872278882713546952
1872281043375440056
1872327436937068574
1872327571125440528
1872332064135279059
1872333223340257537
