1512831827018682373
1512831938880741382
1512833565301800961
1512845334556205056
1513006061841575941
1513012464253767688
1513017177359925257
1513022207605501953
1513142785548828673
1513144124907565058
1513150873601740804
1513186773907636229
1513186822418939913
1513186885237043203
1513190307420315649
1513190377523920897
1513190993478426628
1513191479824760832
1513208179219648516
1513327589217415168
1513327672092667906
1513338803838414853
1513344679060082689
1513345468633591808
1513353075473678336
1513353497835876356
1513353962883534854
1513354388928331784
1513355072482455555
1513355199213375488
1513355337990123520
1513371843545104389
1513375672512974850
1513376432243675138
1513377791139790848
1513377979866689539
1513381738030190594
1513381792442888192
1513381811640225794
1513382144168853508
1513382331427725312
1513382405578854400
1513384903785607168
1513385110594207747
1513385632659169281
1513387811713720321
1513387894257643522
1513393942577881089
1513395208443990016
1513396246899146754
