1919416931482046718
1919429833190473741
1919436930602975647
1919438399020163208
1919440859646345534
1919443745570779308
1919591573068595395
1919667148043043136
1919668933512093959
1919668985496219771
1919670326704701550
1919673394754420989
1919708798547046874
1919723310725968359
1919723661948551500
1919723691786830227
1919732830327996675
1919764007558291877
1919764152102617141
1919764181613740292
1919775433857417474
1919778202706198875
1919783091373277303
1919783691494293955
1919784626765123602
1919787034774012384
1919787225845531114
1919787306824646873
1919787344590225497
1919789201647690043
1919791637032554634
1919792037299421502
1919801436541460955
1919816875027882384
1919817211608252670
1919817525153694183
1919834586474815532
1919952501911986442
1919957098852712456
1919958578150179114
1919958812460736891
1919960992274121144
1919989290861289576
1919989334129754405
1920010994077900918
1920011825795760306
1920011874462269552
1920012490651390131
1920015633322070472
1920027988995018925
