1443173836275404804
1443181913670242304
1443183631459971072
1443206292437303296
1443207801417842705
1443209032399876106
1443231889049882626
1443231975993602048
1443232003344666627
1443237106004807683
1443241478994612224
1443245159353761795
1443249519852867588
1443250098134077446
1443253936329093128
1443257507321823235
1443257584492834819
1443383560040169472
1443463438886268930
1443471714369769476
1443471968779464709
1443472338557681664
1443473338425249796
1443479734277447686
1443479883665973249
1443479963999490049
1443481926287781890
1443490168955027459
1443491522880544770
1443493271267799041
1443501106374463493
1443514815754895362
1443515557001646085
1443526542890397705
1443527864209399811
1443529671203692553
1443561605531422726
1443566971312750602
1443567172022726663
1443569183929733132
1443573342703742992
1443573592709427215
1443579937739317250
1443580219353227280
1443580346537164806
1443581719278276616
1443582366199402499
1443582953208963072
1443584506359803905
1443589048963010565
