1529805487042342912
1529805650070732800
1529808329203130368
1529808896365236225
1529812363062284288
1529816523518275584
1529816602035621888
1529819192756604928
1529820260018159617
1529821545081626628
1529822034716348417
1529822169735147525
1529823092830220296
1529832763230400512
1529832788886962176
1529851667809652736
1529851672712818690
1529852950687801350
1529854494057504768
1529859361979260931
1529859365657665548
1529862462681407508
1529867624540098568
1529879113548238848
1530014873568317441
1530022698528964608
1530030623146246144
1530031211296727040
1530032085393879040
1530032176401907712
1530042760522534913
1530043342633181185
1530043715771039744
1530047789912436737
1530048566991155200
1530048610725142528
1530048737103736832
1530049009758654464
1530049091757285376
1530049153543581696
1530050246575034368
1530050432906960896
1530050491564310528
1530052763433897984
1530052821583732736
1530069376753209344
1530073271190044673
1530075144131350533
1530075684185710592
1530081357929775105
