1976844432420044806
1976921244303081671
1976921263143895178
1976921358992130063
1976924051580104718
1976929470184603788
1976933176636588520
1976933188405805314
1976933198463688726
1976933849595863469
1976938409920020580
1976938735888744694
1976938840049983745
1976938958920839329
1976970731935416517
1976972321417314700
1976976500613431533
1976977922650165334
1976982469883900378
1976983340143329494
1976983788661190732
1977005218727707083
1977012171877105971
1977025138907353509
1977026194748182633
1977026883436068870
1977028899449229672
1977029654822502619
1977030357657780510
1977041612044951729
1977042239407919189
1977043339687100585
1977043899131802078
1977044155198324908
1977045212745941439
1977045521807425903
1977047898907889704
1977048668722315658
1977049128858534223
1977049674646515743
1977050462462656817
1977050963551961127
1977051430969372865
1977052238133727505
1977054571823611952
1977055581765877981
1977059192927404079
1977068994076328209
1977074463490687150
1977191641191710828
