1462243675992301569
1462243755595948044
1462244318647775238
1462246657832022017
1462248306659131398
1462248423785046023
1462248517527752704
1462249361761394692
1462277216574722055
1462277287018074116
1462278120304611333
1462292170740625410
1462312097862221824
1462314479161544706
1462343842485522437
1462349787173306374
1462413470872182798
1462414183882846212
1462417038756831241
1462417334400806917
1462417373005185024
1462427764657590280
1462428482273562631
1462430216664485888
1462430775089905665
1462430800863842308
1462447275808944132
1462449013311959041
1462452475366023174
1462453470619844611
1462598841018961924
1462599117369053184
1462599157886046209
1462600300456333312
1462659359603761156
1462676505234853889
1462679443726483461
1462682155981492225
1462706047001391104
1462706092958355456
1462706146410569728
1462706176152399872
1462706349104451592
1462706446542393344
1462706461713125379
1462715801824161796
1462717356619141120
1462717999564005376
1462718535130513409
1462718835660779520
