1457324761869000704
1457336513587335175
1457337472258494468
1457338022404366336
1457356290020163589
1457367968531111940
1457368189990367243
1457368588466094085
1457368837007892483
1457369496704851972
1457371124191297539
1457371512906813445
1457371802322104327
1457371939555610627
1457372215322705925
1457372241885233153
1457372271165595650
1457372293517115395
1457372317013528580
1457372337666342917
1457378624307228677
1457387205454753793
1457387282537738241
1457387911360380930
1457388819750133763
1457396137468461057
1457396753964044290
1457521571262648324
1457521786807930885
1457522061744635908
1457525005273628675
1457525067324137474
1457525218545582083
1457525661136916481
1457525778405462019
1457525848014090245
1457526036401246211
1457526696853135367
1457526918446604291
1457527227227066373
1457527324149047298
1457527452763181060
1457527501131948035
1457533485174771715
1457588938990764033
1457593265776054280
1457596500024836099
1457607786087342082
1457612019067068417
1457612606877810692
