1452525888667410436
1452528085329330177
1452529704666157056
1452536697111990274
1452538882646413316
1452539359756836866
1452541801466761218
1452542588234264576
1452573817830666242
1452629636148432901
1452646917398167553
1452838020743254018
1452874139161665540
1452876086237224962
1452912070576377856
1452935441938714625
1452936866496274432
1452987467166990336
1453041194070462468
1453045140973494272
1453045590992973827
1453184429128437762
1453187062480265220
1453200309979734017
1453200933177872392
1453201051591475207
1453201137398550529
1453201261759655940
1453224313633615888
1453224434068770822
1453237899982409736
1453252100675223559
1453252132690440192
1453252190609543175
1453252280355012614
1453252438664884226
1453253349529243651
1453257645075443720
1453265213663453193
1453270686676443138
1453281098558021639
1453287629017989127
1453301383734743043
1453314512245837827
1453314962479218689
1453315155912052736
1453315208751902720
1453315948794941440
1453319094120243201
1453333779242618882
