1534350674921922560
1534350717942890496
1534351725507002368
1534354631316209664
1534378030533349376
1534378051580342272
1534378139270361089
1534378416803545089
1534386353743441920
1534387610495332352
1534413166796734464
1534418948493430784
1534422446085877760
1534423626660737024
1534424597147156480
1534425147498590208
1534426008639590400
1534445156954275840
1534456863353319426
1534485716461244417
1534487611993075712
1534488021940473856
1534488925607108608
1534497947668578304
1534497982921723905
1534497997710852097
1534498023921053696
1534498040002007040
1534498118200627200
1534498669676105728
1534504250327572480
1534506741052112897
1534506918898995200
1534511166814588928
1534511169582821376
1534511737612795905
1534518553831157760
1534518803090264064
1534519017989603335
1534519064487690241
1534519094304681984
1534519321703378944
1534533313951432704
1534534846743138306
1534535103430287361
1534535233927667713
1534536626495291392
1534537417851432961
1534538482713907201
1534539144155656193
