1803011951338897433
1803012027721621943
1803022497694277745
1803039415742411199
1803039554229919932
1803040554802188633
1803058654603624782
1803079046399668442
1803080050159554828
1803080508223762893
1803080844724339190
1803085810679607679
1803085901524029859
1803086823251706183
1803087256246419894
1803107790187274481
1803115587364905090
1803115740284985815
1803116284986663306
1803264767685173295
1803267970887737729
1803282201993421168
1803288262221635784
1803288276868255940
1803288602262294993
1803288734655455354
1803290277869969896
1803364941652721868
1803375811212587349
1803380936622612523
1803381030063317237
1803381145092104677
1803406868481458212
1803407206945267944
1803407236477161698
1803429861341667550
1803443062888366276
1803452076019638347
1803456106041319755
1803457238260129872
1803485255170716127
1803617142069178794
1803639146348696061
1803641142761730543
1803642375958597798
1803662154744340575
1803662352417694174
1803666323484057830
1803666452811239452
1803671385140764886
