1519908114631655424
1519908119580909568
1519909173332692992
1519937681752731648
1519945650330251264
1519945747910709248
1519948301420105728
1519949023855390720
1519949061843189760
1519949090737778688
1519949267007602690
1519949555680542720
1519949624760729600
1519950906259042304
1519953792552534017
1519995082262609928
1519999799915081730
1519999908325249024
1520013742360375296
1520019467308498944
1520042420909789184
1520044942143356928
1520050412749209600
1520051445038710784
1520052297686224896
1520052385980502016
1520061890537603073
1520062774294249472
1520065295091900416
1520079722331336704
1520080737957212160
1520081267349684224
1520086037514842113
1520086646544551937
1520090099379503104
1520090633654145024
1520090682815578112
1520090726964789248
1520092243163774977
1520108760311951360
1520108847691894784
1520108908643491840
1520109126151700480
1520224487593373696
1520224522523521024
1520224748621688832
1520224993124417536
1520225047902060544
1520231055537872896
1520245019361579009
