1925503468292235514
1925503629059826124
1925505475367346528
1925563746585346480
1925564197963718674
1925571104606769344
1925780472870621221
1925781333420196002
1925781883616432217
1925786322968449246
1925789402405470541
1925807860836929982
1925818452456931647
1925830993031671979
1925833190360445003
1925889634329833726
1925891774842536123
1925891821617438754
1925912233634078957
1925912918169665936
1925915970033402266
1925918501451018523
1925920307249901757
1925923192213750135
1925923671199064297
1925923691453427859
1925932644761563241
1925932662595748295
1925978921742238176
1925979624233660902
1925979940270252278
1925980136031043698
1926133201736466519
1926133367696691499
1926145317646241871
1926151058398560522
1926153962102649161
1926156047653212516
1926158304054518240
1926191258030035247
1926192169804538021
1926202996318204144
1926203110898225292
1926211507416641976
1926217932314390729
1926217988190949492
1926220074504917411
1926223526802919583
1926228104600547668
1926228138167570624
