1537453297422204928
1537453591778455552
1537456130599059456
1537457113110556672
1537466614278303749
1537590749696753664
1537601753385824256
1537610806883364864
1537613278192357376
1537638754269032448
1537638922221944833
1537641148315242496
1537641250924679168
1537641323964276736
1537641437986451456
1537641546530844672
1537641872235327489
1537653133295624192
1537673629986529280
1537675953555374085
1537675956415909889
1537677421410807808
1537730345122299904
1537730451816988672
1537733081029054464
1537733263510609920
1537740758027214849
1537741398606487552
1537760586083500032
1537775306903126016
1537777086072496128
1537777196076371968
1537777209317871616
1537777228045357056
1537777258911346689
1537817849535770624
1537817930120843264
1537820691235364864
1537836620002471936
1537836674805141504
1537837100841566208
1537842001680355328
1537843801191895041
1537843988199182336
1537844069941903361
1537844146039230464
1537844199298502657
1537844219770875904
1537844301773697024
1537844388822274051
