1447034574341431306
1447034874087362562
1447050769631350784
1447050860396040200
1447052611316682757
1447057887700783106
1447058482121752584
1447063757792808963
1447064217136222208
1447067507655733259
1447067649070944258
1447086365095518210
1447086374373396485
1447086756147306500
1447092367215894531
1447103327632703494
1447106679191965700
1447113309828751366
1447113773085380618
1447114071405330434
1447115169558003715
1447115187870310400
1447134909651296261
1447135028182327301
1447174787030077441
1447221246026924034
1447222840827121671
1447222943033876485
1447230368776523785
1447249612394303496
1447250067392393217
1447250313333800963
1447250504157859840
1447253088465612808
1447254081962082304
1447254858797498370
1447255090667028486
1447255456632557571
1447257633107300353
1447258284692365312
1447258416242577413
1447258692412329985
1447258840781647874
1447258916505616386
1447258987540344833
1447259020574662660
1447259068976885762
1447259307611852805
1447259662298927111
1447260899392114689
