1921108721054134611
1921112658616439213
1921117352428515553
1921127126503223692
1921128940606820816
1921131270798798934
1921132653303971843
1921133744846414073
1921184263065542964
1921187565891158301
1921187582668357771
1921187818052735017
1921188005135458557
1921194547377303958
1921199033768436136
1921199401021661241
1921200905749189048
1921202220520882266
1921204394139287642
1921210679312240699
1921212865890897926
1921214738941571423
1921223290472853522
1921224348796375538
1921224465410621468
1921228004597883227
1921232561566539782
1921232606026166516
1921239034145194023
1921261312899797460
1921400544049930719
1921402222325207139
1921424672769335751
1921437527539421464
1921484351977497076
1921484543942422908
1921527520949616830
1921527569155060028
1921527599978725752
1921558385717047426
1921567353302651307
1921576745347453211
1921577267676819953
1921579862474850542
1921583554678661373
1921592794704994547
1921652287392411682
1921764730231754833
1921795396952522915
1921800197719413155
