1942995628163826017
1943026063929675961
1943161815443345798
1943161837668962745
1943187022782566564
1943187326059880450
1943193779386650879
1943196281381245404
1943207664898494510
1943210702153617770
1943211174805348785
1943223236747313631
1943223982473515390
1943224693852344511
1943225331441156186
1943226312908509283
1943227824493469992
1943228673613598922
1943231780137635902
1943232011772268793
1943232026376835473
1943232042629763197
1943232060912734286
1943234885876887622
1943235719331483884
1943236375299658242
1943241119824773402
1943241189030777285
1943262442689274249
1943263745830195267
1943266116450816136
1943266274689294837
1943266676037886013
1943269141449687051
1943293077474419074
1943293266885230694
1943294763928818008
1943338327546949822
1943339225090318842
1943339651428700161
1943342547692130676
1943344541106610508
1943345796562227264
1943347229978202430
1943375588414091683
1943520926546731135
1943527320888758450
1943535447625670972
1943541498084987015
1943556300274831839
