1428079289673469954
1428191147411660805
1428191173584117766
1428191244266602507
1428191323643777035
1428191979771371524
1428192124831354883
1428195056712781826
1428195148714758144
1428195189101764612
1428195221871816709
1428195293405667337
1428221147565355014
1428221191395840003
1428226273449439235
1428226319557414924
1428268400816517123
1428277596010151941
1428334843880902666
1428335113692057602
1428335354663161861
1428353561503494158
1428362611486183424
1428363976329469953
1428367618491121668
1428393149169225728
1428394344453578752
1428394866396962818
1428400985123168263
1428402560986058754
1428407812686708736
1428408075518550021
1428536458151829504
1428537347470086145
1428537638164701185
1428539437722439685
1428543704764088326
1428607928815128581
1428619483602554880
1428622555745636356
1428652843720798212
1428652900281061383
1428655995203424258
1428744862585679880
1428747998834483210
1428786758175510529
1428786811329925123
1428787089324134407
1428787105187078152
1428905030380179459
