2004600905094889523
2004623864643686571
2004635125603320289
2004751029607563761
2004759968998981981
2004773095333396669
2004782702638367082
2004818595717783614
2004828350091596287
2004840018582667286
2004840052015407403
2004840291476611319
2004845090036936815
2004846457463976135
2004849322496786623
2004850375875330420
2004851460929102149
2004852411752743399
2004853534362423415
2004853567593783323
2004853743565885870
2004853995685466363
2004854647291609337
2004854827248222611
2004854868440482189
2004855580482261068
2004856698591478274
2004857620881105014
2004859922820071882
2004860638301225410
2004862563482530108
2004864090565722458
2004864094470635944
2004864098442654061
2004893807666692370
2004893872275816744
2004905638896480501
2004919454342545736
2004923783598276721
2004932640059891922
2004937841521164553
2004946250328932818
2004950501201510632
2004950821440803008
2004953787904176266
2004962882300358913
2004963841101422831
2004963972991402178
2005098340363763720
2005098682962846120
