1453358784126935045
1453359160939016205
1453365112765501442
1453366439633514502
1453369122520125440
1453370051374075910
1453371889322131456
1453374250165800964
1453379232315240454
1453379469016633350
1453385380737085440
1453386563736391684
1453390250135285762
1453390263586484226
1453390289863806979
1453390321153286149
1453392905356251137
1453394958174416903
1453394967733231635
1453394970702876674
1453395706622795776
1453406674337742848
1453406991578140672
1453548178838470658
1453548564827676677
1453550931975413768
1453566765036752900
1453572764699222020
1453595573739671559
1453595607185063936
1453603348951625734
1453614219438395392
1453620726888493058
1453620991582560268
1453629053785632771
1453629235231293447
1453630348101783552
1453631697874944004
1453633892087332869
1453634019845832707
1453634113483640835
1453635877247143939
1453641371567353859
1453642375209754631
1453642416607481864
1453644669091385346
1453644803850133504
1453645174165237769
1453651891867439105
1453663854097883143
