1877016433193873556
1877048823794524505
1877179600565874810
1877180206584107383
1877191525215383963
1877191622980485252
1877191678185947451
1877193757231132704
1877194293095420029
1877211211302936836
1877214728772030855
1877214859084886059
1877217190375530840
1877217652915012064
1877251256554549413
1877273437254877364
1877274952484925729
1877276134729199785
1877276216111280281
1877290882644209986
1877296083757359193
1877297324621218196
1877300594219589896
1877330234535800874
1877331835149058091
1877369350966903229
1877386085577220442
1877386103746945422
1877418439150596274
1877605328575148373
1877640924211413257
1877642654982300069
1877644014335426826
1877674920815063354
1877701722845634874
1877708809571058118
1877708860716405212
1877740398355141116
1877912621179076796
1877972123547054588
1877986079145648386
1877987547009482971
1877988029832515620
1877988454849733108
1877988985353511154
1877990133557002599
1877990697082462538
1877993571447431414
1877996575403729013
1878001364552634875
