1473266089693904898
1473266500035170304
1473267854828994560
1473285578233761795
1473295794149023749
1473297983269523458
1473358114892120064
1473488922600624128
1473489177048076292
1473490688503267329
1473503027642306560
1473529870164525057
1473533816820015106
1473534403900968961
1473535554243338244
1473559477588664321
1473561082203574274
1473562485093388288
1473591835066916865
1473593119966777346
1473593592052543490
1473593660537131009
1473593747615088646
1473614505988935688
1473627074837372929
1473644266949787650
1473644527973855233
1473645597349449728
1473646119192203264
1473648452244422657
1473649335153807363
1473649774876246020
1473650049494048768
1473679681119715331
1473697626721853449
1473699337960136711
1473700346472116229
1473700372581699597
1473700947972997135
1473702541904994308
1473702611643678720
1473707668149870592
1473853472189472768
1473854508190945281
1473854776118943746
1473855086069645315
1473857982861434882
1473867925148758016
1473879541844103168
1473893487850319873
