1884546751149093146
1884589495347274020
1884603822670233869
1884604211263864936
1884685524427796655
1884803693377417601
1884871474378396101
1884873563368305037
1884882906105217222
1884886437473947654
1884888390128062775
1884889419791900820
1884957062955716850
1884974069772411288
1884990301783114038
1885201580003385661
1885205968474300817
1885230409979658380
1885231500519760081
1885232350965178426
1885234121804570647
1885235460760625443
1885243513555619951
1885245062210031921
1885245230582018090
1885277872543170602
1885282530385158304
1885292467664085351
1885298861075554654
1885301743715836018
1885329510041546824
1885339725969477918
1885340716764680335
1885393357578686634
1885614620859084806
1885618325339906469
1885622210032791746
1885645059514662966
1885646010896302394
1885651326056411457
1885659043705864491
1885725065934958704
1885725259552395481
1885725293161382153
1885746091607601458
1885922738432618538
1885939165029904705
1885961113491423400
1885962169550066109
1885969050343547169
