1997125473760125373
1997125960983044509
1997126339699302430
1997147729550782824
1997155517966504442
1997158240568987965
1997158314199920678
1997180426733981984
1997203889473704397
1997217565450305999
1997236737769435219
1997237637271490575
1997238474676617393
1997239306918965715
1997240103891243192
1997241326832636215
1997242072865357952
1997243199937785987
1997243987883622600
1997244764308345217
1997252174758175080
1997267274206515253
1997277187511365987
1997277300493349368
1997277523969986623
1997278447778054579
1997279246696460490
1997279291529425297
1997279393694249390
1997279629095383249
1997279854484758890
1997279915323044026
1997280247327461661
1997280428164805076
1997282165546209613
1997328558063296655
1997328583996625045
1997328612799004887
1997364593841279446
1997364687059734699
1997380414793822340
1997489184463061440
1997522746482569454
1997523075206901803
1997685737710551126
1997709542814339423
1997709582798573983
1997709632832405693
1997711937103450192
1997742612451926378
