1993965816161698242
1993967657889182040
1993970280109363639
1993971411657048434
1993972479615029531
1993973581865472216
1993975520288182743
1993976153036747249
1994007455249121736
1994008146034176464
1994016332350935144
1994049263593312687
1994054169162912090
1994059149353865640
1994063876422295759
1994230567576195093
1994238628415857127
1994238702579794090
1994254594478854569
1994264752927986032
1994266520252231957
1994292424143982664
1994295331136393531
1994295803675070569
1994295883735740714
1994296914704281867
1994297243697074438
1994302203360891240
1994303474704765102
1994303869187444913
1994303887373693278
1994320882639229126
1994321969639240109
1994322762723479840
1994323469002268955
1994324389622636622
1994325253909266598
1994328909244965074
1994329052941836439
1994333581204918654
1994334044746928222
1994334083539956213
1994334119736865030
1994334357184516293
1994334772924236174
1994337171960951214
1994338662801400147
1994348264267694102
1994352583335367024
1994352614134194586
