1804087309928947910
1804090438997164061
1804129860354298129
1804129883402158306
1804129906059809025
1804144327456899126
1804144869981720663
1804162418807050517
1804163120157630626
1804165758962086072
1804346558789648414
1804385599782293869
1804385619793051779
1804385645043028355
1804386019774480654
1804408077158092957
1804413987011854700
1804442462339076521
1804530619122413927
1804561979216122024
1804732042305053145
1804740270732484759
1804744529469440381
1804756424461000811
1804781736691487155
1804783782631031078
1804803968406552751
1804812171207200859
1804815465249931771
1804835911638667542
1804838000737607694
1804849606146355637
1804849798396436715
1804849826112417879
1804891501643874635
1805101828326949034
1805110442001567961
1805113145855492281
1805133950454731177
1805135932091519480
1805138009463079058
1805139917665923152
1805143048713887746
1805146396104020323
1805147896620400889
1805149721276866954
1805153024337383643
1805161890664042791
1805171078664253523
1805175307898650673
