1429471947931340804
1429472672941953028
1429479343042940937
1429481501687570438
1429495336033161216
1429496020002504704
1429632654190604291
1429668334241419265
1429668544942272513
1429675856071249920
1429679350643712006
1429682971548651524
1429697390886285314
1429724450371432449
1429727962954297345
1429734842359373828
1429791371833999362
1429802497149857792
1429816385878720513
1429849337216086016
1430003445105266711
1430021709621465093
1430035662355386370
1430039889169420288
1430043315123081222
1430046580703334409
1430047042462572545
1430047187111612421
1430048339068813312
1430051562324258819
1430059914659975170
1430073733482303492
1430074190049157128
1430082712279293952
1430084394241298435
1430087341343789060
1430096581018099712
1430104308104630273
1430175229314322437
1430175696358367237
1430191859465297924
1430192293227556866
1430356445636141063
1430356779578257408
1430356904669179907
1430357232219082752
1430390154015821827
1430397439303852035
1430399615547822083
1430401850189090820
