1849383815988302178
1849399144173162932
1849417804669239432
1849744821520568628
1849750195967554016
1849768270171377962
1849769796138828204
1849770223731343828
1849906399352156554
1850020957634916488
1850030129722032347
1850042572628164616
1850064282077298992
1850090977236746518
1850103792005722331
1850105933390856241
1850107125319750106
1850162787713970410
1850163047890850247
1850399629143138394
1850411702518509677
1850414688481521810
1850417929730318665
1850419357362565518
1850421259114369163
1850426414929191308
1850428102905839885
1850433249933459959
1850467806732767526
1850475347105792015
1850497649742696554
1850772867497197806
1850775925354635703
1850816975590899918
1850819019353518213
1850886876758258102
1850893331917647978
1850893613737050416
1850899810892874078
1851152686487371915
1851165107168166187
1851166664823619678
1851199011987857524
1851201681658204271
1851210755569549808
1851227727736484150
1851233639163453686
1851253333324927075
1851256003825713329
1851264250385248708
