1995035384141811913
1995042591730286628
1995043362437742735
1995043395480543572
1995043430209392680
1995043769520197701
1995052021133578535
1995054066838491385
1995054778641174534
1995079268288917545
1995079499927711986
1995079963767431236
1995080070688551256
1995080391875867109
1995083930740109502
1995097959055372467
1995103045123031480
1995132685799538775
1995145889992859979
1995145950957035796
1995175909838754226
1995180243083256102
1995322340381544456
1995348331133030670
1995348712139505952
1995385469195227392
1995413487120752720
1995414437482893459
1995421274441748840
1995438564096774514
1995438578101571757
1995438606325035241
1995438616315822321
1995438633755799926
1995438648242872819
1995439994283163746
1995442271882519017
1995444529164337464
1995455005839470708
1995462700827336774
1995467818192838879
1995468362281869793
1995469112227860730
1995479022873006568
1995532117619716182
1995702803936018801
1995719735200416104
1995721917806899506
1995770713517719552
1995772034291565045
