1500478955455135749
1500479607191269378
1500479699608543233
1500479724329791493
1500479818420617219
1500479918882582528
1500479926470066183
1500479952143405056
1500479983252549633
1500480081101467650
1500480116090339329
1500502193115308035
1500502405737115654
1500511282880921605
1500639295279091713
1500639529350594560
1500639584555700225
1500640068121161728
1500640102208335872
1500660003040276480
1500675197803712518
1500684613324193794
1500699450217738244
1500700325744832521
1500709477280280578
1500709479591321602
1500714335181553667
1500721323202707456
1500727262362046467
1500727340783239168
1500728105149034497
1500729222255759362
1500729862310735872
1500732702336913408
1500732704698281984
1500733759553171456
1500734703036698630
1500735584398352384
1500738653597106177
1500738658114367488
1500754531184873472
1500754639419240454
1500756001871794178
1500757854068015104
1500759113667874817
1500760116446253056
1500760352166146048
1500760829234671617
1500765027862646784
1500765198675636230
