1830628962806231120
1830629208856682630
1830638898441269284
1830645217554219310
1830649664221393160
1830650222235783354
1830666643405709508
1830666780626559108
1830666958372774138
1830702427521093884
1830702461461635225
1830702474744795604
1830703241396421042
1830775921944436782
1830776873732972595
1830780644416237854
1830780745867984967
1830846492287930749
1830864052366778787
1830965593438331322
1830967034274021430
1830977753224749315
1830980337859731514
1831016326347071682
1831099805327569352
1831100030859485374
1831159138279190939
1831166135175372886
1831166981506314672
1831173923783766218
1831173961519923676
1831174078692053409
1831174174456369599
1831174244559966369
1831174727093592477
1831179596982587876
1831179973995991385
1831185914787164383
1831188479625334801
1831189198201569613
1831189225427137016
1831189534370845084
1831191674325983548
1831192867932672474
1831196078835712399
1831196099551310312
1831196196964045264
1831196215905497260
1831196248830857596
1831196290979356693
