1446507348277686275
1446524244926423040
1446529612876443652
1446536782141485058
1446657055343841280
1446661746391863298
1446677730028769280
1446678849194840065
1446679757488214019
1446689640505741320
1446692684479885315
1446692722581016581
1446692755715936264
1446694178335834112
1446694233407062023
1446695955915427840
1446700420148039685
1446700765641252867
1446724608070078471
1446725780457680897
1446727619047669761
1446729941924532234
1446733276391956481
1446734555847618562
1446735297568395268
1446742072329793541
1446744984900698116
1446746510444531712
1446749746014552072
1446758735439745024
1446760300376576004
1446775180911538176
1446826003259482114
1446826215042473988
1446831409016963074
1446831999633616903
1446834804972920833
1446834936216883203
1446898196655923201
1446898271201361923
1447032721327333376
1447033510661746693
1447033565691068417
1447033673266589696
1447033851830693893
1447033900262313992
1447033974929252354
1447034097835020290
1447034122782740489
1447034329595404288
