1428908909473849351
1428970693161410562
1429001549036933123
1429004114717941762
1429005482950205444
1429028220913950726
1429035589593190401
1429068430586650625
1429069098311245827
1429073941742620675
1429074292470390789
1429075341243523072
1429087527391039493
1429092534794424322
1429097374056468483
1429106250575323144
1429106284494655497
1429106300483358724
1429107715066896390
1429115774719840260
1429121242116739076
1429146721926279172
1429253005954584584
1429257294873645057
1429273905714266115
1429274052351315973
1429274246597906435
1429274564761030658
1429281977211887619
1429286645430292480
1429290555553378307
1429290737653325825
1429311791906136065
1429322032680824840
1429322216185810945
1429322275996651522
1429323955064565761
1429334218656522251
1429335280096452610
1429335812596846593
1429336688950538254
1429336820257488904
1429338673284141061
1429339015723900934
1429350177068883970
1429350624999600132
1429363298709827587
1429445382728142849
1429448437804638209
1429465747684614144
