1545682890935386112
1545698261964447744
1545698272085286912
1546038276036841472
1546167158605901824
1546326303803990016
1546342977026785280
1546342978809384961
1546342981065928706
1546342983351816192
1546356998458843136
1546365629724123141
1546365947065143296
1546367508042903552
1546377480004829184
1546377484249481218
1546384585453613057
1546386098884329472
1546390140389494784
1546409473882849280
1546483812355702785
1546499670821654529
1546681750172368896
1546681914391932929
1546682216948072449
1546682318664122369
1546715222219825152
1546740677324963840
1546742641886625792
1546744095615643648
1546759687982395394
1546759851295944705
1546760175977017344
1546767977886154753
1546771095898198017
1546772249931563008
1546813464772956160
1546825621447225346
1546833616663384064
1546834899507630080
1546837733192376320
1546907771228278785
1546915821582454784
1546918701190250496
1546943330562752512
1547077292156862464
1547086097032761345
1547115711080054784
1547123468831174656
1547146281273159681
