1821461117614293383
1821461500877210023
1821469893960622272
1821470348023320783
1821473614312472678
1821485710660063408
1821498725010739363
1821503445167222820
1821536344482672792
1821572080627835357
1821577017109975409
1821577346400625064
1821577736265359363
1821732091173748772
1821734648508031199
1821738672842059786
1821738736142692510
1821769826051739932
1821770128142246272
1821770153387794662
1821772283406385367
1821788187624108278
1821821008849805597
1821821027896164507
1821821047563546745
1821822971306258918
1821824785434751442
1821825037726314982
1821825114331115558
1821825148657209640
1821825625323135125
1821826856250687849
1821828176231780845
1821829715885170997
1821829751809376413
1821829867861635349
1821830823777103985
1821830969730433275
1821831114375225357
1821831681281548642
1821835232732913936
1821846395101315168
1821854331450101982
1821866126714007807
1821866126726590971
1821866418209452276
1821888487420760342
1821888509407297574
1821888527048552655
1821888564545704068
