1967786620582781379
1967786960736620905
1967820940760453363
1967857386292719810
1967867713058942999
1967880894179578337
1967881213458387014
1967881838292242784
1967882469472079958
1967884140768075848
1967884960414699734
1967885741431853131
1967885806489817397
1967885851406553275
1967886666896642282
1967886889979158729
1967887882758320495
1967902467859087581
1967913014323265873
1967935958575390878
1967943451703644353
1967963388887151056
1967965737047429260
1967966597613842725
1967978160630440316
1967990047287935340
1968121476042924332
1968136574912123144
1968144073887465824
1968147902913462438
1968164878033830205
1968165196360454338
1968213767310725408
1968215294729654562
1968226639197917364
1968226778482348525
1968229990211748267
1968233869070553134
1968237146818650349
1968237584783708167
1968248563726770619
1968250818400006653
1968270964464263423
1968271004922454158
1968271081057456482
1968304946337759358
1968315003406311749
1968319287338393971
1968326639194144877
1968326669665816724
