1471764539439939588
1471767464295895042
1471767467168960514
1471777541467750402
1471786794869874693
1471846867340201987
1471849960291196928
1471850820471701507
1471850948586835972
1471850968912261122
1471852797788254208
1471853735592685569
1471855599524593664
1471855826922967042
1471857905280245761
1472029757743140866
1472033749126709258
1472035724962643978
1472035763776737281
1472036621671305218
1472036638008119303
1472036680030769153
1472036840588726275
1472036949552599041
1472037314830290945
1472037572859727874
1472037985520549893
1472038043959787522
1472038384109453319
1472044419679285251
1472044422250446852
1472044713213448196
1472046386170396672
1472063828829503488
1472065652584169473
1472068498037751808
1472072985045393409
1472080095669932036
1472106295348006913
1472106329078927363
1472106357071302658
1472106599011405826
1472106946127745025
1472113010881617921
1472116308368142336
1472119411557470213
1472119415365906434
1472120030787629056
1472120574906290181
1472131484442001409
