1813808492878438844
1813929427052744790
1813929705999052904
1813930086120260071
1813930377800716681
1813930491764162935
1813954658630865386
1813955517154513208
1813961215489794124
1813961442913325512
1813961664439652647
1813961699315401124
1813961716172259423
1813965772445855787
1813966545640624509
1813975457542672578
1813975485891924285
1813975512253186483
1813975528778743825
1813975540313047045
1813975560219214226
1813975573955555815
1813975588153246132
1813975704784322732
1813975896006815755
1813976087204180068
1813976162718433692
1813976991219253675
1813977081317072999
1813996426311184584
1814004633611968514
1814200848282685629
1814202234860871939
1814204254254776520
1814206419064992192
1814208805636636703
1814210136015097914
1814211737912238119
1814230670731845641
1814278204091228544
1814292396571816307
1814292624812970220
1814362646092898379
1814362664434573465
1814483179853828218
1814518516567187756
1814518568740134974
1814518628613824857
1814548560882639160
1814557268480045160
