1811902917433262202
1811903450390868188
1811904156044513489
1811904643082940485
1811904711227809930
1811904793821974556
1811904985116111257
1811905164162256997
1811905429196132441
1811905471034335339
1811908654389404077
1811908719740956786
1811973675257598219
1812010898996760967
1812011110934974615
1812011179763446106
1812016460430213339
1812030971765752196
1812035805629853732
1812056250013622610
1812057677394018428
1812057720461127866
1812057754577649675
1812057786680774998
1812059183572742440
1812059184336122009
1812059184344481930
1812059184352928219
1812061756748906586
1812074197130133700
1812111701191659979
1812111724583207395
1812124704343208378
1812124716737364199
1812245133687128508
1812245778418876455
1812290637250838547
1812294538859511907
1812365233299616160
1812365484064428244
1812365543589974348
1812365581678477500
1812381302441599153
1812426004788343204
1812615656065638895
1812656354382778686
1812660737510453594
1812672724822855816
1812673880739430886
1812674013573054722
