1878004199004193182
1878023320551002529
1878044290309357733
1878059996191080674
1878060059525013753
1878061485265486203
1878095857444172273
1878114660718625215
1878115910965395688
1878117702201659585
1878119599432200594
1878119874435903813
1878121142155681988
1878122137237471528
1878237370840916097
1878245652620284408
1878245674678161911
1878249939836531063
1878312767985418647
1878327200547823969
1878357841830137933
1878358989966024791
1878360988442886612
1878360994935669076
1878362152337101212
1878363033132466575
1878365534590505035
1878381927071429014
1878383692495912987
1878393778957902088
1878403403774365738
1878445424128012396
1878448827977585069
1878461259374281006
1878465124077302055
1878630092378951730
1878630653484491212
1878636299432935554
1878677680570478810
1878689393063694476
1878714841227210951
1878718492192756072
1878722992391233662
1878723952450863348
1878725183038800232
1878726350464536744
1878726453887705583
1878728628608876947
1878732030734934467
1878739072065425625
