1808161232010072425
1808161383705633226
1808309300252549360
1808309316128018653
1808310448036380729
1808315886169731526
1808320051344277570
1808379279971062109
1808379332156613108
1808379369834045465
1808399638879191451
1808400027338879377
1808400084721455336
1808400140665082185
1808400155617772008
1808400172801839570
1808400191764287877
1808405502923362694
1808405751401988276
1808405764463382862
1808405785673977954
1808406023843307772
1808406044911046877
1808415400683569587
1808427503264108752
1808427655860986348
1808438717050445836
1808438751468925003
1808438780019593292
1808439505298604076
1808440269530100129
1808467023904616661
1808512512629121531
1808526687820460493
1808542365742944481
1808543140720320933
1808546619002081542
1808556304346329581
1808753248075203014
1808756852261539879
1808757197377319101
1808758269441421561
1808762467717369981
1808786899026522124
1808786909008670872
1808788585601970444
1808788614173618237
1808788648353059103
1808791244899799286
1808791538098426255
