1476938076500815875
1476938087900930050
1476953433919954954
1476983997129498625
1476984541923348482
1476987069989679105
1477122183109349377
1477129454811971584
1477130946809712640
1477131090431131654
1477160037537648644
1477160390400167937
1477163132850036737
1477168237318049793
1477168294473781248
1477169164766748673
1477187070229504000
1477189380150202368
1477195807476617217
1477209602986954752
1477230872310915072
1477231676740673536
1477249291290746882
1477249636985311233
1477274991469072387
1477275168032526343
1477277132220817409
1477278468358361091
1477289006958198784
1477323054883639298
1477324667589332998
1477340735091314690
1477354584838266881
1477556024261296130
1477591594639368192
1477610199535874048
1477660690097659904
1477661705274413057
1477662676255866882
1477663020159365122
1477663290159292421
1477663454458638338
1477663522901266432
1477663647790866433
1477663927613808640
1477665856146399233
1477666342220095489
1477671089945776133
1477673299152814080
1477682479607681026
