1464060705372401672
1464071941413691404
1464072102852497409
1464072483418501124
1464073065810173959
1464073270634844164
1464073367837761542
1464073392387080193
1464074003987910658
1464074373891969034
1464079490552762371
1464090245570330628
1464092168407031808
1464112913740746752
1464123340478550019
1464126072723701765
1464128522620866560
1464128538894684165
1464128655500578821
1464129791997591552
1464130774492332042
1464130968449548294
1464134715774930947
1464143333589020676
1464147850053373956
1464153422907727877
1464158217928265732
1464174672145117185
1464180389828710400
1464181760200118278
1464182997779845122
1464184253801893891
1464184454067351557
1464192377204076544
1464192503096102912
1464209230919979011
1464210301440516096
1464235159813722116
1464247846782128130
1464248108271820805
1464248257744228354
1464261294102511616
1464261719899860992
1464268874715590662
1464271077710782469
1464297295839588353
1464297328618074115
1464297485925433348
1464402946578214917
1464406600282611713
