1435555011585458180
1435555123321737220
1435559229859926017
1435559300986912770
1435560143207337984
1435560196516954121
1435560251550437384
1435561629551235072
1435568809469890560
1435606594885074944
1435617390549635073
1435627348406124549
1435630907990294530
1435632725516423172
1435633351944130560
1435634784814854150
1435646213802508298
1435646257406480392
1435792748326518784
1435793056469377029
1435834694533218306
1435838197024505859
1435844730097586176
1435856735701397504
1435859797266493443
1435862924858298375
1435864819777753091
1435866747962228741
1435869741541847044
1435871856385429507
1435873167835164676
1435876340842917888
1435877099605090311
1435877303095943168
1435878569385758720
1435879415817261059
1435879556024393732
1435879771162824705
1435881008541290496
1435881279774355461
1435881365816307714
1435881736177479687
1435883119056355329
1435883436879736833
1435884353733607425
1435884732974186496
1435890086835486720
1435892008753582080
1435900211792998403
1435913120870850565
