1552504906782629890
1552526116203610112
1552530294409871360
1552549308494278657
1552560824824496128
1552578184423518208
1552615123470413825
1552616601366970368
1552674791093850112
1552676518979338240
1552685066421403648
1552688297012756481
1552691769086967808
1552695287562801152
1552696356120461318
1552704795152044033
1552704805142900741
1552704815985135623
1552704826923896832
1552713647448723459
1552864057224376320
1552864115156086785
1552882940136554496
1552892337462079488
1552892341459238912
1552896620970536960
1552898697658535936
1552904247335067648
1552908567526916096
1552914990096842752
1552921049322635264
1552927324576030721
1552948635801128961
1552962836745269248
1552986910762536960
1553085870336421889
1553219796795551744
1553220943048482816
1553249025998344192
1553255827464925185
1553274976668553216
1553279512296980480
1553279515698536449
1553280947361312768
1553285579055308800
1553286645356437504
1553301243120218112
1553332141076779008
1553338565371006976
1553362578172432384
