1455112202994655243
1455112359291146243
1455112462328426499
1455116392592592902
1455116399945216011
1455116915290959877
1455117457966829572
1455131873747734528
1455149206478356483
1455174903221481473
1455204222752882694
1455204245901242372
1455206224996175882
1455206731177361413
1455209636705882112
1455209784467079168
1455209986213105664
1455210427181195264
1455210590138343428
1455210765128851457
1455239589103210497
1455240247202103298
1455242361546543105
1455343264244977666
1455343384671842306
1455345769779585027
1455346214472327168
1455346422333665282
1455356525757689858
1455357232644644865
1455357945575723015
1455360060213764096
1455366204902633473
1455366235940540417
1455370570531475457
1455374455908278280
1455401581088628753
1455416892802306049
1455421480058056708
1455429672896851970
1455430427984818177
1455431476120469504
1455453755512541188
1455478564854194181
1455483246909661189
1455491439224184838
1455491700948750342
1455549382577717249
1455566922494271493
1455568845188386817
