1878739575851655447
1878747290330161430
1878747411361014089
1878755817673101412
1878757930872553676
1878757960488542428
1878769911486644416
1878800959847190729
1878802584053653854
1878805102846452044
1878806326173970576
1878821379442921608
1878841742126198875
1878853133692199003
1878859866099638734
1878872127576985946
1878872163987640503
1878977839480881463
1878984145214586946
1879032858804920537
1879038464337064158
1879104978931126655
1879106236450558342
1879107802188452112
1879108255932452881
1879114974917972377
1879127875653357785
1879192369905676759
1879198077514600611
1879205514850205904
1879230121581900281
1879230371151417841
1879399741471223985
1879426311510462583
1879428258556715404
1879429337189101739
1879430375669448913
1879431459477610803
1879432258643452140
1879432919938449661
1879433734476423458
1879434399512424838
1879436390846636104
1879438719691915607
1879447272678903822
1879469912370131015
1879512507288875053
1879524041444483498
1879524083354022160
1879525738308853902
