1504492718021832710
1504661374483726336
1504661907391008776
1504662075603566595
1504676696477540352
1504695711744802818
1504697416569991168
1504701018197704717
1504701967503093761
1504704126894362624
1504713895436378115
1504713951950479360
1504722152213610497
1504727870563766281
1504728150961373184
1504731600797413383
1504731974820253696
1504732118290640896
1504732251518472192
1504733400380309509
1504733479367368704
1504734007774224385
1504740186424418308
1504740331459276807
1504741073964265472
1504741284350619648
1504741919275905035
1504742416439341058
1504742523670917120
1504742892551958528
1504745050638778372
1504748205602656257
1504748345633705985
1504748901219586049
1504755754015752193
1504782890617298947
1504783478193549312
1504784042545545216
1504786218005188609
1504789063509114882
1504790767323480066
1504790804438872065
1504790850769133571
1504790904884051970
1504790968150929408
1504791093556441088
1504791134354444291
1504798099310804995
1504798136287772673
1504815985756278787
