1939277843575517464
1939278372678636001
1939316156206391613
1939333789341347885
1939333899727057258
1939335887495774241
1939343095369494689
1939598923733336382
1939600112097075415
1939600978392555617
1939603603251187959
1939604749843849688
1939605855172968544
1939605991320137837
1939607544697409575
1939608741911105754
1939609728335991163
1939610187662598481
1939667813272260998
1939668564040110544
1939683279873151433
1939683737769521552
1939689024442261890
1939689581785518560
1939697440552059296
1939749841724383245
1939851448054894980
1939855222127698377
1939902100038959592
1939902836625875369
1939903029219836259
1939903951421558953
1939931785351024964
1939945520178373000
1939962614135628082
1939965458578313454
1939966312756744676
1939967077864870181
1939967944672383247
1939968713400172893
1939969561337418041
1939970224427540776
1939970802146787798
1939972363388403718
1939972368694133133
1939972373031055802
1939973233303810242
1939996897026150615
1940005834647597415
1940019550499529145
