1840412797865250862
1840413602328809500
1840429468554555478
1840449083653427567
1840459007380881776
1840463692636582095
1840659256342974792
1840660791944741001
1840660797904797934
1840661733821878528
1840662136969961811
1840669224265793646
1840669658078470260
1840672996102475982
1840673053115621407
1840673085944390074
1840673181750718947
1840678104915681679
1840689440097726752
1840703518950162554
1840714268368581103
1840718005308997937
1840724794418794549
1840725140654465532
1840734111318856076
1840737473905004886
1840737592788267238
1840747160029049233
1840747174847479842
1840749205767233543
1840759752151781791
1840759944045375511
1840764375457571146
1840768622022586773
1840770809813708860
1840771201914085722
1840771787363406127
1840772309520687216
1840773200000819371
1840774682397884757
1840779151604920622
1840781720280604919
1840781735417803069
1840781894088380811
1840788447696429204
1840788501266403602
1840788644493222397
1840804167893344608
1840804927079157996
1840810527385157837
