1495997931308347392
1495999743058911235
1496004053746479104
1496015381164871682
1496016401953607681
1496019114380623874
1496025639584940034
1496025655439671298
1496025693326823426
1496036762652712960
1496036765920292864
1496042593968439298
1496043515369132033
1496043808064425984
1496044924500066305
1496045530384048131
1496045731668697088
1496045824916475904
1496045986841763843
1496046471355179011
1496046631703433216
1496046678771920897
1496046817636921348
1496047190191804420
1496047882260324359
1496047891718479875
1496048201325252610
1496049632392413187
1496051145877618693
1496054244138524675
1496054390075293699
1496054549307887620
1496058647860105219
1496058701505232900
1496058892304158722
1496058957236150275
1496059002660466692
1496059970856849408
1496072819805163523
1496073976774524928
1496073990083059715
1496074119284428800
1496074191032168449
1496074255846744064
1496074278944784386
1496074303397560324
1496074345923608576
1496074436034068486
1496074471647899650
1496074524357709827
