1442842285385736203
1442842695802634245
1442843003064778758
1442845277417877511
1442845439271882752
1442853564578209793
1442856389613744131
1442858157106085888
1442858222432387073
1442874678725341191
1442876376931913728
1442876485337972737
1442877277319041034
1442879827200016390
1442880058163531778
1442882248928161796
1442882431002939397
1442884666365677568
1442917400173678597
1442919035079823360
1443089401509150720
1443092294639390725
1443092857368154115
1443092934308425728
1443093230887727105
1443093287238201345
1443094907401371651
1443096377295183873
1443097131112296448
1443097262956023809
1443120182772174852
1443120817563262982
1443122180443631620
1443123420762238977
1443124406511800322
1443125373571526658
1443127042711515139
1443136220419149835
1443149181980319744
1443153296550596614
1443157929700433928
1443159739030917128
1443161107128930305
1443167770892406784
1443168439011401728
1443168514760601612
1443171761277734917
1443172728052207617
1443172885531480066
1443173032160206853
