1431665462463512581
1431799889004937219
1431807573334716416
1431807643836846082
1431807832723099651
1431807916693024768
1431808041557499906
1431850926176804867
1431893900914950146
1431898327407161346
1431900624874971139
1431904566744805383
1431904637016166401
1431904741806669831
1431930865479667716
1431963088673288203
1431968651750506503
1431981194300690434
1431982003646124033
1431985366387462154
1431992385492324357
1432034439337414660
1432180096735928327
1432198219857989632
1432202150008877056
1432202731595309059
1432214689891553284
1432224749975785474
1432225870781968388
1432226421103943690
1432227796722466817
1432228857709350912
1432230661746692100
1432234666174476289
1432238275964534788
1432240932078817280
1432242300923506689
1432244574034956291
1432246340092719104
1432252607234330632
1432254587856048131
1432267624432353291
1432271433493737479
1432273179670581250
1432275117925564416
1432277843191336961
1432279910299566083
1432281164782268417
1432283500380520459
1432296826040774656
