1839592086384861189
1839592272788161015
1839594390504784290
1839596155115548779
1839613189304234100
1839613658747269627
1839613750703247388
1839614222990201000
1839615226783867347
1839615905317494830
1839615923906642087
1839619077649662057
1839621946520019037
1839629789759725708
1839632370477003015
1839632408687317237
1839667767777149401
1839668185819480206
1839689456011370776
1839690270931386644
1839691068507562464
1839691633505501195
1839706934728868075
1839707046436102574
1839707422723817926
1839707960039399738
1839723004630282355
1839723645586837945
1839723676737888496
1839728678583849097
1839731588969705942
1839733222718222716
1839841597229351305
1839842327948353859
1839909738831626683
1839932193088442381
1839932868123873740
1839934094337012132
1839935652801949866
1839935690244505900
1839955064154116547
1839955849243967775
1839965049294639301
1839965075831992763
1839965322595488070
1839965354807738756
1839965926180921505
1839966327240323534
1839966463391584446
1839971793295069519
