1438440316541890561
1438440533261574145
1438440651268321281
1438441190735507460
1438442022126305286
1438442064740425731
1438446689765838849
1438464078108712963
1438477874550370305
1438478501804314626
1438479129133805568
1438480171409952777
1438480211973066755
1438480543490793475
1438485422653333511
1438499484795760640
1438500192810983426
1438504693789913105
1438506340712779783
1438526542716362761
1438528041563541504
1438542256563126273
1438543646203150338
1438718812581359619
1438720596859244545
1438729240149565444
1438732038492745731
1438732163126493184
1438732173666701318
1438732502881878018
1438733092638715909
1438733130119086082
1438733738649608200
1438733964408025088
1438735575989710849
1438739727906082822
1438740254186356740
1438740263707443202
1438740276189622276
1438740326659682310
1438741483473960963
1438745293000900609
1438746080871534595
1438746774286450688
1438747968744525824
1438751983607828481
1438752016306618369
1438766663957028864
1438771763484119044
1438771955641962500
