1924024819986624868
1924024985070559265
1924090611625579000
1924103584863473705
1924132638065147937
1924148748533604636
1924149101777887465
1924149289653252108
1924150862274080775
1924151222027899381
1924267124593426797
1924344497527513185
1924354652407251409
1924378122730008903
1924380243986665716
1924383969753350405
1924384930290864192
1924385899212587449
1924386890712494581
1924388173922320385
1924389338474746361
1924392370172461191
1924392454704505213
1924392865356013595
1924392889846550682
1924414193584738661
1924428822222668160
1924431292344766753
1924437136746614876
1924458695293083836
1924465729476448538
1924479335882252673
1924490386254533101
1924492666101964960
1924508717862600719
1924616922940968976
1924620395531128861
1924625492575191397
1924706273544794571
1924713939210010652
1924723314200870993
1924723593877029338
1924724426601582962
1924724651466621075
1924724767527231799
1924741671759294730
1924755092491927704
1924756229408317578
1924757342018797878
1924757374268801156
