2014265147431551292
2014265918088720652
2014268131557146747
2014270343318556928
2014271294519615542
2014280647389671478
2014280750691213498
2014286584464715830
2014294145624658358
2014302816484077819
2014318052050178154
2014383446668542095
2014393658288775399
2014571720947204124
2014602536473477256
2014612062593532342
2014612211671707837
2014615458843169082
2014619612726624723
2014620210452639950
2014620881688170954
2014622357776912724
2014622677852684341
2014643437547749545
2014643516291613160
2014650978679849070
2014655431709491393
2014672727945461776
2014680410916258058
2014702435294707888
2014749860344562124
2014883176137826596
2014884317697343976
2014887509222949221
2014887605780021697
2014887680224719171
2014945602568913013
2014968829324226977
2014968886249324960
2014969205385527779
2014969467957346819
2014975014630785065
2014975274266574977
2014988383970623529
2014988734199169245
2014989038441451814
2015001475857219845
2015001749845938686
2015002629051670646
2015003346877506019
