1952949543282348361
1952964622245634241
1952965216146473310
1952965247473729932
1952969188416602144
1952971142437978595
1952972341971202167
1952974172327751867
1952975378932511018
1952976926660014357
1952977789050921069
1953001218726609066
1953004686954418297
1953006744491442555
1953015732876325144
1953021268632191021
1953056573422481641
1953056839295275034
1953056948489793681
1953057661718565294
1953091786718756903
1953091858994778445
1953091996467511812
1953093526985830828
1953093816086610412
1953096330764816463
1953101924204724321
1953148483281797625
1953149293805932609
1953154154140176615
1953263573787931090
1953273044937703606
1953273188613562519
1953273265646125169
1953273408424427545
1953273447989297254
1953273533540515940
1953273556542079192
1953291598034551123
1953295093336609267
1953295154875400453
1953295309754568709
1953295381221028070
1953295796570669551
1953295950442614904
1953296007157928221
1953296103131996498
1953296237387735463
1953303729698161149
1953316561181393235
