1918714168250912860
1918719737028354283
1918719802740552057
1918719828971467065
1918724092913733676
1918724129072853081
1918869675636674802
1918882027236987004
1918884212675109063
1918885318960267270
1918887115632644337
1918894950776820035
1918896376538128584
1918915896485249214
1918922131548536893
1918949690818601371
1918991700875497613
1919002782067040463
1919002805538267232
1919050865261862965
1919051798762967131
1919051970012139603
1919067517919907989
1919067591324111100
1919226517751566638
1919227951704420487
1919273028879520191
1919291418356469975
1919304573900267961
1919307497002676557
1919308625337549253
1919310252505551192
1919311518899790180
1919311958656086181
1919312396306219141
1919313507444814281
1919315134490837418
1919315543758082445
1919316931498107126
1919343370776039534
1919345816323654079
1919355564343316483
1919356882562810254
1919371633854394861
1919372909119758735
1919390411648344350
1919410222231179673
1919411614467371144
1919415212664623339
1919416037767819270
