1801143489184641227
1801145547056980230
1801150865212096549
1801159966113370506
1801160479949353424
1801161685367189762
1801161853596492025
1801174144911802822
1801190942377943215
1801192141701685717
1801193330187071919
1801195675339915665
1801213768208457962
1801238975124058319
1801242207191511362
1801283660714594762
1801283929108083121
1801285028980429259
1801285627062927551
1801285736878276665
1801287951277515114
1801288142244454633
1801291312198549981
1801303171014541734
1801450954702917998
1801470403921031667
1801488574384058595
1801489447885705664
1801507792991252677
1801507798997733411
1801516464824062147
1801517829646336472
1801520112949989646
1801521915846398464
1801524079020884313
1801525920882430007
1801526473796522451
1801526489269289280
1801526738503221691
1801529452385403289
1801529507930902717
1801531120611430406
1801531170783695237
1801531186348757455
1801532503347630441
1801540450832289928
1801540541538254886
1801540579278602727
1801540627911569807
1801540740587393221
