1502522605987057664
1502523504670826496
1502523579220430848
1502529565243351040
1502531254876803074
1502532684626927621
1502550360795545601
1502574572230819845
1502576881228742656
1502576885280407556
1502578285381025792
1502597641028648966
1502603039756103681
1502603118478970887
1502604999519784968
1502652174119346181
1502653179242364931
1502656183093833735
1502664397809860616
1502666683449700352
1502689369404379140
1502689414799294466
1502689727031681026
1502689749492207616
1502689775538831362
1502690087859257350
1502690198081372160
1502690279727722497
1502723721358118912
1502750785440186368
1502750895196753920
1502750913244856321
1502751276836466691
1502966246551474184
1502975677989269513
1503257961774612483
1503267085480493056
1503267925830303752
1503276301494337539
1503276871303467010
1503278085369888769
1503279330348400640
1503281312463228928
1503281315009167360
1503283923111268353
1503283925724327938
1503285946783256580
1503285949266300929
1503287925299359748
1503287928143118338
