1842266010600034325
1842266214812295362
1842266367082258487
1842268019625791986
1842268842820861958
1842273771367137510
1842420346248745240
1842429714608095247
1842429767875764384
1842442626383192067
1842450714062123068
1842456501190836414
1842459714010964192
1842464935097368716
1842469173990920516
1842469645799862292
1842471298145857582
1842483188226232380
1842483308833407205
1842503818199597065
1842535274531971290
1842544566492352682
1842565143139586496
1842565307866718521
1842565465710932002
1842566713621250101
1842588001307967884
1842588121701216674
1842602487821533211
1842602565441343581
1842602606100947308
1842602784040124832
1842604240440627263
1842753298304233641
1842753328171909388
1842755274182148259
1842755284810567700
1842756358728495186
1842792530326499425
1842792579429208534
1842855796293451900
1842856960552812801
1842859002021253390
1842859338035306607
1842859979444805692
1842860671949574341
1842860980922941724
1842861287186870301
1842861596596453745
1842862138114634167
