1454693806800982022
1454708719082618888
1454718716009058311
1454718879838572549
1454719628437979139
1454830832846213125
1454835634766450690
1454838126719864848
1454838539913285649
1454838658159112206
1454838994777165824
1454847480009420803
1454847706174672909
1454848523229220868
1454848910451613703
1454862723934609412
1454862793602076672
1454866405262721027
1454963402904793091
1454963962634637312
1454964429854937088
1454973826828177416
1454975553165938691
1454976042532151297
1454982450287808512
1454985292478255109
1454987655029030916
1454990058788818949
1454990398330322946
1455016248157229057
1455016929270251522
1455018150831923204
1455018358680657925
1455018531293044744
1455044609038426115
1455053996243107842
1455058099669110791
1455079201271205891
1455082993882570759
1455085019450413061
1455086174582697993
1455089095537946627
1455089660837855233
1455092354310807553
1455095582712758274
1455101614008639493
1455102476311404545
1455102486297993223
1455105881788452864
1455105887257837571
