1627198565226520578
1627330289545646080
1627578322392879104
1627693813929246723
1627958770591744005
1628030692474130433
1628053743525822466
1628059354078543872
1628060972727341063
1628081471968935936
1628662756965756928
1628787441460211717
1629031187351216130
1629177934920708096
1629450016778772482
1629763936479510528
1630083156547371008
1630760822392918020
1630795638685437952
1630830631856001024
1630857247516655622
1630862421043867648
1630959969981054976
1630967382008283136
1631553227681599491
1631555525057081344
1631640963004375042
1631683037699403776
1631923088903540739
1631923092757831680
1631963608904241152
1632031977527468032
1632051230720802816
1632291293375385601
1632317747479846913
1632351746533244932
1632363377027870722
1632394899273424896
1632408731827978240
1632409751060623361
1632428775156912128
1632439558917984256
1632601043342364672
1632671139997847552
1632757501530869760
1632779047766994944
1632963366431109120
1632975447263940608
1632988456493404160
1633005497338204160
