1959959055683973621
1959995192439951416
1959995910076948592
1959997062520705271
1959998002346795487
1959998912800215339
1960000025863315729
1960001432851194046
1960002900303950216
1960003660437758283
1960004600569930004
1960005546070942064
1960020771830395126
1960042524812492845
1960044472651444429
1960055013549768722
1960201206351221036
1960208520168824856
1960215127073960015
1960215168631054451
1960215366077972962
1960215466284396954
1960215493236732167
1960215751576457591
1960216794087465248
1960218212475298026
1960218216862535841
1960218245962625370
1960218475177422931
1960218727170842787
1960218932675010875
1960219120604971468
1960219155912704150
1960219700492718475
1960231664354779570
1960235340708319477
1960239392544452727
1960247020628951172
1960247266410975357
1960249921887731818
1960253580402946151
1960253963019931763
1960254785627791861
1960255219352105470
1960255491365642411
1960257921532744049
1960281536856494334
1960283908211429886
1960326947411837352
1960332631662600555
