1820375856189182353
1820432802375967012
1820433310922981415
1820436773090042223
1820436854728015911
1820436924408205738
1820442557001965646
1820443293991546961
1820443420730741227
1820443444889702882
1820447617840791940
1820447831116980460
1820448312484659668
1820448848671547855
1820479336572649491
1820672720981328008
1820710854041735628
1820712944365162613
1820713100149932537
1820713211684893007
1820713396494348722
1820713460080030173
1820738384060350798
1820747807088619908
1820748393418789133
1820749544851730825
1820756789924651222
1820756889296044270
1820758557664723271
1820775165308830024
1820779530157723966
1820781429326008752
1820795581318787110
1820798864406003812
1820802689850282355
1820804913720672430
1820866396362043625
1820880538036793532
1820884697272217758
1820884974398271809
1820885048046055523
1820887965914353713
1820889910842421573
1820893366776897637
1820988089009135885
1820988250992873878
1820988889265271204
1821044177494585360
1821044208251420900
1821044240656560158
