1460845271106011145
1460847580204584966
1460849223906172929
1460868006741827591
1460871607526719488
1460889233724370945
1460896567364227072
1460897784962289664
1460897863475494912
1460898435465236481
1460901969132810240
1460979338661093379
1460986865658388481
1460992898132971520
1461007049827831810
1461009613982027778
1461010228221136896
1461010609932144648
1461010707739070465
1461010776353767429
1461015519255953410
1461016422499303426
1461016502371438595
1461016549582467076
1461017138806722561
1461172201386700804
1461202135199076352
1461203215618240516
1461209999951073282
1461215058340446214
1461218444192333830
1461223811727060992
1461232147633606657
1461245825946841093
1461256360453050371
1461256897302913029
1461263060316741634
1461263573426991104
1461265357436379138
1461265452047290376
1461270856001200131
1461280974780567560
1461322975576137735
1461353039529349135
1461382151765561347
1461385146750226435
1461385632807194628
1461385704659828736
1461390840496939013
1461396939639955456
