1636638456238739456
1636692554820501506
1636692930743373828
1636701705827139584
1636742019203883008
1636751458682146817
1636965443956273153
1637009498786373633
1637044573125103616
1637056963300429824
1637085380276285441
1637742778137362432
1637781774280318978
1637824046003011589
1637854938985529344
1637863179442085891
1638009210691637250
1638009849953828864
1638035439448891394
1638043963843280896
1638046715671642112
1638047015451115520
1638065152766668801
1638074147061522433
1638076094908887046
1638084069195124741
1638164413914963968
1638361788860473344
1638367391758286848
1638397978384760832
1638406588498161665
1638428645755854848
1638460052943302656
1638535499517431808
1638570685424619521
1638604476524142594
1638766959692247040
1638770211376762881
1638822498413453313
1638832805957505025
1638874401717493761
1638888036099584002
1638888038976880640
1639125625700253696
1639135967339741184
1639239948510593025
1639561142162038784
1639573672066428929
1639646194099187712
1639858770682716161
