1405363459798142978
1405363539397599232
1405363598914777089
1405363962317664258
1405364662875553792
1405365578995404801
1405377809334226950
1405430570604060674
1405460721958150145
1405512093806125057
1405517292809555978
1405517646548799495
1405519129004548104
1405556705270779904
1405562733353836547
1405563907398197253
1405582356321214472
1405585011214938112
1405709780455329795
1405710096705855493
1405710136044228610
1405714142653124608
1405715447266254850
1405716424341917699
1405730278404886529
1405731756213297155
1405790070188040195
1405798173239496706
1405801172779245569
1405845867026919429
1405892080522592262
1405892139171545090
1405892673135730689
1405893888108208128
1405897514209800195
1405911311389650945
1405917132932616193
1405917545131954178
1405917602002571265
1405935769450024960
1405937569817190400
1405938649749807104
1405938945834160131
1406083554384093192
1406093206748418048
1406120176643280896
1406120812453654530
1406120877398192133
1406135608930553872
1406145451024281605
