1421510284196212737
1421511766744305666
1421516680014884866
1421518899103682561
1421522937757065218
1421523583206006790
1421550705748238337
1421552126136774657
1421703660413743111
1421703727161831426
1421731829455880194
1421742049510920194
1421759888099659776
1421812592306130952
1421826937148743683
1421839188249300997
1421839689963610121
1422035236687282177
1422036982104952833
1422038810142068739
1422039883883814912
1422050164169056267
1422061325493043201
1422073418770313217
1422094942294315011
1422099085289353225
1422099177345937408
1422106457722425345
1422106807309201410
1422107582248873985
1422107965482364929
1422108149469782018
1422108261415669768
1422118524353355778
1422129332902760451
1422129370383093763
1422143710591021059
1422143793810137089
1422157737048174595
1422161048744783874
1422177146764632076
1422188352061591555
1422190862243532805
1422190923987836928
1422191324552339456
1422191330667556871
1422192069968162821
1422200456193843205
1422201063541673991
1422201131023835139
