1917423800087634395
1917434335705149878
1917434416592310502
1917438946042143049
1917439265341858267
1917457092593455411
1917457116450656689
1917479129559228480
1917484686642971086
1917492873953427855
1917494446469361817
1917500370491957619
1917506935244620116
1917510730045349923
1917519761229111711
1917527320463827182
1917528121714303054
1917529668644921755
1917529707681308761
1917533283543572660
1917548011011596433
1917549576187412858
1917563811923648902
1917563997198639275
1917564042610377047
1917576489866031582
1917583237733405122
1917583261200703654
1917583301939978450
1917583677724451270
1917587640142246302
1917588447105273865
1917589662140621190
1917589679375004091
1917590322215018627
1917594840340259257
1917599790940184666
1917599853087252941
1917599958833979882
1917601202227011851
1917601599352103415
1917616518684369310
1917616755377332438
1917618401083810215
1917620447962690004
1917631540227698859
1917637896171053526
1917639142281761175
1917640002168840315
1917781247428026378
