1915400621068599730
1915421720296489189
1915421825116274829
1915421833006047248
1915427869360296031
1915428988262244857
1915436610306609447
1915436772441612781
1915436815735284216
1915679104751239253
1915688746638606799
1915689904295862650
1915691748879192268
1915693655584890886
1915696130731749678
1915696276647067739
1915701117167768012
1915711675401212038
1915723908025663853
1915724955494559935
1915750864058474513
1915752555889770533
1915755559762247847
1915757650438131928
1915759011070382463
1915762841384087811
1915762851387674889
1915762863043666035
1915762875425280407
1915764381293363416
1915771673946804671
1915772629283398003
1915774271907119173
1915799755193827423
1915957154856702313
1915965640596459802
1916042371994620150
1916045061856301288
1916047598026428910
1916047601708773743
1916048725887095164
1916050025693512072
1916052083540742415
1916054128335179887
1916055451126665227
1916058237264122345
1916061402177147110
1916061675309985818
1916062309769683070
1916063100341551446
