1510867215029256192
1510869799014105090
1510878238771318785
1510900330225041410
1510917014248108035
1510919441143701506
1510933456800616455
1510934814748475395
1510948990267060224
1510948993286942720
1510954821389815808
1510955302593904640
1510996158696476673
1511009745888440320
1511009760555937795
1511009907234930690
1511012853955788802
1511013255744933894
1511013417091428355
1511013750991556616
1511014373946540039
1511015138073014273
1511042855418048519
1511043615987945474
1511045152797708289
1511049969880363011
1511180452727783428
1511183060435615749
1511184286019293185
1511189667835953154
1511192477146894337
1511197909479731201
1511198101377515530
1511201479738413059
1511211896653086724
1511220300708724737
1511220961009598464
1511221143847714824
1511221773047844865
1511222393163108354
1511224530471354371
1511225753232642049
1511226970595823616
1511240506894069760
1511243322261897218
1511244386130329604
1511245325503430658
1511251446792359939
1511252916170268673
1511254022845767681
