1397182242368233480
1397182306532667401
1397183286255005699
1397183454647836673
1397189455665111042
1397192802983989262
1397194616923897867
1397196578239225866
1397196726394671110
1397197871355674627
1397205884569276420
1397210308456878095
1397218377521844241
1397230406794194951
1397397524789477377
1397425977429348354
1397426576241750019
1397426601063698434
1397426787047546881
1397427102081708033
1397427140857978883
1397440358150119424
1397440396616101890
1397441879080280070
1397452030071902209
1397465201478279169
1397478225157099522
1397486036301737984
1397486268771049477
1397488672526585858
1397492217493692421
1397506004116332544
1397507676184084483
1397507679942189058
1397508802488930312
1397522441639845898
1397524688360722432
1397525037591060484
1397529917298909188
1397538697441021952
1397540136796049412
1397550410177474565
1397552388471357443
1397560837196288001
1397561818940252165
1397562828777615362
1397564289125257219
1397564705611284480
1397565192255336448
1397565329694334978
