1484820584198717443
1484839366749204481
1484859535336800259
1484860084476088321
1484860948368486407
1484860994715549696
1484881836677476352
1484882591723528193
1484908860053852162
1484910219499290626
1485126648324562945
1485129641845493763
1485130396841148416
1485134835832209410
1485154328965160960
1485167791720509443
1485210092111032321
1485211739482656772
1485211747636383745
1485221762451521536
1485237802266935312
1485241029771272192
1485246834893365250
1485249369989578752
1485370509722152963
1485442541755703298
1485456004599119872
1485501006389858306
1485504486424846336
1485504491701301251
1485507101070102530
1485509463025283072
1485510296181800960
1485510661358899200
1485512149963513856
1485517173783425028
1485517248534310913
1485517276585816067
1485517376334757888
1485528667887640578
1485531734108413956
1485556438756130816
1485565760055689218
1485571347573260295
1485572338989281291
1485589191853735938
1485600329051770881
1485606241908838401
1485606612735823876
1485619064533766145
