1463081294284288002
1463081536144560129
1463081733922775043
1463085275739951108
1463094270219341833
1463121045108391947
1463139484946468868
1463139552374059011
1463141188601454594
1463144649065844740
1463145850436157442
1463146564461883395
1463149123318665218
1463150108254560260
1463159726884204544
1463171838905929733
1463180784433451011
1463323478321291265
1463339501107900418
1463340307982917632
1463341172756156418
1463341216561459205
1463341269900410882
1463342455844073474
1463342924842684418
1463343158218014724
1463343213666713609
1463343240753467399
1463378032358350848
1463378771386400768
1463379185104162818
1463379233716129796
1463384493293641728
1463386247414517769
1463398781039169536
1463400394692853761
1463406776435441669
1463409073466994688
1463409347799621636
1463411339980783617
1463412633554411521
1463414071852630019
1463421521909596160
1463425203023736833
1463426441517826050
1463427106604412933
1463428459405869066
1463436375328362498
1463436382878138371
1463439968718581760
