1860703012412420331
1860703225948590151
1860703325831762383
1860712385805222059
1860712418306937217
1860716586769805392
1860727254726451644
1860904680626454547
1860904737794855331
1860904780211892302
1860927787315671298
1860939879317684361
1860940190958711038
1860953284376502490
1860954045642666485
1860954948504305795
1860959940510105906
1860961064554205285
1860963828764475840
1860964843127480401
1860964854854488242
1860972477872001149
1860998696894394656
1861003070630432909
1861023480789205358
1861043979925737530
1861044019708780713
1861044352522621242
1861051590708203901
1861063101388628127
1861071238820773929
1861073105466331603
1861091508759470306
1861091520486809820
1861247879400300632
1861255139174281550
1861255187375235420
1861277134909764006
1861293312541630626
1861294748662931835
1861307694117986645
1861308502821769624
1861317280564645963
1861318322522071208
1861320574150275554
1861321419864580235
1861322781348241728
1861323893476336049
1861331249962590450
1861336406762639502
