1576927579939880961
1577583742058582016
1578312401283592192
1578323899858972672
1578682757953515522
1578695787113984002
1579003446799134720
1579062052932329473
1579334385308139520
1579342430666887168
1579360346233794560
1579372645484998656
1579400445571010560
1579400456350347264
1580070793303977985
1580131315940139009
1580131324198723584
1580195767574499330
1580882053863976960
1580931252424581120
1581489388088721411
1581578279223709696
1581578289914994688
1581842624948113409
1581883409974333440
1581890381318623233
1582230223734480896
1582313448175988736
1582331132367937537
1582635928815689728
1582683438733492224
1583444683359129601
1584808724551860224
1584827971176910849
1584925291595862016
1584925323208318977
1585203922855395329
1585223367468384258
1585829159913549824
1586216151549620224
1586526538455212032
1586577995170390017
1586768277274972160
1587347927294304256
1587493921101598720
1587727327060201472
1587739715549433857
1587808878556692480
1588518157580636161
1588572285069561856
