1408112456895926275
1408123893131345927
1408258534890905603
1408309316843569153
1408346089661485057
1408347238074523651
1408348984746274819
1408349820394242054
1408351341823418376
1408351872138706947
1408352144231604226
1408355175115284483
1408369751743598598
1408476679748521986
1408482946298769408
1408649349563764736
1408658852082438146
1408659725244190723
1408659969042305028
1408660164257882113
1408660290791612425
1408709613059338241
1408709966270140416
1408751195125018624
1408751516723290115
1408753804829347841
1408758484468854785
1408772836605366275
1408787003425001478
1408787706352586752
1408794435329007620
1408813157334667277
1408813338558046212
1408826467794837515
1408835659880566791
1408836433377304576
1408966012943310853
1408987563465924610
1409021585596444673
1409093564634591248
1409113513369374724
1409133783081635842
1409158349585747980
1409160359525507079
1409184986033315840
1409197469892636674
1409199043654262790
1409205044839284740
1409364764170412038
1409365060510617607
