1476506448431497221
1476506454991405058
1476508932289884161
1476508952623939586
1476513781693902849
1476521267133960194
1476521270938255364
1476522258420035584
1476522262052233219
1476543049039630337
1476550101380202499
1476550346692444161
1476552983420669952
1476553916984619010
1476554237936947203
1476556159255416833
1476556430798770176
1476557304111636482
1476559381655216130
1476562326534823937
1476564125622824964
1476564250105548800
1476564719871746055
1476564727614480387
1476564734845485057
1476577878577803272
1476577967425789957
1476580229623607296
1476584588835127297
1476589369871929347
1476589540370358275
1476595193159708676
1476596390671241217
1476598677732880389
1476599247411695646
1476627537081995299
1476628928588484608
1476631071869472769
1476631516469882885
1476631585617186816
1476631693242949633
1476634115143200774
1476634916808921090
1476637117652426752
1476637341460566017
1476639304239640586
1476640923018686487
1476641827667152897
1476761667702640640
1476765588806508546
