2008053670760665105
2008054630757142610
2008057979732648026
2008065740931465288
2008065800406810815
2008066626617532889
2008069927186637294
2008085018246369396
2008085436976271814
2008090930063233373
2008091725865300140
2008092351412236427
2008093108609953902
2008095449924944249
2008095456057012568
2008095823125680547
2008107496179998983
2008140754749902894
2008140798102306906
2008141559242625211
2008160452342374512
2008160474907754921
2008161172097220858
2008161906272702866
2008163293303910667
2008163766157156582
2008163857152492023
2008164311693513039
2008166684696461542
2008166700517310839
2008166904452817066
2008181550488429029
2008182009022259275
2008182304972456052
2008184738289447017
2008185577213137133
2008186296968327310
2008186352228356364
2008186778201780601
2008187787405930855
2008197893501641204
2008204812639502387
2008204831207690719
2008204853819130273
2008204871921697269
2008204893807583650
2008204931782894062
2008204945460429095
2008208651585204267
2008232380713369799
