1537844480552087552
1537844793916608512
1537844870630428672
1537844934669021185
1537845065795571712
1537845143801171969
1537845284872417280
1537845485028773889
1537846042640584705
1537848521990107136
1537849257427816448
1537851327966900224
1537851733421854720
1538011312705662976
1538011397615140864
1538011539093221376
1538011851627597824
1538028841175658498
1538028897089904641
1538041144944529410
1538068060644356097
1538090267793711105
1538094114859671552
1538098856218734593
1538098953346256897
1538100954448678912
1538101756319928320
1538101957017366528
1538119774852354048
1538119958571323392
1538133241860804608
1538136034436784130
1538140195064647680
1538142760875659266
1538142976165089280
1538143150421618688
1538143495768002560
1538143726035271680
1538145346525597696
1538146603156271104
1538147308046778368
1538147480948604928
1538147524087017472
1538147886529396741
1538154383934095360
1538154851255078912
1538163669372383234
1538179442547507200
1538179480807964672
1538180073962217473
