1420733169519759362
1420735880130486281
1420736403952979975
1420745373484650500
1420762465600557056
1420767252731867137
1420776336625324035
1420790031061426177
1420793749756465158
1420795222804467714
1420800103766396933
1420800421350707201
1420800694605344771
1420961497979654148
1420962550938705920
1420971456402386944
1420975230403506179
1420997169406910464
1421010350430822403
1421024448530976772
1421103930029711369
1421119093973807108
1421120187063955457
1421120238943281155
1421124489824202756
1421134783761903627
1421134829391736834
1421135195495747591
1421135220766429185
1421147555409371136
1421153886929244169
1421153913349152769
1421157729754775554
1421184855778349058
1421193704937648130
1421366078375030784
1421384396565749764
1421385269098389506
1421391586181541888
1421393138975870977
1421393336905080834
1421416438015827968
1421438556837343234
1421445132902014979
1421460272858861574
1421461714046885896
1421468970935222280
1421469019085762561
1421469151885873152
1421510267645480963
