1822922991140995275
1822924497714110923
1822926000906547625
1822928697764295098
1822963612442329124
1822976131907158264
1822981526482473234
1822981780984549665
1822983449797423177
1822983536841789728
1823005053491327296
1823005070990127487
1823005354461962460
1823005548263940469
1823008391653884000
1823008405822316683
1823034106558476762
1823036471835607080
1823036740275191921
1823041600869851528
1823041851391193557
1823188853936558094
1823188942658953283
1823244088868516341
1823248281125724406
1823261348194865452
1823286201278664895
1823289843927163042
1823318891101090249
1823324323521642652
1823353340027187551
1823369712828363137
1823371498431656261
1823384345706426756
1823623380865835123
1823625752346300623
1823626022925033922
1823627328192491792
1823628227883229439
1823630286707458282
1823632663225176081
1823633025340449028
1823634033407893977
1823635381838921788
1823648039170380125
1823649910832476463
1823664965158338672
1823676277942784446
1823679971120030086
1823697872547930576
