2004153816518975727
2004158346715349372
2004165501673681186
2004165544317219038
2004197376752603352
2004205588771983745
2004215413866115459
2004228802524991965
2004228878320177318
2004228904555557001
2004400984165175605
2004405298237526235
2004413100012064825
2004416348722799009
2004435908683301116
2004436759804105130
2004439808719122528
2004440014412042716
2004443329560506620
2004444536941301763
2004444617366995449
2004456429508612368
2004458137269817698
2004478359473140114
2004478980544700682
2004479711213437185
2004479722953351453
2004480665535103109
2004481705252704702
2004482267629109754
2004483006254461129
2004483773615022342
2004486582263480783
2004486613880156185
2004486649909256653
2004510280727122423
2004534752058151226
2004535168460271633
2004540712466137117
2004548836925350318
2004550664022896758
2004556359690580355
2004556476036288806
2004556516800823356
2004556765577498655
2004557212098949277
2004558676456337619
2004559953126949186
2004571292637544590
2004571551941947456
