2009911681972089073
2009912438771323210
2009913024547872839
2009913978294788600
2009914678206706098
2009915372783440045
2009916662297047044
2009917558183604322
2009918270670024895
2009918702607839243
2009931211968524731
2009964891764076549
2009971353856946658
2010124674118947008
2010124983310397646
2010125182023909407
2010126684314640394
2010142593141899760
2010143322539758015
2010144106924912901
2010158456075104495
2010160166948524527
2010160744265044263
2010190800010035425
2010193245133996450
2010193459093868608
2010282405295468616
2010294840538653067
2010295508720583082
2010295732339872182
2010300290935996824
2010536328405139827
2010536739966959685
2010538833436414455
2010559200804667619
2010637797238128996
2010639776588927337
2010642446720639000
2010644333343727879
2010645341540917686
2010645882593775712
2010646797249843458
2010647803668934740
2010655159282774414
2010655214651752660
2010656048680673775
2010657894484828220
2010676682911625294
2010676718818996379
2010683176696307712
