1824061572077298006
1824076327898448097
1824132216215179322
1824132233189314684
1824133628130902043
1824289749588119955
1824293142306148476
1824293898300141579
1824293917392593358
1824294499918520664
1824328934294495420
1824329029769634283
1824329043464032292
1824337373657960709
1824356807638225121
1824400851043041281
1824402361160187940
1824402403350696305
1824404303336853918
1824404426896916981
1824415587226857827
1824415612367511770
1824439602607689789
1824439647419895876
1824444935669522876
1824445354621677850
1824448000124457346
1824452508556931550
1824466470954557444
1824540247910400111
1824540491616248179
1824661959121281525
1824670245082087500
1824679572950179899
1824679616369529146
1824682400653185510
1824682429728084156
1824682487366263126
1824682748780433517
1824684348911616058
1824684404054061232
1824686581283758307
1824707226486882741
1824708173619691596
1824709333910950258
1824718705462276357
1824720032321933561
1824722099526647973
1824807017607020758
1824809077614223691
