1465209116087910400
1465211859108126720
1465216321835061252
1465217637181321216
1465223450532868097
1465231128323788801
1465234191163953153
1465234970532716547
1465236148582711299
1465236270896979972
1465236463033802758
1465236557967753219
1465237102203785220
1465237797166485505
1465238561452478464
1465239314955071493
1465240648735285254
1465242930822606850
1465244043797925891
1465244088089780227
1465244984668352514
1465245186758365184
1465273777860722692
1465273780058484751
1465278465779789824
1465291957123518471
1465292810131673089
1465294462058332168
1465297020093026304
1465297023045750784
1465297025524658176
1465306745819987968
1465317597944041473
1465325129823440899
1465325833820639235
1465326872875520000
1465327866468470785
1465328846966640640
1465329148910440454
1465329223929786368
1465329254405586944
1465340842994847749
1465343549923229702
1465346596992737284
1465347420397527042
1465355003279777794
1465362410420637696
1465366860287799300
1465366957629194241
1465369136008028163
