1892849542284136835
1892864633817747931
1892869782199763278
1892869850667569333
1892884899918467180
1892886022393868368
1892886079495131499
1892890092030873728
1892902513537376722
1892918902616687042
1892920075159790063
1892930794794156177
1892931749102899235
1892932799172399394
1892933306083418516
1892947315142656418
1892949587561750915
1892950596581560358
1892951818592030976
1892951996136821246
1892953001783910646
1892956622764515672
1892960242616668476
1892960312262877328
1892960353652461850
1892960384820351172
1892977537627693526
1892978579400503328
1892983534534697219
1892988357850079665
1892988443560382581
1892988474921226289
1892988503006552247
1893022761439957386
1893191812669493583
1893193818263912522
1893193853101887855
1893194924570415540
1893196342870093957
1893197057294209048
1893197454213853328
1893197619888873596
1893205619332599977
1893205790778970128
1893205936388403498
1893206040641945674
1893207330235281811
1893208937043730436
1893227157540704435
1893228079696241134
