1471359062415527937
1471359479874613250
1471359516482539521
1471363522072236033
1471363767422230528
1471365004754493448
1471365488655552513
1471374311139074048
1471375053069733888
1471380177829523456
1471380181088550912
1471384440496541696
1471384655911800833
1471384742373171201
1471384921331539973
1471385271698554885
1471385361368502273
1471386235864170498
1471388966272200704
1471389126863687681
1471389829254451202
1471390017050136580
1471402391777906689
1471411486991937537
1471411721940004869
1471415417658773509
1471430168837193730
1471431137138405377
1471431738643468290
1471445354558091267
1471449090382729218
1471457126002298881
1471457229014376449
1471494747818651661
1471518845089157131
1471520914676146176
1471525057788710912
1471525611541696512
1471676568271347718
1471676588320198662
1471676633799028738
1471727064747102208
1471729971647246336
1471731207410880515
1471732453471490050
1471732969421225990
1471733091362246658
1471734690381893634
1471739702642282496
1471749211813154820
