1482183794275024900
1482221355877937153
1482221370805465093
1482229281808068612
1482229543813652485
1482230437431103491
1482231976870674435
1482235966861766658
1482240579396575232
1482242577734967299
1482246336066252802
1482247225862672386
1482250270457622529
1482251686207197187
1482254264705908741
1482258538596806656
1482277984321282059
1482278280724369409
1482279284698140675
1482279690316689411
1482279707458818049
1482280274709073921
1482280402962509824
1482319539040055298
1482374747346567169
1482593977639780355
1482684442120712194
1482684575042371587
1482690297134186498
1482694265906274310
1482708032056627200
1482736322792280066
1482737232905707522
1482738511531110400
1482739308633403392
1482741242765389825
1482748577479008259
1482908371464630274
1482908552243326976
1482913129445335048
1482913168158785536
1482915147169808396
1482932727909609472
1482936457916723200
1482936695595335682
1482936878009847810
1482937178338766850
1482937350087135235
1482937383884824577
1482941197757091840
