1482943369513148416
1482955349108092930
1482957227892035590
1482965407564963843
1482967222595522569
1482969925686034433
1482971198795370498
1482975400360030209
1482975404021657603
1482976312041959425
1482983528484990976
1482984864148164608
1482990435350245378
1482990437703254016
1482996431644655618
1482997907217608705
1482998918745325571
1482999136312238083
1483001121941909504
1483001270550265865
1483001395733491716
1483002726095400961
1483003176836280320
1483003267118682112
1483003785383657472
1483034475324149767
1483034559612846089
1483037070398750720
1483038685205770242
1483041324559335425
1483041340044701703
1483043273707233286
1483043322667364355
1483043365474414598
1483043385066008578
1483043800457297922
1483043950449795072
1483044279610392577
1483045491911032836
1483058330612674563
1483059937341489155
1483061528920092672
1483082767521189890
1483092135612383235
1483099971037454339
1483100979956367361
1483117848503357445
1483118494786801666
1483119136322441216
1483119393395523586
