1486709931428306955
1486709962550104069
1486715972098482196
1486717949129867266
1486727797758312448
1486727909620387843
1486728331303129092
1486739225311514627
1486739255745409024
1486739752434892803
1486744734580174853
1486758692858957829
1486759166639173632
1486761128193495041
1486912076329074693
1486913224339431430
1486913274608173060
1486913295772631041
1486930978929258500
1486938331258646530
1486938383087996930
1486938900384055296
1486939425150238720
1486953515083722752
1486953545668587528
1486956950747185153
1486956953721257985
1486971349243678723
1486985894603071492
1486986072571609091
1486986201080815618
1486988870654709767
1486992834167132160
1486993239726911489
1486993818998116353
1486994620785459202
1487021370101751815
1487022118810259459
1487024594028417025
1487054441123483651
1487079825676201986
1487079910111735823
1487086461862105090
1487094035911098370
1487094150650482688
1487106054555340802
1487137408256778248
1487137561797488641
1487137708241604608
1487267756794060801
