1883208754872864939
1883343503612366903
1883381892441149587
1883385646909431873
1883414359202005418
1883416275986358499
1883417134098993217
1883432223145423142
1883433872328937480
1883435806976864576
1883436672265896385
1883437070745829602
1883439008526766387
1883443944115298814
1883446979394703647
1883450452848857417
1883450795724865542
1883451034250748004
1883490669366333953
1883491095327219913
1883518400808522191
1883518432479682662
1883522989091930370
1883523140443087304
1883526742461292689
1883526879509905792
1883528206373761052
1883528694486192597
1883528931707375953
1883530832284922055
1883532810985808346
1883533016867512422
1883538210435006666
1883539055205597344
1883544084876529912
1883602825672114190
1883602954906951775
1883603000868135050
1883603126978224626
1883603503110881381
1883789171799785476
1883790884241846390
1883791980247019693
1883794053625704527
1883815409976999990
1883824934788743585
1883831471548600761
1883832435861057719
1883832506199506991
1883832708843122959
