1988896129908633821
1988927420129505768
1988929043324891292
1988931785300832470
1988933418076549151
1989008462588809514
1989022493022314707
1989023088986722471
1989139971836452988
1989169017471529449
1989171282462773574
1989173666333225463
1989175923887989170
1989176026858156125
1989176334040592884
1989182119873245294
1989182197316891008
1989186005723942952
1989186892894728347
1989257819229741399
1989258725421445440
1989260386378592395
1989261263621505449
1989262213912383681
1989262938612314418
1989264023679091075
1989264090603413943
1989305800058409344
1989335844717777258
1989336668403585234
1989356022952305093
1989404985608839386
1989405210050236876
1989405786720890913
1989518324733284601
1989533879515091217
1989533899307774202
1989534326787047818
1989534586167267517
1989578597691199728
1989582681844388231
1989592653370200145
1989592661628768725
1989610639367573730
1989611558692164037
1989612347116396976
1989612983585051128
1989613583865377106
1989613604040315304
1989614156992156129
