1891322836502864241
1891323247985066170
1891329604658307114
1891368912199020588
1891379310830686299
1891379326509031923
1891384931806519639
1891385981150044634
1891387461877760351
1891387570950726128
1891389039871439236
1891403973124628941
1891411295825449240
1891418576646508633
1891425889881038854
1891427659244016040
1891452574454415385
1891454054863135217
1891454143669125580
1891454151814533552
1891559065328697743
1891559900339204133
1891564393650852229
1891564496356880645
1891564838708469928
1891691322177646879
1891693040206561783
1891713962825134270
1891735475385163916
1891741372803142069
1891741429304562113
1891741450976612479
1891742501314130108
1891769960881586285
1891771484554789232
1891772495038120175
1891773528262771074
1891774444521259167
1891775189039604168
1891776556374356445
1891777217576992920
1891780626933755935
1891793506957427150
1891840362102006099
1891840761735332279
1891841472434970712
1891852750507446698
1891858151307133045
1891858617453760745
1891878336210534595
