1536367395408752640
1536368005973565440
1536379695226183680
1536380175314653184
1536380341023191040
1536386294208942080
1536395066222051329
1536550127497670657
1536551625363320832
1536551679666991104
1536566342664392704
1536579517476904960
1536594880956231681
1536597007539720192
1536598535961182208
1536598538783641600
1536598540608081922
1536600182032281601
1536600185660329985
1536601855366598656
1536609945072058368
1536611255158378496
1536616367448764416
1536616370506321921
1536634200983760896
1536635568972767233
1536656534016364545
1536664224101171203
1536665167232368640
1536686253886042112
1536689851755507713
1536690938927452161
1536704014985089024
1536715241031016449
1536756385538461697
1536756388910682112
1536757294469242886
1536760835628216320
1536762275163676673
1536762299997896706
1536762720854642689
1536909997723877376
1536910523534495744
1536917942666858496
1536918039358152704
1536918071218085888
1536923475276771329
1536933710393532416
1536935482348941313
1536937500434124800
