1469654094239334407
1469655834154000391
1469658642236338177
1469667654986125315
1469692536792911872
1469853797874761729
1469854320208220160
1469854420435275778
1469854457475198978
1469873337761353730
1469907747256758277
1469907794560118786
1469909000225390594
1469909182258106372
1469909457870098432
1469909484147396608
1469922006132875265
1469969275788038148
1469977820050825217
1470048620225335296
1470048653028909058
1470049173428867075
1470049320766357505
1470051016158576645
1470054378132611072
1470058165387497472
1470207208679882754
1470207268775870464
1470207366633123843
1470208902058823683
1470209066613886983
1470255086043496449
1470255427375955978
1470255674034511875
1470256476031574020
1470270128407207939
1470275493920313348
1470276770884509698
1470277513301561344
1470278505501847553
1470281881065115650
1470282194631290882
1470283524678639618
1470285150806179842
1470287064029556738
1470287066529292288
1470292865184006144
1470293881564459009
1470293982764695553
1470299524442693634
