1904195072868098318
1904450711028445533
1904451306812735655
1904452537589313638
1904454491401077096
1904454508874457336
1904455770625736969
1904457178435788895
1904459458211627049
1904461165696299456
1904472337497629080
1904472690871902277
1904502745887101394
1904509390193078686
1904512676782600675
1904551654650945877
1904553811596959825
1904554202212561124
1904554254813286500
1904554525152997848
1904581758315885011
1904600678737318214
1904727473637777876
1904757928902742405
1904758050826969202
1904797142310396101
1904802430279442647
1904802434431803485
1904803530164363655
1904804521345507745
1904805573024940386
1904807003375247432
1904841542373945780
1904841647449661779
1904859170391941623
1904886557502562713
1904898901658001920
1904905169583886779
1904908352578306274
1904912343592579253
1904912599923187819
1904914563625263503
1904953510292279686
1904956181489275145
1904956652237062444
1904964788813455795
1905087321260831179
1905087659942302122
1905091876845408366
1905092666884501923
