1941129537515028851
1941138357062688849
1941146447325569373
1941163405156532550
1941164931149414868
1941164958055837785
1941172660043649278
1941173868799918125
1941185565753229712
1941187722208796706
1941338600853155904
1941342182314737701
1941348481278652457
1941396746250367053
1941401780962890014
1941402172341748152
1941402238553030968
1941422180618867087
1941431282124325152
1941455442191974887
1941462213858034037
1941462319491579936
1941469100825358493
1941471786136424508
1941474834934006252
1941475287553995076
1941545581916328228
1941709026200272976
1941709423161807148
1941712066634502241
1941792731837210839
1941836529933918660
1941851918659354814
1941893840819859776
1941923039437848765
1941933315159667194
1942033324215853357
1942038444571828251
1942038477891322101
1942051467554443367
1942054069801283702
1942054134125076900
1942055503602839694
1942063798917226706
1942100401119207831
1942106974746988838
1942107019156271432
1942107040622743676
1942107063137763488
1942123931043082507
