1460260817031495681
1460287331630342146
1460300999940132864
1460427218664919047
1460479001474994180
1460490376851046403
1460491788012056581
1460493992823459840
1460496494079868930
1460497821191131136
1460499653229617152
1460501657154830338
1460503340731678724
1460510277607198724
1460514702673395712
1460516610918137857
1460522454065946625
1460534119763304454
1460535687023710211
1460537483020550148
1460543111147372546
1460548399418068996
1460558530696466433
1460561214380019712
1460565048967852043
1460584604851589124
1460584865494011915
1460586346733453321
1460590991925080066
1460591285039820800
1460591318950813702
1460592383322591233
1460593220698587136
1460593443491618819
1460623142892687363
1460634619053686785
1460635091831451650
1460675264313118722
1460675538536648708
1460676014481108998
1460676057678241794
1460676474638266373
1460676786430169090
1460810362043789312
1460810383602577411
1460810840366481409
1460810892262604805
1460811241534877703
1460814214373601290
1460831137433939974
