1485619264056803330
1485619298999488512
1485619552356499457
1485629128443195395
1485657638742671361
1485661570894295047
1485671893818814465
1485671909262245888
1485680542456901633
1485680643967430656
1485680972066885632
1485682504715890688
1485684451967647746
1485684520229949440
1485684763939991552
1485685547276595200
1485855041223553025
1485857961197334530
1485861389432651778
1485870011155886080
1485874082512252932
1485876515040804866
1485888080766988290
1485891884447047684
1485891890927251463
1485892638092197889
1485903874934259713
1485908058224349190
1485911259052920834
1485912440999391232
1485915156156923906
1485917984376107011
1485918180610834439
1485918266761838596
1485918642311434244
1485918880317198341
1485920635016859648
1485923476837863425
1485943348300955651
1485952083304251412
1485954354675056644
1485992848021671940
1485992859576958976
1485992878883360770
1485995618107822084
1486010274683715589
1486010476282937348
1486014866079219712
1486014882437033984
1486021994365997057
