1548236123763515392
1548259639728680960
1548260326768267266
1548265866571423745
1548265880622354432
1548279139416739842
1548315737668075520
1548341660458708999
1548341845821755394
1548350010885935106
1548365086796152833
1548514240675229696
1548537881844908032
1548540362175553538
1548575518647144448
1548575521138569216
1548683407638466560
1548693083239301125
1548753135874691072
1548753142610665472
1548753148600193024
1548753154614759424
1548753157018177537
1548904322259243010
1548906187818926081
1548910369602949120
1548910371834298369
1548920859313983488
1548932852556828674
1548942626644434945
1548942629257506818
1548942631107182592
1548943808523632640
1548968953942200321
1548987815987331072
1548988561344499712
1549012927629275139
1549014633826029568
1549046986350833665
1549049714649116674
1549056618813603841
1549280674548690944
1549347344684318720
1549350217069182976
1549401035063828486
1549417655559680000
1549613819646787585
1549628576810811393
1549639676163928069
1549656069592547330
