2007114288830484536
2007114316609462435
2007115196935155746
2007116083824898517
2007116147804741989
2007131032307503245
2007131058731725225
2007131240663773510
2007131385300132144
2007309194240897244
2007365912576569469
2007365976040603740
2007366156940915060
2007367090773352727
2007373887919833180
2007374682568438210
2007375404080971997
2007376096527036912
2007376421593956443
2007376885689491774
2007376919998935454
2007376952823558292
2007377023619228113
2007377174639284349
2007377205870112930
2007377229236580607
2007377638030225575
2007377677549011325
2007377705906647459
2007378177254154267
2007380371529519146
2007380779761127874
2007380828951916750
2007380937936626051
2007384775833858175
2007384786013433920
2007385367524332027
2007386112659239333
2007386670522609966
2007387393800974503
2007388015937876143
2007388031989494226
2007401762152644986
2007402514946371897
2007402745838608806
2007403287537230018
2007406851969909032
2007408556283441565
2007411194660040764
2007411246526816365
