1977191924621885766
1977221277409853796
1977241756346278016
1977248052567326918
1977249170982682698
1977255064093049220
1977288879070990528
1977288969101754426
1977289223301742886
1977295333882568757
1977295922766991457
1977298984231481602
1977327784516259966
1977382596582518965
1977383521011253338
1977384356491444357
1977398885506052112
1977421196850520410
1977421562774249906
1977444180856283300
1977444290470326421
1977570190293614607
1977572954797170918
1977582816461574480
1977603366793495012
1977614435557794240
1977615850397106201
1977615925429092716
1977623100176134629
1977623114076008721
1977623129209123049
1977628027627638842
1977628186667274515
1977628208544780695
1977628508194275597
1977628532970008922
1977628751208104228
1977632248296788038
1977640311527788651
1977658728465023325
1977658983298269607
1977659910700900467
1977660669903458465
1977661017388933132
1977662330092519494
1977663218874306783
1977664376946700293
1977665404052050428
1977666471330505162
1977667674697331059
