1921817361532796932
1921848358718877963
1921922513350656428
1921924160239927558
1921928877372248157
1921952360529612801
1921970479360852268
1921970856974065671
1921971462212129231
1921973122250543584
1922118590054203882
1922118795209892035
1922124769136197971
1922136061318463952
1922152837233991793
1922153228235370927
1922153623049355683
1922154558261747922
1922155809305461045
1922194909487849637
1922197867860464118
1922198224682496135
1922198272791216501
1922198320207798603
1922198345730134056
1922198587900842236
1922198734479175814
1922199052969468319
1922199649294664016
1922200151751299334
1922212090980319545
1922216401449718151
1922216424946221099
1922216443975782661
1922219155547173365
1922219241744314727
1922219347407212735
1922219391367643143
1922238764971126911
1922238956499816751
1922239780827337015
1922259117311209770
1922259841323573352
1922259879428763772
1922261021961470227
1922265864671260738
1922265920036098079
1922265948993814618
1922266062663332156
1922280384282128513
