1857363571283280018
1857363636693643696
1857375278974087629
1857377011313901944
1857378302257738225
1857402551496552655
1857403584914341906
1857404403164348705
1857407543813054634
1857407669600137301
1857411781427102178
1857414453786001447
1857414508551061792
1857414526871670817
1857419558484619419
1857421969232114094
1857430760543981891
1857431370559328362
1857431427165602230
1857444909940187399
1857444922346872897
1857629661465030733
1857630205025660986
1857634609120555344
1857639316731867513
1857660118063559017
1857663626594980037
1857699528784359576
1857700433520898050
1857714443360285065
1857743445097590939
1857744173631230429
1857744502225527287
1857745879819542679
1857753348125954057
1857754718904213960
1857781182341042283
1857784710409146442
1857788593089253692
1857804792653115540
1857813799945805849
1857990600634851561
1858004721518199147
1858004772919345265
1858004946555121904
1858005056747917385
1858005073026023582
1858019604590727578
1858024214810230963
1858026878453350781
