1882393925111165122
1882395236200309147
1882403012800647416
1882403424198951236
1882403507900387370
1882403544189517832
1882403572522135612
1882447804414541960
1882468263206273170
1882484690009133058
1882486284775727530
1882491316434841967
1882494373969199115
1882496254783238306
1882550002498842807
1882665700034285625
1882668412176122351
1882699110849090013
1882766968253743296
1882818427846541791
1882819572514050321
1882819598439072180
1882823857809375415
1882825191501549953
1882830372637221195
1882910141835878698
1882911031938461843
1883027060916093065
1883053030880559234
1883059141373247597
1883060177026654490
1883067007517831622
1883068693145698601
1883070834216194129
1883072314688086473
1883072833775169798
1883072844617433249
1883073667544027444
1883078029926338995
1883083247749628208
1883128402871476405
1883128454796984781
1883137838121943277
1883167490580369529
1883193287101849862
1883199749462839409
1883201026532270292
1883201093267775790
1883201283378839803
1883201638812565609
