1540023074472742912
1540152368431796224
1540218946661810181
1540218952164712451
1540218955104948224
1540220775978143745
1540220779853643780
1540229245020274691
1540234514169237504
1540234517759524864
1540259905948774400
1540294943918370816
1540350078560350209
1540556610833371136
1540563472261427200
1540567064188190720
1540572405693022208
1540582052424486912
1540582057822519296
1540583423752142848
1540585439262027777
1540589520587919360
1540596822410149888
1540607299114659840
1540612576924487680
1540612910027665409
1540623870885232642
1540635251000877056
1540637501492449280
1540640116208992256
1540643822735982592
1540645863957348352
1540674320342876165
1540887709816090624
1540904335160123393
1540915330276802561
1540921571430506496
1540950302605443072
1540967056794824704
1541006457000579072
1541017808792068097
1541018923365441536
1541033748661096449
1541036182829953024
1541047486496010242
1541050522228051968
1541050863996653569
1541271303927525377
1541283107013537792
1541303199927500800
