1920402274360156173
1920403601605935575
1920413933657338309
1920419419626311905
1920426376513085486
1920431466061643861
1920431632307163275
1920434121311928538
1920434200341328096
1920437712210767993
1920439802811593140
1920442379326328935
1920443296574316660
1920457139077984745
1920457305667023075
1920458496618991981
1920489074823213218
1920489120943452409
1920489164291588280
1920489198445871585
1920489511089573974
1920491914501239284
1920493840781529351
1920497194639257836
1920497291183706179
1920498437340176647
1920498762260361353
1920506858059579504
1920516473640169647
1920682327346188318
1920683862754992423
1920684113259839603
1920684449156546797
1920685086397100446
1920685106131595726
1920685199043547325
1920692075927921000
1920694141232529738
1920694221398274552
1920713223214419982
1920713552580563449
1920717561349496880
1920723511896690703
1920733235933262195
1920734376330961372
1920735235043414522
1920735381143646254
1920746134839898281
1920764573293871508
1920767098751775198
