1427292137339506693
1427334554281381890
1427336221928280073
1427336929155051522
1427337091680129045
1427467930464231428
1427468390252175361
1427471261886648325
1427471357718134785
1427471405273157641
1427484430981943301
1427495692042338304
1427496097824444418
1427503580450222094
1427508054405173258
1427528672571846667
1427532682729197575
1427532735996825605
1427538741040586753
1427542481495752708
1427554963303981057
1427556461496791051
1427556474998329349
1427580135117492225
1427585810526732291
1427622646334824450
1427622662793220099
1427622720070684679
1427643573219045379
1427646157069619212
1427676953721511945
1427876076751974401
1427880965183967234
1427881009098366984
1427889139916021760
1427890969605656580
1427894864641810434
1427904700788011010
1427907536389165057
1427926634300985345
1427941274003202049
1427986193455599618
1427986540697849871
1427987708396195845
1427995424858656776
1427995460552126470
1427997102613745665
1428011323703664646
1428014076899303429
1428015109759135749
