1797309944578089425
1797325582604386609
1797325704994124060
1797335250181468348
1797335559620424023
1797336424964112729
1797343226963415242
1797440565274911097
1797467922199458144
1797486296694407456
1797491209507909877
1797491236561174674
1797499775325208914
1797506565513290041
1797506924352766281
1797507516709962138
1797509393195635008
1797511595192689105
1797514500842954867
1797516188299456601
1797518675509133334
1797519753189392425
1797521196072009957
1797522680914338183
1797523664138887660
1797524414122369416
1797526191110516788
1797526493394006175
1797526878842171709
1797527734815748212
1797528279693599176
1797533545109635448
1797538210920403162
1797538236291850321
1797539566288806009
1797540424187555961
1797555288226275803
1797555795414172128
1797556073530085630
1797556157294465163
1797556452225396951
1797556731159159130
1797556883223663010
1797557561006383181
1797569190372737401
1797571192196567282
1797571305409253600
1797590299914666430
1797590335255949534
1797590350724522127
