1506968192085741571
1506984294278787078
1507040360635064324
1507041943406010372
1507095045253779456
1507095413786316806
1507115607451652100
1507215803044835337
1507252133238030340
1507259989781479424
1507261217949200387
1507264361181872132
1507275537584357376
1507283483601022978
1507283557475319813
1507283980781244419
1507284043041493001
1507285545399242753
1507286006080630784
1507290215165034498
1507297537576689669
1507297541024464899
1507299121966686209
1507299125984829446
1507332961477472262
1507356084843184128
1507359286803894273
1507367370943127553
1507369910476816393
1507378166968463360
1507378239576363010
1507386408062775296
1507387207857758210
1507391561155629056
1507392138606120962
1507395120009678849
1507399208260698113
1507401179550007300
1507408718115184643
1507413545096384512
1507413837070315522
1507414976985649152
1507415217021472771
1507418116623544320
1507428787654324224
1507439853272956929
1507442624134725632
1507443721247531009
1507443865229623297
1507443888893882370
