1966064410532942323
1966066288616525909
1966066303682359377
1966084291395518784
1966098865964331524
1966099620125397464
1966099676811448364
1966099945326600467
1966099975965913170
1966100016944328840
1966100032022786448
1966100076583072023
1966101490273235195
1966114712804012265
1966114797038215589
1966126103506133443
1966143694299680831
1966153321523327036
1966153843642872161
1966154646051070231
1966160220314624180
1966160850873626699
1966165785585578111
1966166329729417343
1966174874260615220
1966199412763558169
1966340910339490141
1966341830209056921
1966373722929115419
1966375492334006439
1966385680659132807
1966399155728953392
1966424935372558667
1966449911718952961
1966458989517926530
1966472964519682143
1966514922986037536
1966517350032687206
1966556725374226470
1966557753037529490
1966562471596220724
1966562775833903157
1966567852166836364
1966568118224122078
1966728463962018081
1966755316139458696
1966781796172857715
1966782231156027528
1966783138883113053
1966812883142275501
