1527539355518050304
1527541137321304064
1527541141595299841
1527560226463186949
1527571207771410432
1527571214561996800
1527576821562155009
1527576828352745472
1527589145937604608
1527592451044945920
1527592928583229445
1527592980584202240
1527594799297339392
1527611623435038720
1527613354965344258
1527614488480198656
1527615550574456832
1527617191709134850
1527618653294043136
1527620714458927104
1527620717994713088
1527621481265795073
1527653768698834944
1527653831319834624
1527653981219983362
1527654041580253184
1527682818826211328
1527686136671662080
1527689386565185536
1527859186776027141
1527859240064655360
1527859287204446209
1527859313074917381
1527861056961662976
1527861218895364096
1527862591737200640
1527862839469568000
1527865558682988544
1527865889449648128
1527873811282296832
1527877938497978370
1527890768450695168
1527892071293808640
1527893984080973824
1527893992926748676
1527895183811309569
1527895277025492992
1527895337939402754
1527895435947683840
1527907505070043136
