1836834023861297457
1836941754542473429
1836945667773681756
1836948061559386591
1836954209641480586
1836964184782667941
1836967009415762157
1836967031763054671
1836973910136406425
1837025043479679368
1837031123538293199
1837034401622020308
1837047255603511462
1837048739443495365
1837081297711186407
1837089590139552030
1837093066244817043
1837093216887394620
1837093990287438203
1837094205295898682
1837094240964464883
1837147758303793187
1837394107632681185
1837399489553789281
1837401531861053739
1837412464478101695
1837449472130818555
1837460034231644621
1837460052313252045
1837460216696258800
1837461055670288460
1837461165825208544
1837463335698039141
1837464215470154079
1837501367805513923
1837515017660354627
1837519849041678824
1837686052028301660
1837689617727856959
1837695673665220889
1837708475943497857
1837714271855067416
1837750612080935279
1837762481294352693
1837769705462878552
1837774615839756523
1837774671644971490
1837774683074449455
1837774698106835123
1837782435469066305
