1942470897895629205
1942508746573508774
1942570680446509362
1942573765868789814
1942584631590826409
1942590868294103240
1942590967900721456
1942591969844183196
1942592287550365829
1942592649472446916
1942611197792010686
1942611215437451553
1942620828056838584
1942634278619341055
1942656050366501084
1942656149842784561
1942780051008966861
1942782551828967606
1942785538987286913
1942786000079516055
1942812399008113131
1942821183004762165
1942822357229506826
1942823979519205511
1942840673981587907
1942848854107341271
1942849214951604272
1942850932477509869
1942851605071814989
1942851635803226349
1942851741424165143
1942857086813233197
1942858342453633319
1942859638644338980
1942859702016073848
1942861331180446090
1942861352277807140
1942880141983744496
1942881881738936510
1942887240621027697
1942889712215347316
1942917692765397137
1942965254931272014
1942965288364089828
1942967246487478273
1942968706738585704
1942985422369624110
1942986988191388058
1942988590629146709
1942995593883980153
