1397565533776584705
1397565824538320897
1397565870352728064
1397569731394031617
1397573223600951297
1397579897451597825
1397580195058438144
1397582066137501698
1397583378325463043
1397585154051170311
1397595714432102401
1397618169582211074
1397620019832360960
1397620066372308992
1397621263716130818
1397773155142307845
1397773247878369280
1397787662983917570
1397788515329462272
1397807314548105220
1397820224682872835
1397832638262480903
1397840395002814469
1397847585507799042
1397853753705783297
1397870709636960257
1397925540871368709
1397939002880126978
1397939055061397507
1397943128347222019
1397944012422615043
1397944292606312450
1397944327842648070
1397944732395794436
1397945526318878721
1397946106521165824
1397953754083692550
1397955231292354562
1397959126282473474
1397977633623707650
1398102396002181122
1398102604178096131
1398105123889418246
1398105125583921160
1398105635560968195
1398111155814506497
1398122523816992768
1398124710899060740
1398131537955098627
1398132559221989389
