1391944592556138497
1391958178003226624
1391960302762164228
1392051128544624640
1392052012993241094
1392058523484266496
1392061917426982917
1392072018300919811
1392092886372536324
1392097271743868937
1392100517359226880
1392101223696801799
1392102420402954240
1392103168905859076
1392105128304406533
1392105509616902153
1392108516031098883
1392108672495534081
1392116300424482816
1392121588200263680
1392124005126000640
1392124308248424454
1392125698177835018
1392125895377264646
1392303450336030720
1392305685010862081
1392305808486981641
1392306485447729152
1392307345879822336
1392307726038966276
1392342756396179458
1392349902974316546
1392377440362663940
1392377580200751106
1392379921129820162
1392385702659190787
1392403402043187200
1392430613353820160
1392431082780315648
1392432241343483907
1392442363826475010
1392442695432380417
1392443911256231936
1392443989668753409
1392445086412075011
1392447026806235136
1392451001672617986
1392458612715319303
1392459117474713601
1392459416646029318
