1526599736832446464
1526600899983839232
1526602830525902848
1526602844425830401
1526614001806757888
1526615011958792193
1526615105063923712
1526616170882662400
1526784457252151296
1526784481075798016
1526795585906364416
1526798640890515457
1526799357143461888
1526802464338345984
1526802516536504321
1526805477593473025
1526805695878037505
1526805741402992640
1526808245716647941
1526809675382943744
1526811646793904128
1526811967398498305
1526812717935304707
1526812851691696128
1526813662907727872
1526814170418917376
1526814210155458560
1526814266040274945
1526814492255920128
1526814593829326848
1526820475384393730
1526821619863539712
1526821667305099267
1526823659507417088
1526827548667092994
1526827551322017792
1526827552911728640
1526829326129561600
1526829512218284032
1526829772520960000
1526829930319060992
1526831215164067841
1526836970395078656
1526841434967445504
1526850111690530817
1526858699838480395
1526858828947529747
1526886372812136449
1526888623173681152
1526888884256198656
