1967277047287607564
1967396700097581196
1967403821933744413
1967404709372948843
1967406438298628163
1967406463917465918
1967435452664918454
1967435489461604400
1967435695670403446
1967435820929024162
1967439289568108607
1967442851165540513
1967442982556389526
1967459445887422694
1967460517251031117
1967468086426255416
1967471646190833797
1967484319422963833
1967485961425899912
1967496025402482920
1967497254690046124
1967500033923969460
1967501012081713245
1967502059579871720
1967503038501020007
1967504892903485445
1967506134882996679
1967506498541748650
1967506556603556312
1967521799366984151
1967524299524493640
1967527736144265478
1967527781400748481
1967531396823683226
1967546030993596773
1967547839955046819
1967549512672805122
1967556320342786152
1967557058561257577
1967557081843826995
1967568378366955995
1967572058344411262
1967631253072646290
1967631550209724872
1967639939786719480
1967640051522941188
1967640542004777285
1967641178112934099
1967663892676649204
1967786255804141966
