1829394687733465371
1829394911768248749
1829402375154786518
1829402544877232306
1829440418385154469
1829464185568194759
1829465939563135327
1829465971653738966
1829466516632273151
1829526749828542512
1829526774147092556
1829526790760804394
1829526849866850527
1829527459571904775
1829527503993757848
1829529504618049927
1829540998034452643
1829541036923957711
1829544764297117741
1829551383575679412
1829551425191563533
1829551623099851019
1829551639948321226
1829551994425729051
1829552034900783174
1829552068723630367
1829625735348109463
1829625863802945929
1829646615667257430
1829646838242426991
1829712514390856083
1829722861507846598
1829724157023588795
1829742774649831734
1829758873441275939
1829761052512583880
1829762200107372720
1829762211566231686
1829762265668862072
1829762306386882684
1829762525858074799
1829763733029339382
1829764923456700443
1829782346440327433
1829782412383166624
1829782467550810214
1829784806311510234
1829787192644006028
1829900710663897106
1829900828817420693
