1830376248604045658
1830376354573168812
1830391137502151038
1830391199577903437
1830391265927811099
1830391313046356190
1830391357199831129
1830391411323142616
1830391445846413416
1830391607151198547
1830391755780313254
1830391867843736023
1830392277153239435
1830392297566961726
1830392309730451633
1830392325152911532
1830393192237154687
1830393862054908318
1830394103382626572
1830396140216610892
1830396235670270293
1830398125917298890
1830398506181218478
1830399115210920001
1830399300901224685
1830399349341237517
1830400591027208438
1830401126337765723
1830402320288428075
1830451943405134041
1830457680651223410
1830458267853582613
1830470920110023125
1830473341343584526
1830475622306476081
1830476013958041827
1830476037052112927
1830476108090777869
1830478935773093988
1830504857716838760
1830533247241195743
1830533794203582655
1830534096206123226
1830617972748271673
1830618053069221980
1830618776972529721
1830624571395117095
1830624985225789950
1830625516854161698
1830628946750447666
