2008998542971707825
2009023261825487360
2009026168729800896
2009026536549261710
2009036960447472084
2009038423416557983
2009039707645333649
2009039938759893423
2009041462835728463
2009042328984641540
2009042735832158293
2009044404468846869
2009044487616790889
2009046093053808840
2009047171866505549
2009047539832770934
2009072562303832427
2009121021765537964
2009125447226024009
2009130028588745186
2009134691102945295
2009140574876782725
2009143904596316277
2009149749535117495
2009149778467364895
2009150126523338776
2009150138317771212
2009150150799970751
2009150167723987412
2009162992068530217
2009163156338417815
2009181743375610272
2009182483468964125
2009194839515250829
2009195222568485074
2009195852934599101
2009195912590184622
2009213237041221672
2009214325236589007
2009216301907235211
2009216652668494312
2009216830951575926
2009220701765644406
2009220966032007490
2009222732316311672
2009223447319310359
2009224200947683539
2009227496856965169
2009270592608846089
2009286386243756083
