1516830983387238400
1516831208071897090
1516831276917227520
1516848872370417667
1516848886522204160
1516998261944451073
1517016722699857920
1517040766014865409
1517055410192392192
1517061944037232640
1517063993961066496
1517066024700772352
1517066110931468289
1517074166641737728
1517082417911463937
1517091869192523776
1517097164455149569
1517119374213419008
1517132307836338176
1517132485490278400
1517136834651779073
1517138552370655232
1517139535062507521
1517139592826466305
1517153246116466689
1517153535921909761
1517165390807580672
1517166108138442752
1517168131713937408
1517168210487185413
1517168344054767616
1517168376678084609
1517168455480651777
1517169092871942144
1517169304986603520
1517170311208501248
1517173807643238400
1517173974660448256
1517173993580953601
1517174290713825281
1517176897784119296
1517177223102758913
1517181049151066113
1517181142512074752
1517181731488829440
1517195857795641346
1517200695308746753
1517201045210136577
1517202418416889856
1517202466345205760
