1497823021855555585
1497823607376195586
1497829273922863105
1497829754996932608
1497829997738094597
1497844339233669121
1497889188837924866
1497894836325662721
1497904782102581253
1497928993948909569
1497932216542064649
1497936998803206146
1498005773128900609
1498128982201737217
1498129091450785795
1498129168697274369
1498129307319017472
1498129414277955587
1498129441381548033
1498129461828816897
1498129549586214914
1498129760073183232
1498129796790091777
1498129827668590594
1498129967171141642
1498130011421052928
1498172450047422465
1498172520037765123
1498172598106357765
1498172664531550212
1498172682168602624
1498172705124007937
1498172948704034821
1498175684833071104
1498175705536163840
1498175791196405760
1498175819004678152
1498175900558725120
1498175965687848960
1498176006863360004
1498176224258322432
1498176364142542848
1498211095689199622
1498211178635751427
1498217885512388612
1498226329954643968
1498228776034992129
1498240799787864065
1498241357193768960
1498241610580373506
