1486022015647891456
1486023725581410306
1486023815830278146
1486023826659889156
1486177080073416705
1486178152494043138
1486188141421953024
1486188572566867969
1486194018723954689
1486197214141882371
1486198503256829952
1486199946248613894
1486203541002027008
1486203547629023234
1486205387665965060
1486209104565932032
1486212087202615296
1486212165187280897
1486213376351272961
1486213595667255298
1486213773660925955
1486216524960788480
1486223939965972480
1486226971717935105
1486227035832070144
1486231430573494278
1486232258902376448
1486232373893414919
1486234167289720832
1486238731610689537
1486238959717871616
1486239581594738691
1486244756938461186
1486247998468530176
1486253426908737537
1486253436014575616
1486253439164518401
1486253446278041603
1486253453966209024
1486256364993511427
1486257787764043777
1486257858895171584
1486257873092968448
1486263934755606528
1486263977411637248
1486265066819231749
1486267431081295873
1486268174513451014
1486269051861012483
1486269679878422534
