1437316440529326081
1437323390767927298
1437335911654514693
1437337104250388483
1437350304597434371
1437353741292761088
1437360629711396867
1437367351167447040
1437367367177162752
1437367436370595844
1437367660447105024
1437367712620023810
1437372201104150528
1437373096734822401
1437381194652348418
1437381448378437640
1437382576788815873
1437392605948497925
1437397719606198284
1437406381946986499
1437407952931934209
1437409264490868742
1437422557695668230
1437437824928665607
1437440948116492288
1437441022640857089
1437442880755306502
1437444275478794246
1437445904638746627
1437451852853833731
1437451926459719684
1437452262201192451
1437624628243886090
1437624647839670277
1437624817620901889
1437628679169867781
1437639380185743364
1437649962083381254
1437665870264758272
1437666287925153795
1437666407836053504
1437675317938716675
1437679128069632005
1437692787877560321
1437698796121509896
1437702628738101249
1437716291360485379
1437727237017505792
1437727488843530244
1437747111194513409
