1589465211681271808
1589472189753217024
1589568394290139139
1589620126147833857
1589857603286634497
1589858850684796929
1589903613941252096
1589999023691567107
1590671096726310913
1590988068806270976
1591014707217190913
1591109565516779520
1591131620630986753
1591317705499774976
1591365200187650048
1591707612026134528
1591710169293283329
1592005703874777091
1592028124367446017
1592066425723977731
1592074334226743297
1592082907442515968
1592180061276639233
1592190707280007169
1592357944381014016
1592432237940985857
1592742417731846145
1593112050582290432
1594164459358261248
1594168317644009472
1594237504194236416
1594376938285830144
1594581113477165056
1594979637704421378
1594979649217785856
1595353958499090434
1595729435801448448
1595798346018746369
1596509009661792262
1596866968979529731
1597118940001730560
1597207532715794434
1597251266006388736
1598233449244291072
1598559044507402240
1598560177976127489
1598564914758815746
1599269082842664961
1599339611163353089
1599632669372870656
