1433244194089353216
1433245001669087234
1433257517530894336
1433257986638635009
1433260379040149510
1433295901745836032
1433298205689593857
1433309482096881669
1433309753027952643
1433322316243501059
1433327420572987402
1433328303687933965
1433356387757686789
1433370094931824640
1433388094670065673
1433392104680529927
1433394766918533131
1433396223478665224
1433396249844088843
1433405986631405573
1433414425885560832
1433420406778564610
1433424870893756418
1433426919169527810
1433636417507266608
1433650413345992710
1433658974440607744
1433660042868264963
1433664444177924096
1433676256579440643
1433688024693440512
1433693692678705168
1433698996845834242
1433703695972122628
1433703914520514562
1433704337105047558
1433707332895084545
1433710610907209728
1433713634891354114
1433721020280496129
1433755974641225730
1433776735267397634
1433783095937798144
1433786850108342274
1433787670774251521
1433792778383683592
1433796526581583877
1433797808486707202
1433807429448339457
1433813152534188037
