1418136727516975104
1418137341663739904
1418137387893346304
1418137428070572033
1418145352855683077
1418217016473751553
1418217473363496966
1418238780121649152
1418239744702500864
1418261902191325187
1418272061449904130
1418272162637434883
1418398333018640385
1418438483664719876
1418511553695862786
1418524352782356487
1418562604440580101
1418590006839451660
1418607365956374530
1418608073967423492
1418608715930816514
1418765574763470848
1418766181184380930
1418781655230140420
1418828703480565769
1418829524389793798
1418835657925873664
1418837294598004738
1418837312948080652
1418858047502393346
1418865092960075778
1418865370342084611
1418865430358265857
1418865567981875206
1418879897330651142
1418899372796960768
1418925927212503044
1418940160268439554
1418967879639252994
1418967965974810629
1418977211508568066
1418977771259408392
1418978607586856963
1418978618089385994
1419112947092054016
1419139143217471493
1419139172372123655
1419139309605556227
1419140875246997513
1419196443953221637
