1987733175993565553
1987733217714335786
1987733332671783381
1987762626756325871
1987762701817597953
1987785491211829702
1987798932391702628
1987799615752773999
1987800018691174889
1987800422342660530
1987800691298246835
1987801258091315626
1987802030900130222
1987804441320599690
1987804458752077852
1987804478133940562
1987804495913607475
1987805724572066248
1987824990096588839
1987826280646279584
1987826930096500917
1987827712086700323
1987828382902743153
1987829202754883614
1987836864485585176
1987840688898400498
1987844255814173019
1987844276261114063
1987860255230083345
1987867503230689554
1987867511191474309
1987867517822665198
1987873180577595657
1987889890022084927
1987889897014018418
1987891451032908178
1987891763017851158
1987891942420885531
1987891993540952244
1987894154681262247
1987894161190920240
1987898758034760013
1987914842821517668
1987919084143669605
1987927063584706704
1987928001292730843
1987928169694068963
1988064343003722032
1988064479805141156
1988093786376065360
