1447280898550894594
1447283075071627265
1447283288603697154
1447386440975876100
1447388765446492162
1447391089317474306
1447391098494603264
1447401988178677761
1447430899037925382
1447432610674667522
1447447189702131716
1447451222580113412
1447451646057844736
1447458579729035265
1447465108720979969
1447470495704571905
1447476750317932548
1447479673953218566
1447481859764473863
1447485755811504128
1447488320640937989
1447488574501257223
1447490055895851010
1447539613170421770
1447547068021571584
1447555020497375240
1447571346796388357
1447571435162013702
1447571452912279561
1447577897334558721
1447586700805361670
1447747943482605574
1447750948151959554
1447752261992542216
1447761738103885825
1447761871965024259
1447763518673932291
1447764365495603200
1447775167023759364
1447786279098224641
1447810673082179587
1447819100969857027
1447839998640672771
1447843698213986308
1447872991098859520
1447874245007065091
1447874544018997250
1447874692392443906
1447874764228345864
1447874908562739201
