1464421233995309064
1464423035390230528
1464423177224810496
1464436747899523073
1464444757397020679
1464447792491872258
1464448559546175494
1464476214026915840
1464479783161454596
1464502704168865794
1464520968898940932
1464541352801148934
1464541412603559939
1464541591297675268
1464542988814614531
1464544182853201923
1464549282413903872
1464555826618638341
1464556229292793858
1464560961654640644
1464566373087002633
1464566440703397892
1464566530734104586
1464567131656183808
1464572544980119557
1464573591014363136
1464573632718389252
1464584264675065859
1464591431998197765
1464622022638518281
1464623735533551617
1464623738956120064
1464623740726038532
1464632263727931393
1464632267918041088
1464632270946324480
1464632273202941957
1464787201972076549
1464787329902469128
1464787676435927042
1464787845701246979
1464787863376056327
1464787968992841734
1464788099964174340
1464800850736418820
1464801335019147271
1464801410843697161
1464801565286436867
1464815124884066309
1464815311593431051
