1905576574210244660
1905577163941880078
1905578295787487333
1905579194769379732
1905588577972662471
1905629541307199971
1905633062287016386
1905660734736138619
1905804280675897678
1905885959201452180
1905886116659789887
1905890367125553167
1905899710990471188
1905899865911296353
1905900501553828175
1905900612606378302
1905901669973659961
1905902908996202776
1905903627564384634
1905903752248516753
1905908870180192436
1905908890841063488
1905908911590236366
1905909165647970769
1905909183821857060
1905913338963660915
1905925711036370994
1905965605439828271
1905998544902996024
1906000201015308781
1906022596875108719
1906024534551171331
1906029490440122758
1906029580844167573
1906033955054215279
1906034066379485550
1906039214669713418
1906039428910547340
1906040343801508243
1906054297646985665
1906194770520838537
1906207026134536469
1906218441339494607
1906218773008286205
1906218786094485959
1906219603442999392
1906220012131549425
1906221879234273656
1906227610662969532
1906227691067777074
