1468243639059070977
1468243641558867970
1468254155470827521
1468254157551243264
1468254160302735365
1468402368991555585
1468403008081850371
1468403589823361026
1468404425156820995
1468404528441528321
1468404667788922880
1468465829977079810
1468469976268881920
1468473293120233473
1468473295695585282
1468475763095597063
1468481417709449218
1468483867447226368
1468484177859284992
1468485033061015559
1468487632447426565
1468487637887434754
1468490736924434434
1468494122797305857
1468496715355361284
1468496720614940672
1468498082086019075
1468500574458953728
1468501769869139968
1468505717833273347
1468513062860640256
1468513656639930368
1468516121628143616
1468517642210197505
1468521506846113796
1468521819812470784
1468522217814179843
1468525329010495489
1468526355058806786
1468569914604544000
1468583032349069315
1468587394974699523
1468587402704740356
1468597595190611971
1468597597728247808
1468603085249335298
1468603091503124481
1468603309116190721
1468612659591278595
1468612662527332352
