1977668557896138779
1977669495939543500
1977670103195058519
1977685972994449652
1977689263090307115
1977689694814273762
1977689708714164228
1977704538787213410
1977718513180479908
1977719213998428335
1977719443632378096
1977719983951028315
1977720660123332798
1977721160642269348
1977725335572758836
1977725524089712676
1977725682097565758
1977741559043883160
1977763561922343309
1977763759184658674
1977763767166402593
1977947727452360771
1977958450215711209
1977959028719546624
1977959439119646980
1978016884739215817
1978019473555857595
1978019707698745737
1978019912393347580
1978021625682399308
1978040740463698217
1978062028716613815
1978078127508090897
1978082292766757369
1978089599181242859
1978089620358242459
1978105879846416665
1978107005773467886
1978108418284994762
1978109399462719857
1978110238680359264
1978111347364905053
1978118791956443551
1978125875498631229
1978131129841414190
1978131273550811388
1978131446452596904
1978131547539546216
1978131865576906816
1978135537358692650
