1416412885777993730
1416441614369628160
1416443146582433793
1416586934370009091
1416587640975941634
1416589464298692610
1416589628509888513
1416603557231427587
1416603630631747585
1416604803493371905
1416605819169173505
1416606009225744388
1416606342077239298
1416608424096194567
1416627054351581185
1416629510280081409
1416657207236599808
1416663516946206721
1416666223702462465
1416671893445222400
1416694416505401346
1416710413366878209
1416710784822902788
1416711443672489987
1416712843777372164
1416741021711405056
1416782435480604673
1416782513557557248
1416818295735349253
1416819222122876928
1416948466605977600
1416951003698515969
1416978833710804994
1416978858041954304
1416978927826792454
1416986839102021634
1416990551891582978
1417012919963852809
1417024592124682246
1417027453529116673
1417043599393390596
1417113617942470663
1417115099395809289
1417182437390516224
1417182646807908360
1417340944278441984
1417388064482086917
1417398386420944902
1417401606354575362
1417402390311931904
