1394879048531124224
1394888699318472704
1394920211329871877
1394920481736695813
1394923378620866564
1394923394408144898
1394923419104202752
1394923468668358660
1394935918188843008
1394938498075881472
1394946091989176321
1394948251749474315
1394948508713578500
1394975384966471685
1394997824371130373
1395011950325616642
1395022905914793986
1395024059205705728
1395026782328213505
1395036810414198786
1395044678383267842
1395058145509089282
1395059121573953537
1395061939810627586
1395226940173283331
1395227431036850183
1395247814079250438
1395249149470146561
1395251306911080448
1395263368043188226
1395264986033754112
1395265348836859908
1395274690281627648
1395275735040892929
1395275925671972864
1395281776398913536
1395285713126494208
1395285743585562627
1395286604965552133
1395289098361868289
1395290976013279232
1395294571181969413
1395294933183987713
1395295438752817154
1395295783587483649
1395297707749646336
1395297756046979072
1395298106560770052
1395320461068619779
1395323213966577664
