1797590440579100987
1797590595973648399
1797591044076503387
1797591087139459095
1797591099634257939
1797591115073458287
1797591127240872215
1797591136791368020
1797591148682485968
1797591159180857797
1797591191514656977
1797591201413292166
1797591219473895525
1797591550249304268
1797591631513928185
1797591672601321624
1797591697536512331
1797591724878893277
1797591735352328229
1797591792218697907
1797591831737495847
1797591848325959829
1797591866927382864
1797591949295378845
1797591960662011970
1797599937641013690
1797599947971572081
1797599966606881238
1797599988467577222
1797599999913820289
1797600012123431133
1797600021115994153
1797600056801173654
1797600110492397580
1797600130985795690
1797600231045148909
1797600268479299853
1797600323491745797
1797600369671016451
1797600389975675180
1797600400138465391
1797600454106603729
1797600685594481073
1797600696810053791
1797600708864462957
1797600736035123462
1797600755832271062
1797600780809286081
1797600847721030100
1797600966348525876
