1835168170673393748
1835168411560951931
1835168597271806458
1835168640888717436
1835189527801155702
1835191600445812905
1835191607710433555
1835191736471036340
1835197005070582237
1835204427495375083
1835204714989810002
1835213743803732077
1835215000492720548
1835218384851530097
1835219854816608352
1835219875406532621
1835219900454895755
1835220260418441465
1835220498122207289
1835221131219132655
1835221738394673607
1835223387112603724
1835237463335579986
1835239602598318187
1835246846622814589
1835252764412199351
1835252771697606855
1835303496888774732
1835337712120816099
1835360811868418101
1835360856537997543
1835521681823076720
1835547595650855244
1835547655553818839
1835566040975028309
1835586208057147764
1835588313031606398
1835588899680174570
1835589007599624530
1835589937674211792
1835591056383156408
1835592349759721489
1835593978412200283
1835595563938808074
1835624648639127620
1835628961772319131
1835628997771919438
1835629018030420259
1835629223572336866
1835629355428626532
