1766054672832577686
1766359582878957805
1767199091896025350
1767424692787540268
1767464747858071878
1767530406717641074
1767885031320805530
1767911301987373287
1768294659686899921
1768530288223924270
1768916634520199348
1769408513632281032
1770096621734494493
1770309530821226621
1770852246290403722
1771065380888293830
1771122929113460799
1771395164315259372
1772122599558099085
1772150901098119567
1772505461188657615
1773263758061863095
1773929903215542437
1774665942947299666
1775346392527180001
1775387425705279649
1775451125862248633
1775750941406593338
1776670599424909816
1776838234556760492
1776868797582123516
1777528529942352218
1777891165574144167
1778658599469764796
1778683667180867929
1778814837591556595
1778826148149067862
1778835588868977100
1778986217436336211
1779189422199840968
1779396682691625104
1779421851137036410
1779759675992592836
1779769228226138524
1779779827840471280
1780075576180498681
1780277998450516278
1780452375922172102
1780483267998744701
1780487505332105426
