1472131626272501760
1472136356021223424
1472136620849569799
1472136664294166529
1472139381687291908
1472139585824034817
1472143347829538817
1472143774339850240
1472144108823080962
1472164120774414339
1472164402644205570
1472164438853648386
1472165295179526144
1472166359215730690
1472213544607240194
1472231805956677640
1472231808947277829
1472231816035586050
1472415453859381251
1472418763735666691
1472419686105026567
1472419941450072067
1472420137181450242
1472422535702581251
1472455869514203139
1472457465904074752
1472457588528738308
1472458715001344001
1472459207509098497
1472460042729263104
1472462118964248577
1472464125842190336
1472474913214582786
1472474919002796039
1472474924707037187
1472479343175553024
1472490567758016515
1472501552573456384
1472552048335802379
1472565457655795712
1472582985639600130
1472583015163330560
1472586285567016962
1472598647414026243
1472750193393033216
1472777670127587328
1472777919244111873
1472779794697711618
1472780101053911042
1472807928356749316
