1533773025430368256
1533773896075603968
1533777022207819776
1533777168538664961
1533777530888794112
1533777886339276800
1533787064394584064
1533792700951953408
1533793900321591297
1533827297123307521
1533835731231047681
1533835733860900870
1533835735786135552
1533837565039480832
1533837612300918784
1533848765248901120
1533849447968301056
1533991971131641856
1533992114786570241
1533992258940583936
1533992614214922240
1534054643969404929
1534054648406892545
1534056320797581312
1534058298554863616
1534059278968885248
1534064614199029760
1534064664237117440
1534065895517040640
1534091134254780416
1534091145579352065
1534091190080966656
1534091216924463104
1534091227569655808
1534137990024376325
1534138006579208192
1534155739157082112
1534157817803726848
1534180276846223360
1534190836548014080
1534193631703478272
1534198201057542146
1534212625470738432
1534231312697262080
1534231329155727360
1534232063607730176
1534275727209533440
1534348152652058624
1534348307388338176
1534350254589751296
