1950841946353897920
1950863415678832784
1950878517367038006
1950890104979145198
1950890807009120634
1950900353345745220
1950905614827221066
1950905848957431959
1950906911433413083
1950907484778156424
1950908549258690842
1950912301206519850
1950976432995443165
1951154258528625076
1951156211820450057
1951197710306226176
1951198789206696004
1951200732482273570
1951201708819751371
1951203609472897319
1951204092954427792
1951206184578331123
1951209189583249883
1951211473880932532
1951211664281383407
1951229686052237487
1951240192981151821
1951241453046473146
1951284662216826969
1951285130116346037
1951285137238340072
1951308061173338175
1951479764881121473
1951479916354216237
1951481360595526056
1951481819771314228
1951482743646462119
1951496819361587256
1951501120641323184
1951501188379320610
1951501216997122216
1951503830644068513
1951540454295826631
1951552273622126824
1951557562840784922
1951559846706246052
1951560830450811055
1951563211985100958
1951564692293578891
1951568783828795821
