1920774307627589675
1920775557026848814
1920776175309177042
1920776841247248650
1920778759218630743
1920780753069019591
1920783787786490191
1920785609511043423
1920786495650361802
1920787623104119214
1920788377311256813
1920790274839560513
1920792044441624678
1920792810896138289
1920802343685083588
1920812305677238372
1920812344847876407
1920812431493701928
1920819645877264876
1920823407140110348
1920823927800049754
1920824522761973863
1920827446997160320
1920833101674017008
1920838297179615674
1920839270576668767
1920852896108744714
1920858154839273500
1920858416882610677
1920860959465501073
1920861881922621601
1920862539279458489
1920863221268783259
1920863226675318967
1920863731761778770
1920863761507733926
1920863783947297004
1921029995310301457
1921030229025280293
1921030272872538141
1921030710732705838
1921030732836692389
1921057407494389872
1921059182905618583
1921059578940100799
1921059626579001422
1921059819709948038
1921063939414122822
1921071837552775281
1921108218161266723
