1493111065781370881
1493129855906775040
1493145392950935554
1493145498752282625
1493145622907867139
1493145857163948032
1493146570380148736
1493146637958807554
1493153376653410304
1493153472858177537
1493154424805801987
1493158296601370625
1493160716161159170
1493173821033299975
1493192755644108801
1493231882594828293
1493250943277617153
1493250945223823365
1493250946834464768
1493252075760672773
1493267035429560321
1493290369508798464
1493290512131919872
1493290543723384832
1493290602221346821
1493326087912591360
1493326620727582721
1493326702969499648
1493328599641849857
1493390606877753344
1493407797223952385
1493408993414311941
1493409027274907652
1493484777814781952
1493485764059209729
1493486527212814338
1493509570810896387
1493509745637945345
1493538846923161601
1493539070664134656
1493539303263453188
1493539878461935618
1493540330083614721
1493540348421087232
1493540461432438784
1493551517940727811
1493555147506860037
1493555906315177985
1493591106810183680
1493596659120578562
