1927661482516283667
1927662246986916315
1927673857202110509
1927685026092646908
1927685078613946827
1927686271654138087
1927686632460742659
1927686804142018763
1927696498319401366
1927699326605607038
1927701206069047429
1927701563486707779
1927705054225514944
1927705787788312736
1927707065403011279
1927709388220833856
1927712296597418388
1927720225769709757
1927720501603959248
1927720580318421110
1927741830763819131
1927753588220023088
1927938300062351871
1927975681641648230
1928002289131803011
1928010730176917948
1928011247192051903
1928011314246328640
1928014494086877640
1928015914508619973
1928016713351614703
1928018108943421524
1928019110698357100
1928020755939479887
1928021727180656725
1928022576103907661
1928024059100479665
1928024459782316426
1928032771760607660
1928041306678513940
1928041343646871822
1928051258201383179
1928054808604250259
1928063434148696392
1928074771935416376
1928076428005773746
1928077730253336799
1928080057039475154
1928080062999581006
1928132477228646669
