1431134316382220288
1431150318784434188
1431150536913350656
1431217938002972678
1431218049185566733
1431218081938874368
1431228417597325318
1431231114341859329
1431261086288777216
1431261106115264516
1431261280032018432
1431261392619802628
1431262230926946305
1431263348239200259
1431265991976095751
1431269579855056902
1431293281795665921
1431433239747383297
1431440037724377092
1431441365422919681
1431468281693544448
1431485716412858373
1431487618101891079
1431490518358405120
1431493758235799558
1431497307627810821
1431502121766055936
1431521974866505729
1431526328688283653
1431538765332291586
1431540790447116289
1431549926039719936
1431564800723587072
1431576489057603591
1431580543037050881
1431582563450056704
1431582575026270217
1431591253825646594
1431591856429625346
1431609687464550405
1431612147243442182
1431614850493399041
1431619238079332352
1431619338725777419
1431619374373224455
1431619405960531970
1431619467763539971
1431622794895233024
1431656175293005828
1431656361230680068
