1871111278883651727
1871113409208705442
1871148563536781330
1871163864982974965
1871178761561075742
1871180601770066287
1871181426714177711
1871189610174496921
1871189626909802602
1871193999782158628
1871206133345747333
1871206152702419335
1871206163217633564
1871206211443630560
1871206478272709038
1871211290024136855
1871218303127138514
1871218343098872235
1871218378410770720
1871218400783106184
1871224216852316478
1871237231475593294
1871237729507524971
1871237739687100897
1871246020413415818
1871247102095004086
1871373274036527379
1871388620948668444
1871401982533177409
1871407212641268020
1871408247682281619
1871408725799416309
1871424861970796890
1871448256666025990
1871450543622918529
1871455353071927742
1871459837370155483
1871461199147331950
1871462431014432877
1871471416920731985
1871473500117959096
1871475137318637676
1871476710505599115
1871478119905054881
1871479128505123308
1871482294864584949
1871482986350387556
1871483222229729568
1871486239234310432
1871487732247040186
