1544377308785434624
1544378647309479938
1544378752435531778
1544379103599403008
1544511801831727104
1544518488798396416
1544556419277799424
1544565889215111168
1544565892721569793
1544566810980528130
1544568205972484096
1544568209248251906
1544569287813189632
1544570589649969152
1544574693793210369
1544574697924608000
1544576304603078656
1544576308457648128
1544584908559228928
1544599287371542529
1544601147876737024
1544613436205674496
1544615333969170432
1544619859316998145
1544632620914393089
1544632632599711744
1544632643286749184
1544644691697709057
1544646495143882753
1544647010128887810
1544649704394604544
1544651301031923712
1544656272125206528
1544658423736049666
1544659695142461440
1544659965599977474
1544664804253908992
1544678090118668288
1544730228656074752
1544730964114698241
1544736767622135808
1544740808137785344
1544759659256369153
1544882136934584320
1544882911551180801
1544882934632435713
1544893566136201216
1544900483654987778
1544907529779417088
1544907646267899904
