1809549057141899277
1809552672057618813
1809552688394432751
1809577238657950069
1809594010132181027
1809845320450445790
1809946134711849234
1809946459044766183
1810182166069862710
1810191308998201376
1810204929589715217
1810231228198461916
1810231361426653379
1810245875353993568
1810246927222702471
1810247704393728248
1810249511882911762
1810255888172949695
1810256108285825295
1810256108285825296
1810256301299315134
1810278198221091008
1810282074521153986
1810288876579438872
1810301075859308909
1810301095773892841
1810301472233701703
1810301633823408629
1810313773179421121
1810313825088139321
1810314513235038273
1810316787965448266
1810318946341671396
1810337244437451035
1810352908359074156
1810357698862657977
1810551252721324481
1810551974045347944
1810552740357259459
1810554534881874280
1810570969435492685
1810573861290922320
1810573958485508395
1810573979280941181
1810574000247992707
1810574036713296008
1810580362156032424
1810580369630195860
1810580387988672889
1810580402169655465
