1599674779480788993
1599972009525805061
1600468050146656257
1600801497826021376
1601100787513700355
1601105440120901632
1601120868574572544
1601222388309721088
1601241578601091072
1601301746059718656
1601464444894474241
1601518644944457728
1601518904505143298
1601918786294386689
1602121400789405696
1602281883601014785
1602283716487020544
1602580480301596673
1602630972205584384
1602896664800681985
1602928813620752384
1603314604448174081
1603632818579726336
1604013375083761666
1604025046640779266
1604120823647698944
1604513337353465856
1604552501612933120
1604649741484449793
1604722685602254848
1604726902782308353
1604781894150656000
1605075323619799040
1605401152001957888
1605413854632370176
1605460149195247618
1605462313800171522
1605590145134383105
1605831439173521409
1605844453461315585
1605898689813389313
1605908852444397568
1605944401435365376
1606174618418417664
1606515576775798784
1606562015614734336
1606670249197469696
1606670253563707392
1606670257065971719
1606860835783344131
