1532375464005709824
1532375696940466177
1532375902885011457
1532381196054720512
1532381264820375553
1532381281555689472
1532384629814009856
1532394602220916736
1532395091088011264
1532395156972138498
1532397139653193728
1532545704291631104
1532549532806160385
1532557752958332928
1532557832989847552
1532558365582557184
1532558773826764801
1532558965498085377
1532564563513982976
1532568279189176320
1532568824117350400
1532568846326206464
1532569408740409344
1532569504537931776
1532569786794000385
1532570052608012288
1532571976870805504
1532572521740255233
1532572608633655296
1532572727932260352
1532572756940038144
1532572912007274496
1532572972497506304
1532572974687322112
1532573656806662145
1532574087070986241
1532577218429214721
1532577287664992256
1532577604074901504
1532577660018491393
1532578623873380355
1532579661531828227
1532580543837384704
1532580555665338370
1532584678191878149
1532585395367837696
1532585453366300672
1532593307041181697
1532596636584919042
1532597113036582912
