1837786179497775250
1837826825952645343
1837867065731887118
1837867539516289512
1837868459532996616
1837869651663192179
1837873308684984336
1837873329488699661
1837873481083449517
1837873671005765732
1837885936769610119
1837894052286513623
1837911237897998797
1838033034060186107
1838033075843809607
1838040368174035103
1838056929802760536
1838084198789194136
1838095382842425395
1838108226321252615
1838109972799815996
1838125899130302741
1838127279836438973
1838128512273985661
1838130359810286063
1838132265462939772
1838132608653459839
1838133363926032770
1838134776999674196
1838135606477783215
1838136239158939997
1838136265952145453
1838148619771215874
1838148632148664782
1838150515298877634
1838150761282257240
1838150784636047387
1838168760882020489
1838170390645899727
1838180100803580351
1838180395331797395
1838180413203742970
1838180583429525853
1838183757448360366
1838201945053360335
1838229928451440753
1838230752510554295
1838230851596718517
1838231426371645737
1838231560996167809
