1488832014060974089
1488832112421572609
1488832125503619075
1488833394829979648
1488833453978128385
1488833470285504514
1488835712917012482
1488852615689826308
1488853482669244418
1488865979253723136
1488892313954705413
1488895904157294595
1488899153342070788
1488907199933861889
1488907233488375810
1488907648342712322
1488920049133895690
1488923146224750592
1488936116539760640
1488936607776649216
1488939113172860928
1488939639608324096
1489094252709617666
1489098965211484168
1489100706443190275
1489100747899695106
1489108656234721285
1489109586116108293
1489109604772433920
1489109606693359617
1489112003293503502
1489112410451447811
1489112476436217857
1489112561744187395
1489114605624635395
1489116907844210688
1489116974844051456
1489125017073770499
1489125020471230466
1489129742569598976
1489129745543426048
1489131090954518528
1489131112483803138
1489131236052254722
1489131379354857474
1489131743873433600
1489133454469910529
1489156617145024514
1489157298362937344
1489167036697964546
