1897284817051603354
1897285433987621256
1897292555903287593
1897347843305959581
1897348723682025473
1897360080057852070
1897459618600632758
1897474716660850744
1897474851390283848
1897500509054840846
1897513088288743902
1897515206571696579
1897561071780806968
1897562586373411019
1897563733410676835
1897564437231624598
1897565430623166950
1897566411654058066
1897569209078677867
1897570404274995450
1897571347833999598
1897572460369006642
1897576597299007640
1897580647574564950
1897591309742850169
1897601743929622938
1897602210881470786
1897602367211618442
1897602498434605172
1897624470438748440
1897625328735986054
1897647242947014782
1897661003539574822
1897661208951464187
1897676003821986219
1897679754427347410
1897684087575576625
1897684229355704365
1897687509142036484
1897703340613795903
1897703547661135923
1897710087852200415
1897710120232272327
1897710745275757028
1897822006357217762
1897823754639527954
1897848887198536086
1897888246304325955
1897888552769536151
1897896236021104980
