1487297079357882372
1487300476433432579
1487309624487202816
1487312022945427456
1487313664986464256
1487317957160042499
1487319747897470976
1487319752959619073
1487326391679201285
1487326884975153152
1487330850081751040
1487340165387329539
1487395935202144262
1487397379422973952
1487452807087017984
1487467709390811138
1487642596834885633
1487651480614367233
1487667799699103744
1487667841205637120
1487670774337249281
1487673675625025536
1487674169764450304
1487680469861019650
1487680477289127941
1487688654331867136
1487688737152987136
1487688772762632192
1487691791193149441
1487693765217505287
1487697487150608386
1487697667727966208
1487701953224540160
1487753020297256961
1487831591573278721
1487849446327021568
1487849497124171776
1487849805803970560
1487852358092865537
1487980381152317440
1487996899516829698
1488005964704129029
1488006004017369094
1488006102109532161
1488008474025816073
1488017010852184066
1488035703892353028
1488044364811042819
1488048663582572549
1488055014236954626
