1908577046756024358
1908770724363280848
1908791758059954414
1908792239800848875
1908793261096837309
1908795438322639350
1908796833784123759
1908798821636653306
1908803504849793268
1908804409544364117
1908804709437030718
1908806561259978853
1908807060625432577
1908807368021864868
1908807800366518730
1908820805913293201
1908833863591198772
1908838489027707335
1908840458282815662
1908840639032439142
1908840767868518405
1908840939012927635
1908841071552901245
1908842011706130524
1908842905675964849
1908843191115145332
1908858421404914093
1908859038617469399
1908865410444771831
1908874901626433827
1908893771145621807
1908894573666988536
1908895315182186670
1908896818819383645
1908899548963000732
1908901641014947892
1908921273863877014
1908921714102190364
1908925904572788860
1908925956775096446
1909158792157086087
1909159860505043443
1909160689685475611
1909162089928683726
1909163493892255970
1909165567929384985
1909166630690488370
1909167421656608818
1909168669776646498
1909201893500281227
