1398133002928943104
1398133963294593028
1398167623716663302
1398211874022326275
1398215659071234052
1398222438136094720
1398225645591695367
1398225666399621122
1398230521671348231
1398235039301738497
1398239087996280839
1398260874398236675
1398274925320830976
1398281950603870214
1398291534039064579
1398295051730518016
1398295198040399872
1398298436001177604
1398298547183706114
1398300615311204354
1398303193059139593
1398303298629763080
1398303510899216388
1398316237197778945
1398317032718749696
1398318342209904645
1398326686119198720
1398327365038592002
1398328740954861570
1398331138620284933
1398332408710066178
1398339324584763396
1398497070189727744
1398498163544051712
1398504958585016321
1398505570236129281
1398505635369476097
1398532630644097027
1398543212885647361
1398559184161964035
1398559964851957761
1398561023980761090
1398578406237741063
1398578903187214338
1398591781399240704
1398592253040365570
1398595554519572483
1398596288761847809
1398596305618800640
1398598928182824961
