1521208097196625920
1521209957936668672
1521340529598169089
1521343827080003585
1521345958440747008
1521346390458355713
1521347339885203459
1521363577294422016
1521363642952085504
1521385356482199552
1521386480228499456
1521413899328704512
1521433487596695552
1521454741678485504
1521457789922512896
1521464327957467136
1521465473560309760
1521465599016071168
1521466975137898497
1521467711888404480
1521467736261505024
1521479655043534848
1521552272815280130
1521555068939804672
1521713634174402561
1521714131996274688
1521720236017258496
1521723728064778245
1521725013782540288
1521732820430823426
1521734185802625024
1521735299130294272
1521737174516871168
1521745305813008384
1521745417289240577
1521750009867571200
1521750668935307264
1521768817080250368
1521768820465029120
1521813739020124160
1521829701337042944
1521829813664636929
1521851531762434048
1521929119323521024
1521929306842472450
1521929431153278976
1521929746174873601
1521930911746768896
1522058954163224577
1522071873739055106
