1983912222054330577
1983931184783749477
1983936305861161197
1983937233670566310
1983943723005452763
1983946116069818710
1983951810122731866
1984091679780172141
1984093551999988120
1984093889838657843
1984094240964845785
1984162268205215871
1984169154409377976
1984170250661982273
1984177959587246578
1984184398808588657
1984184432413290894
1984184533424767293
1984184704141250600
1984186725577658763
1984186830657626384
1984210848601289145
1984231805705453589
1984242298495135916
1984243453954589138
1984244334729031714
1984245480499593660
1984269042753114496
1984269099095216164
1984269213037678604
1984269554194018604
1984269764940980240
1984285245760585838
1984285422974128190
1984286739650039855
1984289837676212735
1984290780442464314
1984295494609207690
1984296443608281384
1984297962759917653
1984308786077782509
1984309740680429595
1984312636427944167
1984494901774729330
1984515753199223143
1984521085069697445
1984534625860141470
1984538725632917796
1984539383643718084
1984539841774957010
