1534867653395120128
1534870166840156165
1534870405449928706
1534870443878121472
1534870540993064960
1534871405271326720
1534921782620086272
1534923315826921472
1534929264817995776
1534930540444364800
1534931879819763716
1534933043764289542
1534933625979822084
1534937446244581376
1534937479908040704
1534939143218024449
1534942904224911363
1534950756419522560
1534950908232347648
1534961153579044866
1534961934743015424
1535077717926100993
1535083810517180416
1535084180328984577
1535084844106936321
1535138582939111424
1535140180557893633
1535144298512928769
1535146467588902912
1535146470210273281
1535151812050706432
1535155744793710592
1535155761453494272
1535155791585390592
1535156236643028992
1535158167583109120
1535159623392501762
1535162284518952960
1535162324876570624
1535168378251317248
1535168732485455872
1535168776672464896
1535168779134480384
1535170722254884865
1535179830203133953
1535189545188065282
1535189566314803200
1535189605686706176
1535192720469241858
1535192733714763777
