1922283053520470134
1922305168214749681
1922305531152368120
1922306674930393354
1922313257190060036
1922314568031768808
1922315722442867145
1922316935384994234
1922317697817227307
1922333858432790717
1922334100125306998
1922339403579429018
1922339848264024438
1922340773632078154
1922340866506518899
1922340959242621330
1922341668025450990
1922352110345076857
1922386686685937722
1922480691503132989
1922484744819720543
1922484810196353206
1922488225446150398
1922488329049620688
1922511796881015087
1922511878283997204
1922548375863623875
1922549038001606750
1922550934187409485
1922561106964361598
1922561397218558274
1922562816248045956
1922563563090026831
1922563741322760615
1922564797943398473
1922565801795534962
1922573271654125821
1922585536734036443
1922591098746122333
1922594090593521710
1922605130781974941
1922631032160796684
1922631177065656800
1922655757637759004
1922679781122060658
1922692407784517750
1922700461963956466
1922701405241905460
1922701432005820646
1922826109906796610
