1519343718507384832
1519344397975834624
1519346526942023682
1519348231569690629
1519354674058473473
1519379434134212608
1519394590830514176
1519408948662902784
1519409087355953152
1519409232642457600
1519520348567654400
1519525802819600384
1519530772276805633
1519536616259289088
1519546470562959360
1519546748347514880
1519552219561230336
1519552223763910656
1519553924113760256
1519553928563916800
1519555394334773248
1519556363802005505
1519571981481709568
1519583409978626048
1519583414047117312
1519590920177729537
1519591084007235584
1519591437658394625
1519591503240531970
1519594743306817537
1519594860009127936
1519609225156042753
1519610145088581632
1519610152927723521
1519613281056346112
1519620234252267525
1519621357776273408
1519628993284042752
1519632093013508097
1519635466508967936
1519671297739206656
1519685537002835971
1519691109814857729
1519700219063332870
1519718704795521024
1519729219424894976
1519733166642466816
1519733411614986240
1519735793811886080
1519897027941142528
