1798297993680158931
1798298098831384927
1798298098835571089
1798319182477734171
1798319349687844887
1798333456268882365
1798333547855655018
1798333709294432704
1798378418113073405
1798378800520344041
1798378826357211406
1798382541713575946
1798382650249666911
1798382816243397002
1798385517547168036
1798393528982372718
1798426678160671174
1798427804683624872
1798429115789500868
1798431536175546793
1798431959460507821
1798571522065608792
1798571878547959956
1798572231532167544
1798572348955910498
1798572469563134002
1798576864589676847
1798595430818906399
1798595687501984014
1798595756422824392
1798595808083988877
1798595856939266317
1798595916519387542
1798644515781427657
1798644525734437140
1798646788922253730
1798719725645787623
1798740730133004336
1798796685122081087
1798905820236939298
1798905843150467167
1798906785207894139
1798909958979047853
1798910013249106139
1798914049088115112
1798914294157082703
1798971659711582628
1798972355571753362
1798973996979114399
1798974479370260524
