1876278566939414623
1876301049214259306
1876315163349180447
1876339970652463469
1876342211874623970
1876463307617718559
1876463902399271110
1876464107907633519
1876482902608978078
1876497288178368692
1876527347735855231
1876533076395954201
1876533081487913131
1876533090090381568
1876537321128145045
1876545395268235627
1876547716286910791
1876553194593292336
1876559568693834216
1876561340464316899
1876567538651517214
1876576786458546412
1876606901368283229
1876625322172613109
1876632088079991243
1876632118484402249
1876632147097977333
1876634711084446099
1876635233665331353
1876649970432123123
1876650002778653025
1876702965462974830
1876847267593826393
1876853683008274501
1876853763647865323
1876914807498018979
1876914814091505733
1876916748299157616
1876916767274009038
1876916819371418046
1876917036846059928
1876917697394393485
1876922148763377745
1876951174676693348
1876984705154785696
1876984767054217617
1876984901439811749
1876985038513795448
1877004942919012356
1877016344572416355
