1530157016424931328
1530157326119817216
1530157338027433984
1530160285473906688
1530160569054994432
1530178373036560384
1530178448680812554
1530180499070910469
1530180992174276609
1530181296269709317
1530189358325972992
1530189503474077696
1530193651397459968
1530193707097800710
1530197329839411200
1530198862610112512
1530199896833130496
1530201124069814273
1530201128595427328
1530201797498834944
1530201802552905734
1530204675097604096
1530207616139337728
1530207624016191490
1530226143307046917
1530242455655706625
1530242459308941312
1530246379603640321
1530254491219423232
1530256091686109184
1530261006341251072
1530266198570520579
1530266930497540096
1530267835426951168
1530270001441087488
1530373206158487552
1530373313079701504
1530373929558503424
1530377835365695488
1530377992488517632
1530378073669271552
1530379649511231489
1530380206095351809
1530381305644720128
1530406710283603969
1530407113205288962
1530407247100030976
1530407724696993792
1530409410844954626
1530411632031313921
