1459828166151663617
1459828534688423939
1459832596045578245
1459832745098579970
1459833197970165766
1459859776670601221
1459861400138907650
1459864179389517827
1459864295311745036
1459865428537188353
1459967098348658689
1459968995746926595
1459969227478028289
1459969540377362437
1459970053021995008
1459971033125961730
1459971653954244610
1459971880010457088
1459972555146600448
1459975272485175296
1460132971625676800
1460142479529832452
1460142562459602947
1460142625252470786
1460162642861985792
1460162663162400770
1460164330595385346
1460167524561997830
1460167531738451969
1460168137958064136
1460168290764951552
1460173712599093250
1460175161739468803
1460181011002576900
1460181457490481156
1460182395471028224
1460185468159418372
1460187351871721476
1460194881012322307
1460203290138873857
1460203300029038592
1460206552913100801
1460216218942521345
1460218910150516745
1460220650958721030
1460233905047359495
1460260173486845956
1460260208521846790
1460260524214476805
1460260634717679616
