1949839608025682044
1949842700963897800
1949869568677306709
1950029799134540041
1950047595075948641
1950051729208213984
1950078399638356064
1950100400507412660
1950100459785437451
1950100806239220101
1950113126814286052
1950134300478742612
1950138932764500395
1950139189002915856
1950150690799571000
1950150922216042544
1950151131537031581
1950158296750358907
1950208169474662668
1950409571245416892
1950446173724213712
1950446200022585571
1950446243211055597
1950453232440123486
1950459463602934153
1950461737284800772
1950567396697083981
1950567510664962435
1950579692127539676
1950590710190682335
1950796704640274856
1950796747111870795
1950796787293229312
1950805995514720361
1950808033681920399
1950808824295588070
1950815565989503264
1950825991854834157
1950826822377099466
1950827625791819990
1950828463696540034
1950828683889197531
1950829559760515567
1950830518599073937
1950832327443255558
1950834429938802936
1950837195260248391
1950837408506728759
1950837421333209486
1950840019507175761
