1934128471753765239
1934129321830167022
1934165690363396326
1934182114326700461
1934191167887093935
1934192367772615135
1934192690150957116
1934198061997371596
1934198100366872838
1934198116296835342
1934235315033473218
1934253922769920225
1934261109940519082
1934279897192808500
1934280552171163882
1934281598683513012
1934282832592990251
1934284422624456795
1934285733461987402
1934301750514823568
1934313938457637186
1934316478939185480
1934316583633191369
1934316647906746498
1934423179428339980
1934461865230475427
1934470720983388295
1934493482439389212
1934516219186762161
1934518224504361451
1934525067050000533
1934525654550384790
1934527620420624555
1934527666998108498
1934527681846296704
1934531001721725375
1934531128842682847
1934538618934333489
1934539825895621029
1934541119796486456
1934541196921364664
1934542437676208360
1934543275035402467
1934564899247775842
1934566746968739923
1934566912568217952
1934567549192286623
1934568367257739692
1934569520565571675
1934570527450157145
