1847587884586434620
1847587931424207017
1847590009852891570
1847603015379013751
1847603408766697741
1847603739391054101
1847605261797654691
1847605682704400397
1847605749670621493
1847654851070636169
1847682230954692881
1847689720748232878
1847689933797933529
1847690154292760598
1847707215991374245
1847844871802929503
1847845191853412763
1847845924803940492
1847846191435755544
1847846763555639363
1847949364297175265
1848036467953881375
1848037207396753853
1848238301016117508
1848246914200035686
1848255559184900298
1848259158799446284
1848266761604657528
1848269134934753285
1848285053744541936
1848295150121877991
1848317163716669668
1848329300157575608
1848359253633085884
1848362716718907634
1848395612737450076
1848408882512896012
1848561696778162312
1848621179982254468
1848650396753133979
1848921928943403222
1849006833572229405
1849007217728516419
1849013611748069453
1849091428720206242
1849114031413400034
1849261632519630990
1849377056301236593
1849382444115341725
1849382507218616817
