1966812923361165635
1966812940318691533
1966825275729289217
1966827354795528454
1966827722778591455
1966841123990863883
1966842771974799756
1966900600404406742
1966901623583912203
1966903534974279848
1966910208351105247
1966912243024753141
1966912310393663566
1966912337723748360
1967017551927668993
1967034849056923958
1967034875267195309
1967034891411091622
1967049976447725703
1967050019015717328
1967050060539244562
1967050077106819494
1967060285241573660
1967064328663953563
1967080911536795847
1967083714770620581
1967142175994720453
1967144965013946586
1967145706029978087
1967145987157438524
1967147122429669460
1967147820479283301
1967148991025652170
1967151082486014023
1967156338850697421
1967157732643065909
1967158450619822372
1967183690020409518
1967184673895047306
1967185701092601934
1967187164078452814
1967193349473128576
1967193570579988830
1967236104081617195
1967236121584378033
1967243795290091852
1967249666602606852
1967249681534398557
1967250570441552031
1967276959681093680
