1498588120186785792
1498609435664551936
1498611271851462664
1498612603551350784
1498616516345950208
1498616587242577920
1498616831992418308
1498617802198220803
1498618889873539081
1498637568639832068
1498658677041287171
1498658845786505219
1498659720705736709
1498661136782471172
1498661656272207873
1498661832332308481
1498662167767556099
1498662347300569088
1498662873698299907
1498663643390816257
1498663814342262785
1498663961675198468
1498664009712955394
1498664351510982662
1498664647611674625
1498664771864129541
1498665746075119616
1498666062661185538
1498666657300217856
1498669411376705539
1498669420755185666
1498669438165745673
1498669448118796292
1498669456205414408
1498669457916706824
1498669464099127303
1498669471929868292
1498669480733712387
1498669491131412481
1498669498555301889
1498669511964508160
1498669519992401922
1498669529349914625
1498669541265928195
1498669551793635331
1498669563797721089
1498669571880124419
1498669609842782209
1498670039456960513
1498670423982374914
