1491333753506914304
1491337439474253827
1491355437098483713
1491357207216406530
1491368444767633409
1491369743181582343
1491376978729275396
1491379716364079108
1491385022720651266
1491385856518950914
1491386395608641536
1491387138671538176
1491390676537581572
1491390702282231818
1491401953880186882
1491412941681623042
1491448368534790144
1491448738279489537
1491468116135530496
1491470157213962246
1491583895753867268
1491587829344141312
1491605052146204672
1491605956073041923
1491606311225937922
1491606357652668417
1491641595837706240
1491649007856553989
1491658977335463937
1491660023931752448
1491670987829825537
1491707233784111107
1491707396674048002
1491707578249736192
1491708288722890752
1491708328556204034
1491708348923736064
1491708367424819200
1491708970523717633
1491723679402987524
1491725552092585986
1491736977468637186
1491742312850149376
1491742956927295495
1491744071689576451
1491744696712183810
1491745603109650433
1491747263185440768
1491747710017302531
1491779698656899072
