1454293292762337289
1454293588066459655
1454294152196153349
1454294593122422786
1454294633618444291
1454295138268708865
1454299681782059015
1454301722378051588
1454318198883454977
1454320710470356999
1454323205397626882
1454329589027672066
1454330762057060355
1454331430268391428
1454335746878279682
1454337218684723207
1454337484553261060
1454338608161198082
1454339367862870018
1454339720163381253
1454341143357898753
1454341585307459591
1454346026177871887
1454350250634735617
1454351311432916999
1454354375451705347
1454364758056992774
1454364974948634627
1454365336849977354
1454367036079964164
1454367413382705157
1454367972361850880
1454373582184669186
1454411560898551808
1454412058737315845
1454412150240206855
1454412322290601985
1454413750455336962
1454419157043204104
1454420055039430660
1454420830566301696
1454433605929738240
1454454893016539151
1454492382502670341
1454492674203930626
1454497725181927425
1454498229811249157
1454671393010847747
1454680150835023874
1454687369177677827
