1934571545692864831
1934572569342124331
1934572998897639828
1934573470538764522
1934574021145965002
1934580280997933258
1934581924384931964
1934581928768000417
1934581932941341109
1934584366723977357
1934587312673047024
1934587321388798047
1934587900244742384
1934588211592130707
1934589098746097886
1934596395077714309
1934596432956436810
1934599033089397106
1934619279993020549
1934635808956494062
1934650424096920025
1934733384120717723
1934852712501317724
1934858881613877425
1934879614821912719
1934885530837418051
1934899993321799752
1934904613574164671
1934912530062954708
1934983976210309368
1935017740731109526
1935043480000282935
1935232541130375252
1935236805034725767
1935264276148826236
1935264522861998591
1935264988593275212
1935265483869274261
1935266532420161892
1935267274929357274
1935268058861551701
1935269301512204419
1935270506288283868
1935271094128345300
1935272640668963036
1935301420313625017
1935302034187850162
1935306214931321083
1935309059315613829
1935310256198091258
