1947938397156467106
1947942522350977522
1948003633028608261
1948010011814457525
1948017014716739671
1948032199640678721
1948045131606524383
1948069296405721437
1948080323570594266
1948311108877512829
1948322308872978550
1948369446411845961
1948370932231176526
1948384302237975022
1948385382237602146
1948397456187916397
1948399772479430817
1948401839633797461
1948419884649791729
1948571242149155134
1948589491759055082
1948594612936867861
1948608027881578899
1948608032021291370
1948621064181088278
1948621238311813272
1948621531585937917
1948624426544889875
1948629246697767027
1948705986061238562
1948726201234981341
1948736350271819981
1948771507930554374
1948777868542312474
1948778140001570932
1948791922711298239
1948814965059846371
1948816776973713659
1948959007189651673
1948960955083489695
1948965059528720485
1948999844330082542
1949000641860567192
1949002532820578476
1949020932355621172
1949021058360901720
1949021612982108195
1949022075227963822
1949022797415809314
1949023406827209081
