1963596816056029562
1963597188837019805
1963616339127668743
1963715893793530257
1963716232416498131
1963716270525915203
1963716452776870231
1963738285693669784
1963738331432501619
1963772821714174380
1963776598617796695
1963783628053442582
1963783894265692519
1963786194782712311
1963786905708843224
1963790388772434212
1963826253678678117
1963826283026030639
1963835073628910048
1963839302384980166
1963839873498198257
1963842045367521592
1963842062052135326
1963842088564310027
1963842108223058110
1963842128938758313
1963857438681264214
1963858556890816911
1963858800160473231
1963859110681596023
1963860018471538991
1963860471603163600
1963863683399827616
1963869808837185596
1963877219991752712
1963884262845009963
1963889937969025061
1963889942968549455
1963889948064637367
1963890595505619116
1963891546174205973
1963891550661861661
1963891555355222480
1963893527982624899
1963893563109900401
1963893601907142878
1963893638980620761
1963893849324949833
1963909558310666603
1963917472912023771
