2003505179451359280
2003506384965632058
2003507101780647985
2003648043221156182
2003675573554708598
2003675603413925993
2003676293288853989
2003683467478073825
2003684994297000173
2003687628466753642
2003691483413774432
2003692614328156291
2003694684863111336
2003702301782110333
2003706249377178001
2003729931860349380
2003737741893468254
2003742564932030523
2003743512484077818
2003749991005974918
2003751783299211292
2003769801400041579
2003770931525923218
2003775161372389644
2003822069985968574
2003836946536452430
2003838426140033416
2003855863971541423
2003877031470420228
2003881673604432121
2003881707116900616
2004028405747273940
2004058902653243570
2004058957065998781
2004060965231595605
2004061013298299131
2004075300465021207
2004082045136654562
2004086225460998329
2004090372189036781
2004098087216959971
2004104847688438087
2004109150872392136
2004109333328810255
2004112764982423651
2004113411454664923
2004114106513842638
2004114652415041928
2004144644498805015
2004153610524086325
