1999771824020975882
1999772174593225213
1999773084044476589
1999773287405277342
1999775413393068367
1999775456187572530
1999775664329863679
1999784725062578505
1999785818978959372
1999786342033797591
1999786421310443854
1999798913642189050
1999799013294706909
1999799056936399121
1999803783396905081
1999804242069225711
1999822302955913460
1999822375593099677
1999822444375531611
1999822495478685857
1999852982280827209
1999853104553197896
1999867692019535976
1999902400300408945
1999905824060428582
2000070077367124277
2000079357768003934
2000083562486509725
2000083768242208907
2000103388080717928
2000127217331019924
2000198704524079455
2000198897021669577
2000199119722172522
2000199209233088519
2000199257131974777
2000199461105188923
2000200806600196109
2000200895536197917
2000200939018637417
2000213852395560963
2000214269753958757
2000223516361368003
2000232154496978985
2000268095961882775
2000268166157717819
2000268183874441719
2000268629242433555
2000269089839940024
2000269103488229772
