1398611768541257728
1398611816465387527
1398611969997819913
1398617274320265221
1398618994895032320
1398624939150692355
1398628643539091461
1398630416639164417
1398631126982406146
1398631456646131713
1398665549337399302
1398666711394525185
1398695526023843841
1398821175732572161
1398831516692615171
1398833285581606912
1398851914272436230
1398858476286144515
1398859240005988354
1398859336470843396
1398881994918948869
1398882377728806913
1398893483385970691
1398902633880973315
1398917978641485827
1398927840486121473
1398928195362058241
1398936744897093635
1398936778610933766
1398959126516961283
1398972160467603459
1398972275907461129
1398986619370102787
1398990766903418887
1398991925454131200
1398992149861961729
1399003154222518273
1399017236837199872
1399052303928156160
1399060400998543361
1399181119346528258
1399236344820375553
1399247911926464513
1399247936513474564
1399248669828739073
1399251795956826114
1399259686973493260
1399261003028697093
1399276615285100545
1399283960593539076
