1410878310557511684
1410891129222963207
1410939160140025860
1410957418993905667
1410965929895206918
1410965985125834761
1410966034530672641
1410976676146679816
1411151103165485056
1411151307017101317
1411151629336813569
1411152394935668737
1411170620826521605
1411170745107898371
1411170968446193667
1411171368243138563
1411338882474381321
1411365980480016385
1411504882574524418
1411506320130285573
1411518138298945536
1411519273760002055
1411525853167509512
1411528127864467458
1411532030244888580
1411536175467143168
1411568387461849095
1411610600040374272
1411610628993609729
1411626199478988804
1411626430148976641
1411628002174144517
1411643463532113927
1411647580602204162
1411676271508000771
1411680396853448707
1411683312033144834
1411683442056564738
1411871909243850752
1411874880295821315
1411907515210616836
1411915706082365443
1411969661403484164
1411974639341891586
1412017417467793421
1412018038082203651
1412018125202104324
1412069200596594696
1412093792509779969
1412107303608754176
