1792128083857666175
1792142861909279065
1792152419524280333
1792187728005865645
1792220300056330349
1792253921844748296
1792384617691132234
1792388961924714790
1792428302512386460
1792459079337800099
1792471915132776669
1792488702075392188
1792550343064322419
1792586684057690526
1792785967306396129
1792786959032865083
1792855795681697995
1792858872727928913
1792861423158390827
1792873474458869899
1792903325391753269
1792921801070166258
1792943429019717636
1792946491088347384
1792946578095005858
1792947371413836056
1792947427311329283
1792953795405857244
1793151999808262244
1793152529959932019
1793245037373124957
1793245075327336803
1793273823233560934
1793281648634503638
1793284536811274472
1793308447821197416
1793308492750544989
1793315301422977375
1793317002053910842
1793329879871541584
1793334200147628196
1793338870349676985
1793340774563934531
1793354746126065871
1793358937418531259
1793539642924683337
1793548879889391658
1793552790633205986
1793562190064312622
1793575591075266755
