1937878570182791518
1937883112278520087
1937889643770290634
1937889779678589278
1937899994096214272
1937901934389993683
1937921540236185754
1937926661225517522
1937929722861916437
1937930106783297622
1937941369852727528
1937942240674148494
1937945338779996431
1937945434946998735
1937945527200714812
1937945583119187975
1937945612349280336
1938043283047055540
1938106740899496333
1938118426964468004
1938118472313283040
1938118754015342971
1938130965626556917
1938131937362862198
1938139401844101605
1938144081634595080
1938146051783069865
1938147361072804330
1938148690608460291
1938149396170084829
1938150291280695646
1938151916254720375
1938159770478973155
1938161708775952762
1938181233303031902
1938205515919855668
1938209550152479049
1938210646203810058
1938211012643373409
1938215777787908127
1938215849967685782
1938217011739320668
1938238088792158471
1938313563841425863
1938313565502656823
1938437782999077040
1938438045222768846
1938517737594368411
1938519036247388345
1938520001474113786
