1547162109930516481
1547211949381124096
1547223664940048389
1547227053564755968
1547231621199593472
1547232365239762944
1547395261647196161
1547396146548461569
1547396537999052801
1547396741963878401
1547435646075441153
1547436414996185089
1547436650183421952
1547438138750300160
1547439724318838784
1547440291808149505
1547444980360581120
1547445205309489152
1547445941493723140
1547446377042825217
1547447266247847937
1547455904546959361
1547456477312741377
1547463402117042177
1547469092671848449
1547471149189459968
1547471954243751936
1547503837505761280
1547546848751001600
1547618541079502848
1547631888189489152
1547633565105815553
1547770376297811969
1547774786532548608
1547789964347289609
1547810315249004544
1547830674996199424
1547922259553112066
1547925347609456640
1547925355511484416
1547951376897953794
1547959107423858688
1548159858935209985
1548162013750501377
1548186099662856192
1548186113478901760
1548186124971294720
1548189247508983808
1548203030646235136
1548224615972868098
