2018332708783747279
2018347862116225533
2018386988584542524
2018390398444699765
2018493388626989263
2018529810742686190
2018533582860656722
2018533583816905047
2018534925721579911
2018534965743689730
2018535867741257794
2018551903244955669
2018554131422785999
2018554448415777139
2018554458599567439
2018554494091698395
2018555630035087739
2018555874772766983
2018558093442068872
2018560831836111263
2018564788302012822
2018573713747411408
2018600461935448359
2018600655850758513
2018601749100253687
2018604752804905109
2018605679939141663
2018606436562227347
2018637303590310340
2018675452651376714
2018688092547207456
2018880315562094986
2018914232222548334
2018914283061702824
2018972782722515183
2018977364475310449
2018979029337207262
2018979389078491284
2018979687964516696
2018980385993171231
2018981126904189273
2018981910223983019
2018989261513711665
2018990377710342636
2018991961299181997
2019008912050225525
2019034737323700709
2019084919608140112
2019106656236540245
2019325707927888261
