1391072042217132034
1391254816010035200
1391305308681633794
1391318045956603907
1391323229847900165
1391358397660889088
1391419525380251653
1391441951627513856
1391588979800100866
1391600141614739460
1391600923550515200
1391602945720913922
1391606284789501956
1391606654790082561
1391615031754719236
1391615793687797761
1391618760327393280
1391618948026691589
1391619999018614787
1391628747703345156
1391631446964535299
1391631513070931971
1391631522298437632
1391632289809911813
1391638543768850435
1391647812480163841
1391648913522782208
1391654124324675586
1391656697551212545
1391657449665429505
1391658146750361603
1391660430926303232
1391667873509036036
1391669623011954688
1391679203330838532
1391683892898275329
1391693052591230987
1391694652131004421
1391705045792698372
1391705971244818440
1391727811874807810
1391728619127406596
1391738375074304005
1391743792353398788
1391762554813177861
1391763225885036551
1391766676543131652
1391774706701848577
1391776018512465925
1391785287395647493
