1475396632518684672
1475397487661752320
1475398129541287939
1475402389385785344
1475402570814218242
1475404379226185731
1475406370920747010
1475449033023918085
1475449725105045504
1475466180408217602
1475467769218953221
1475471700036780032
1475489435017879554
1475497082777583616
1475507612863115276
1475507685114085378
1475516182262272001
1475522328394022916
1475527014975107072
1475538162000666624
1475712286002069505
1475712476238860288
1475712624427892737
1475713230517387264
1475714189205278722
1475744525326839810
1475745700486926337
1475753377384460289
1475755241463107584
1475755327563862018
1475755923045961732
1475758771766919168
1475782096119468035
1475783018958647301
1475788215046971392
1475788225004199938
1475817902246744067
1475818826813952003
1475818869545525254
1475822434376765441
1475825254735888388
1475859222260707330
1475869353190969346
1475869357410447365
1476022265472897024
1476044028604944385
1476099212026650626
1476109021761323008
1476122151199543297
1476137814869741568
