1805180013844762678
1805195511114453084
1805200154880016529
1805200173876093288
1805200202502217912
1805200214174691567
1805200225524719759
1805200238858346680
1805200249226686559
1805200271657812161
1805200312925593743
1805200326007697549
1805200340855521441
1805200356667994508
1805200374900699245
1805200690551107690
1805263097290199250
1805263955868446992
1805289136049602594
1805302196302757966
1805307228091527207
1805454577577377859
1805454781521314088
1805454829244105199
1805470318821064881
1805470889619997098
1805478836731363343
1805480494596788278
1805481829107220603
1805495002266472914
1805497456735699007
1805500015349318123
1805500045078544591
1805500055702716730
1805500239224488022
1805500265132703894
1805500650161324071
1805500893456220546
1805502298493436320
1805502781325033984
1805504573223977070
1805505199236378940
1805506405774016704
1805506522367119756
1805506619561689238
1805506663891316778
1805507017307832583
1805507028812431493
1805507717227782183
1805508057734263269
