1457994728603992070
1457995498476818438
1458006115178872832
1458009146834309122
1458009165721260037
1458009190916505602
1458009243873800196
1458011996297650187
1458012120398716936
1458012707190239236
1458012720976961538
1458015152721174533
1458019079571140610
1458024241924694019
1458025039366803457
1458025049378549767
1458040698205208581
1458047020359241733
1458048029148135430
1458089253909434377
1458104133018288129
1458108368703295493
1458108615882010626
1458111717783703554
1458111890341580800
1458111993965993987
1458119696092262402
1458123920750510083
1458127122686382085
1458133342512025601
1458134417432465410
1458134630876409857
1458135574921969664
1458263957257424900
1458264047829221377
1458264186782240774
1458269578442657793
1458303130710405122
1458330655385735170
1458334727694213122
1458338809620230145
1458342686499426308
1458351956095762435
1458353753292115968
1458361513433993218
1458384561142894593
1458388381038170115
1458388610630234112
1458406327810551809
1458406448182878211
