1974365246807773320
1974366660997112244
1974376697802993933
1974378116262093152
1974411494168363211
1974413958544331256
1974429093543448661
1974450773183603194
1974451046211895496
1974461051573014844
1974496512618226129
1974507789201580409
1974507857698836699
1974508564007043346
1974510884769968630
1974511572098916783
1974517895502954810
1974518579057082782
1974518802479219143
1974519165521367269
1974659153798021458
1974668847472144439
1974677900533420368
1974692564398911570
1974705893972541489
1974719570113134851
1974728830381416537
1974735994571432163
1974737482744021125
1974816695173980483
1974818082591015028
1974822496013783173
1974862883151569342
1974862946229752183
1974864805145292849
1974877953306865999
1974880661371748585
1975078053173985595
1975101664832139678
1975110301021614228
1975112106027724857
1975113499560050901
1975114515370197482
1975115146474471638
1975116187983056953
1975116377657856138
1975117951427838252
1975119032274849898
1975119095692693882
1975120093941322072
