1807328240895246463
1807328253402615906
1807328265322864669
1807328275670184196
1807340702738636898
1807345609504158055
1807345623324344575
1807345703678865629
1807345797329207539
1807397066177659118
1807406886352027908
1807416650070675523
1807461392070676525
1807461530939892119
1807629620092551190
1807645614722981907
1807649211510620212
1807649265956835827
1807650727638229335
1807651906002796885
1807652856528552113
1807662585770119556
1807663676104622437
1807667707212702045
1807675311792025609
1807676568787148890
1807683599036260818
1807683991094571270
1807691722505527323
1807693718398648501
1807694519430959361
1807701448588980596
1807744223560823275
1807744994528416100
1807770847710781893
1807792478306627991
1808024826936021092
1808025098118746547
1808026984683131160
1808038336524869808
1808039324065358276
1808079921857847613
1808095050267873340
1808104043878781416
1808106837155500102
1808107582550106143
1808107607342600566
1808109005027365281
1808143725962670144
1808145969986654342
