1496074566187520004
1496075256964222976
1496075394289893383
1496075504759488512
1496075541992308737
1496080394730733569
1496080805533483012
1496081168000860160
1496083182613155845
1496083281904820229
1496084610870308864
1496091541349273601
1496091626523234306
1496091708001755137
1496091768760442884
1496091795738230786
1496091826214010882
1496091856043933701
1496111903839506441
1496113401743175682
1496114905358942208
1496114952154796034
1496116260765331457
1496117982002569221
1496118092468043781
1496118770628284422
1496119015915331591
1496119059217321987
1496122609452388353
1496123504504233988
1496123559282110464
1496123649602039809
1496130149326151685
1496155268563890176
1496155316718751744
1496200670365503497
1496316179652411393
1496316222849396737
1496317989834362881
1496318332739407874
1496319406326296577
1496338625222840320
1496341806963134474
1496354839710027776
1496358236647313408
1496376938591850498
1496378556393586688
1496380354453807104
1496381894325325827
1496396188643479559
