1474278780252217344
1474278795418898436
1474297120387579906
1474298810327187457
1474302938038165505
1474304195800956929
1474309846996434944
1474309881922416640
1474310119349383168
1474310434454851585
1474311158379147272
1474311698651574272
1474312593980329987
1474321367424114689
1474321707389255680
1474322034322976769
1474322755927433217
1474326456528367617
1474348484119580672
1474378029354737664
1474406008663379971
1474409515202220034
1474423837991129089
1474428086707884032
1474428767451766789
1474437172040134657
1474441301886005252
1474441410350764032
1474442066289594370
1474460769009815559
1474577323454132224
1474598528311705607
1474598551862743042
1474605923968552960
1474608002246217728
1474622094910828544
1474655895191572480
1474656149412581388
1474657371439857666
1474672686735319044
1474674180201140224
1474674769287020544
1474688928456183808
1474729334405427202
1474740043780476931
1474740116186796040
1474745209946734592
1474745428499259398
1474752097073590272
1474807092322004992
