1432309196515467267
1432311788209524740
1432320473765797889
1432320557266001923
1432345821295513600
1432345836256522250
1432349066071969793
1432349276961603592
1432359046191861770
1432382764192468993
1432386197272231938
1432386248514027520
1432386462482264066
1432388398174507009
1432389730734264327
1432529830264782851
1432545580689985539
1432546325115985933
1432557125037748230
1432567997000863745
1432569730288652298
1432577391390445568
1432606834376937477
1432617551679287299
1432617598395420673
1432617658554327041
1432629774514458627
1432633261801410561
1432649803654070273
1432652608687120384
1432680092182802433
1432681062413443075
1432689225569243141
1432734842400043008
1432735931505594368
1432750142826815491
1432753379218903047
1432753578746155009
1432753694324396038
1432753725492187136
1432753923861868545
1432753988949012481
1432754202111930368
1432756054480199680
1432762703626399745
1432892187474157569
1432893807515762688
1432896032312999936
1432897868080189440
1432908492491264002
