1401882616870043650
1401884689942470657
1401884909434642438
1401884946260631554
1401885088736940036
1401889850995789831
1401889875310235648
1401890108173742081
1401905246897463303
1401905248604545030
1401908625879158791
1401913331074572288
1401914649793101830
1401915220948258819
1401915254720778243
1401954424600207361
1402084386841915392
1402084470165958657
1402085650770235392
1402098456219447296
1402103898299502596
1402103899947868160
1402103901575278593
1402104914558418945
1402109301418651650
1402109413880590354
1402163779773689865
1402229978960261121
1402230132480172038
1402254794975109123
1402262088333004807
1402264639061344256
1402264650646003728
1402267768788033537
1402270466212085764
1402270469345222663
1402270992748195842
1402275059897712646
1402299193113268227
1402433292591243265
1402438760512385024
1402440936634781699
1402497329823850496
1402570934477750279
1402579904772775938
1402590937914634241
1402591355000422402
1402619887650885637
1402649776575836160
1402665927242518528
