1964624019153633342
1964624841618887150
1964625367278522761
1964625406679761186
1964625415013867523
1964632191427879075
1964632202953765146
1964632396932030933
1964632558710452603
1964690760575619432
1964694347234115701
1964881488761274368
1964890517348778424
1964894962442813743
1964895395060056556
1964910088575238366
1964916490077175844
1964939437848355019
1964944864375947635
1964965375311012061
1964966366399865066
1964967998617424260
1964968156625248378
1964973890167558414
1964984649094238301
1964988529794261344
1964988900738482305
1965005616726040674
1965072553892061194
1965105554105532570
1965106007438491954
1965260900140810334
1965278498349818190
1965293148193816896
1965294132316045773
1965298597341331460
1965299038926037164
1965299891766485460
1965300093177004396
1965307661232255140
1965309809475158409
1965314098687807652
1965319404650152003
1965320349371040065
1965321098171744769
1965343174823670266
1965343233053225292
1965361496701222987
1965361553534034219
1965370997949022212
