1970049547625001003
1970050892385960155
1970051552531648827
1970052241471279449
1970053960582189145
1970056048880046332
1970065545623134670
1970083595730759791
1970098515310428446
1970105107930128507
1970108691119816711
1970109222043197711
1970109512209326500
1970113159437447170
1970175002122297443
1970177722015195186
1970179587129909738
1970295802368270649
1970317187408896248
1970317430372381107
1970317459967353145
1970351017893208130
1970367696303988766
1970367714356232422
1970367723621449753
1970367735382368629
1970380194008490492
1970381693283639476
1970410081138417803
1970410106430038117
1970421228335964666
1970421468006895711
1970426335727362390
1970426857196798330
1970432183639904730
1970446504675680496
1970474143763378635
1970474374575857677
1970518752061186396
1970519406368407817
1970686095903080675
1970696304302137847
1970742873151951335
1970759940311822673
1970765696083628032
1970767820037177671
1970772108247810496
1970773270703022575
1970774268498895308
1970774684930056690
