1480909791899762688
1480909876805181441
1480912998541627392
1480913476591579136
1480913655357222916
1480917258822164482
1480917551374913538
1480927468940894222
1480933369802276869
1480933426114928640
1480933590401798152
1480933666545016832
1480933781561233408
1480933898972401664
1480936723827683336
1480937791387176964
1480939443422785537
1480941757638397953
1480943539869523968
1481099368027414531
1481099417369432067
1481099476513271808
1481100128886820864
1481118803732086792
1481142218522251264
1481157036528537603
1481159805368926208
1481159818182524928
1481161039949758467
1481162145408897025
1481164632421449732
1481176363063472128
1481176825225428995
1481177139106181122
1481178871278243840
1481187808333406208
1481187941167005697
1481194871021268992
1481195289797328896
1481195902463520771
1481196370518507527
1481199084992331786
1481199373187162117
1481206550111072256
1481206569283223553
1481206684316233728
1481207141726060544
1481207228225187843
1481207266389168130
1481216506273099776
