1798981033834295520
1798981697721237907
1798998729971974304
1799014099260747875
1799014113303220289
1799014159390274027
1799014169695735994
1799014228801749196
1799014310477488440
1799074276068532653
1799075529028710620
1799083935345094854
1799104496133632465
1799158990993236467
1799159035931070499
1799159081003000315
1799289491552915812
1799302872414421342
1799312708782923988
1799317793114095934
1799360205744197840
1799459673038520413
1799460321763217481
1799460716501754196
1799461739412816036
1799461820421595210
1799461948863693161
1799462352087302455
1799466058354770096
1799468273991651457
1799470612316139620
1799472103168868674
1799476004815335865
1799477268533874781
1799481597944856772
1799485987208245347
1799487277401252170
1799487760635404345
1799505923725299950
1799683983619547206
1799692750323110390
1799693542308340098
1799694804160524594
1799697462288093442
1799698189991514204
1799703739860996523
1799705010382741664
1799707001775366414
1799709433095971020
1799713761240166427
