1484112105020493831
1484125855815442433
1484129921425620996
1484130116305588228
1484132939797794818
1484133489893318657
1484135492455374848
1484198102097534980
1484198122234396672
1484209603907047431
1484213918528831490
1484216879225118720
1484255150827241472
1484390180505423876
1484390349774950402
1484390858934075398
1484408758956863488
1484409875648360458
1484410023904423942
1484424979584516100
1484429521936093189
1484454626296430592
1484466912574668808
1484474714810503173
1484479854997229569
1484486421863809027
1484489494183444480
1484490166865920000
1484492438987104258
1484493641922269188
1484494713894084608
1484495421783539720
1484496928323047424
1484499176071495684
1484509167490506756
1484511850855559173
1484511896397099013
1484533443900100611
1484538975260123138
1484552748641427459
1484565887038660608
1484572011682623491
1484769255287828480
1484785263503380480
1484785266590380032
1484788424917884928
1484798913265963008
1484803812846374912
1484805598923620353
1484818782141009920
