1932360367595999739
1932360755359121691
1932360849156673581
1932360920979693943
1932363441119101353
1932364268428812612
1932365624543690959
1932366816497861046
1932367713453944972
1932370393580671087
1932370436098310477
1932374815601815733
1932413069965332545
1932422050507100235
1932424870979133689
1932448800414785713
1932454747065495721
1932457176897126512
1932461319212478506
1932461531465216164
1932461713850535952
1932461779218554965
1932461895870501162
1932463002181108040
1932473468513325131
1932565769356730678
1932566267157750152
1932628173264728152
1932632350544048287
1932632366599844151
1932678405805453776
1932708854623801546
1932711131908550699
1932726281528803381
1932732309901287831
1932732315022594240
1932732321204986099
1932748822465388935
1932748910482894906
1932749279275491370
1932750877871481216
1932751868976845099
1932752782098096422
1932753994851525097
1932755017393713481
1932755859404415246
1932779814848770237
1932780677419933839
1932802295219261581
1932803037032305036
