1467833205168300036
1467844714124570625
1467845764877488131
1467850118103646213
1467851026225000452
1467868236532174848
1467871242531213315
1467871245853093888
1467893749455802370
1468064859128360960
1468077108748591105
1468078968951611392
1468083049648771074
1468085572992331777
1468094670727102464
1468096409647738881
1468105057572777986
1468106167062724609
1468106169587699712
1468109980108681218
1468112459084959747
1468120030206312448
1468129057799696386
1468129064028307456
1468153279855017986
1468155490391642113
1468157135020195841
1468159071815540740
1468161482433073152
1468162261046857729
1468178323897389059
1468181325840478213
1468187070698979329
1468187584916426752
1468188622054510592
1468196697679355905
1468201709629366279
1468205011909758977
1468222010668900352
1468222467449647104
1468223326036246542
1468223483737874435
1468223525311836160
1468223549571690496
1468223631469674499
1468223803159236610
1468227503240187916
1468227544503705610
1468228077528522761
1468228099720585234
