1520791588770746369
1520791590591033344
1520794900031471616
1520794903261102082
1520794905454743552
1520796462795587584
1520797425996529664
1520797429138075649
1520805699135041536
1520826920966836225
1520827002684551168
1520832294629507080
1520833005203247105
1520984483675385856
1520990521686396929
1520990596537925632
1521003051972427776
1521008836877848577
1521014211651932160
1521024209241186304
1521024921350012929
1521025482417975297
1521026759424061441
1521027405552443394
1521031191935156224
1521032252880130049
1521045909303283712
1521053758423461888
1521054457697796096
1521054514056691712
1521054558310768641
1521056444535439361
1521085626610638848
1521092560848007169
1521093295572590594
1521094709091119105
1521106205095374848
1521129560120885248
1521129622246948865
1521129821979672576
1521129930440200197
1521179254847057920
1521180670902796288
1521185480557363200
1521185606428430336
1521185765111513088
1521185861236563969
1521186240196116483
1521186382127177728
1521207200508944389
