1435913317336244228
1435913346126008323
1435934301971828749
1435952420337565698
1435955720676012046
1435962661561270278
1435982894732742659
1435985187309907978
1435985557344043011
1435994582106329094
1435997738349465611
1436001460693520395
1436002510846656514
1436011888375046153
1436013690143133698
1436019225768849410
1436023263507873792
1436024105203998733
1436033637951016968
1436033648373878801
1436146438673612817
1436146746413891586
1436150283478843404
1436186192790188041
1436260671595835398
1436266946631143427
1436269300478664704
1436274371497058308
1436274377314631684
1436274640234504195
1436355133139406856
1436371195780231169
1436377623639199747
1436383228768579585
1436524999246954497
1436527492240527361
1436527543725686787
1436531844422377475
1436563404387356675
1436569662561533953
1436577073280159746
1436590757821878274
1436592547351040006
1436599225412849668
1436620286216982535
1436620634943942657
1436654967746531329
1436664664650248197
1436679306411794439
1436689778301227012
