1900095429850890485
1900095992999141473
1900096191171616809
1900097118687437284
1900098399975989472
1900100058785472580
1900100086379794757
1900100447597371709
1900101749652021333
1900106270478303362
1900108219894395309
1900109155484262503
1900109825146802218
1900113899137142846
1900113933249503697
1900147112421318906
1900147112677171341
1900155236540703014
1900168335016550764
1900172237875143021
1900204825851420702
1900205842852721134
1900209162073891194
1900209448943251474
1900209605453767156
1900209666262786263
1900209787671027851
1900209810819457296
1900209979950600584
1900210011844088062
1900211484766199950
1900211827386310693
1900249011824844815
1900249745962262982
1900249795614433499
1900249811703783936
1900393506730107233
1900393534634520768
1900393560354283557
1900394063481950436
1900396685685383665
1900411862346563598
1900412843536900113
1900414190202085696
1900414829674004543
1900416935625712023
1900416940751151488
1900417428980383930
1900417479132012899
1900417526267601125
