1975120719815266688
1975124233274712539
1975125753655398436
1975125768926790107
1975146643990425994
1975159310146740576
1975175788225008004
1975179977839771723
1975201970538336521
1975205411587518943
1975205516034105525
1975241948576555272
1975242351888244802
1975251730771460323
1975251979195814386
1975431348191174673
1975453483848638647
1975456320456475123
1975462984194662551
1975475556276965465
1975478350312550648
1975482585578151950
1975484105191219637
1975485910004461598
1975487210125467704
1975488388343209990
1975489797939732582
1975490579640570193
1975491000538964063
1975491127576043944
1975491464852611494
1975574818272780532
1975584764385263973
1975585798339842498
1975585870003519617
1975603833876414486
1975615533585473848
1975743367595143385
1975743779744125375
1975744462543351854
1975805434830405707
1975820024305885602
1975919897722114327
1975930717503910216
1975931251006861667
1975975247246696532
1975977483066540094
1975977942015684899
1975980934991397229
1975980976603005024
