1476174773805748227
1476174919494815746
1476174997181767684
1476175214744518663
1476175312060706818
1476175325868347393
1476175344243671043
1476184010481045504
1476212708928225290
1476214314084155395
1476224922443608066
1476247302356365312
1476251323775401985
1476254041730547712
1476377719877169154
1476377831366017032
1476377839083552768
1476377849061724160
1476377870385614848
1476379010951045128
1476416306102476800
1476438687705493506
1476441205412024320
1476443843104952322
1476443849220243456
1476443855721353218
1476448891931222023
1476448977797087233
1476449011301187588
1476456816544415749
1476456823527903232
1476456824882618368
1476456829282516993
1476458769500422146
1476462613055766529
1476465592320225283
1476468283746357249
1476469123328606208
1476470301613383680
1476475453938417664
1476481700825690115
1476481706722922497
1476481712091660288
1476487418102435840
1476497886187642883
1476498072028860416
1476500988093624321
1476502653043499013
1476503054820134913
1476503178866675718
