1562323796648153088
1562327150803709954
1562328192400392192
1562333654474698752
1562334848123273217
1562335686845689856
1562336665104175107
1562337617332830208
1562338196348076033
1562350734624301063
1562360860303306754
1562364248076201984
1562366664334643201
1562383860444581890
1562386504332509184
1562389444640243712
1562408832277524480
1562426281110646786
1562429844306010113
1562447832992600064
1562451348888633344
1562456145238769664
1563047182428581888
1563048783406981121
1563067366480936961
1563070800160489472
1563072060179775488
1563072881609052160
1563074323770142720
1563116563565518849
1563119173391495168
1563149619156029440
1563163340238909443
1563175504248975360
1563223051164327936
1563354691626729472
1563410979891089409
1563413252570509312
1563414853486002176
1563416471031906305
1563417763313778689
1563419620249579520
1563420742532091904
1563422649896017926
1563430139861794817
1563432126007345154
1563433048775225345
1563435165543964673
1563439382081982464
1563441528445747200
