1826187714431156544
1826188389772562817
1826188448236995033
1826188480700895674
1826188544353730738
1826221621264453679
1826222016913142082
1826222052204040398
1826222199793176731
1826222270580478070
1826222385936396549
1826228944682594798
1826231683601039479
1826231719126835376
1826231752186265945
1826231789612085667
1826231811766411498
1826231865172545571
1826231873682686261
1826231899209261245
1826231978733293676
1826232169800610288
1826232325543498117
1826232367885042027
1826234322258649550
1826236302129607080
1826237285039472922
1826238648909504669
1826258697502531594
1826263849353543842
1826263864637522404
1826264472639648055
1826267314792333516
1826267606481092971
1826267645244854701
1826267673430466854
1826267786748006447
1826272182399361140
1826461003640700951
1826482379554439375
1826502789205291317
1826516566529507810
1826531855115383206
1826533672096276695
1826535920096395614
1826536817006387483
1826538959620706528
1826539976773042264
1826542435813785690
1826543686337134615
