1875784051174653999
1875785448532148278
1875787229039358046
1875802308065612226
1875804158223380708
1875804984400605411
1875807908287672421
1875807912557515062
1875807916827275507
1875810821496041554
1875812691224490334
1875825997062565939
1875828840641237291
1875828867166081189
1875836047437046134
1875848928438132983
1875852770324226103
1875902262738055358
1875912750482043344
1875920249331011945
1875924747306832339
1876148267979100577
1876148334064476306
1876148512850870361
1876153836349653408
1876158483965559133
1876158644892705214
1876161773881163887
1876163478756773987
1876163614786392423
1876163924388983037
1876167034075287568
1876174145853210903
1876175149340463134
1876175671875293681
1876180239451099534
1876182177458933885
1876185561343688918
1876187138678804625
1876191473521336382
1876192127048364046
1876192170539209191
1876192418653167811
1876201737721434567
1876201776267067721
1876202470013333910
1876226022779355221
1876256341876146487
1876260653238980994
1876260732792426869
