1920028097035788391
1920028789725352318
1920029561359618228
1920029939723796967
1920032205931430117
1920032492578603282
1920034596084916715
1920035771144364417
1920036549602804179
1920039970250846336
1920044226102067383
1920046231222718729
1920046277472944588
1920046324625314009
1920047341228462448
1920047494924505145
1920049867533209819
1920051411187814434
1920052669000958111
1920052717742862824
1920055381360869846
1920057147439608082
1920066002156441800
1920071826602131500
1920076130654003679
1920079307583693056
1920084396595708228
1920085821924716907
1920086071565836437
1920096204194447708
1920108213422448788
1920117475502702672
1920118479966921073
1920123060306186463
1920138798794691038
1920139549134438587
1920139604889677908
1920186285987410015
1920300985290740050
1920305911932899368
1920314060207501374
1920327596681630089
1920362285501198385
1920363543037108677
1920375519477940467
1920375539983855994
1920376002871435686
1920381360096563389
1920399713679101992
1920401244113547400
