1520399025518034947
1520400495705464832
1520402780686794753
1520403228739141632
1520404168552620032
1520406057977217024
1520436477594726401
1520440454059544576
1520440991773192192
1520601974177415168
1520608079095955458
1520613451315376128
1520628754929754112
1520630293480177664
1520632665019645953
1520645712605634560
1520645799457083392
1520647193442459649
1520647263814516736
1520647904947425281
1520648039530082304
1520648095809236992
1520649343753236481
1520649383586500609
1520667299124224000
1520668378796802048
1520696865175785472
1520722016860622855
1520722045474066434
1520722659650252800
1520722691791204353
1520723619436969984
1520768208277733376
1520770386815639553
1520775990082867202
1520776635775012864
1520776651625275394
1520784943349374976
1520786872641146880
1520788110204084225
1520791568709394433
1520791571616067585
1520791573377654784
1520791575227293696
1520791577332883456
1520791579211960320
1520791581326200832
1520791583393673217
1520791585155211264
1520791586858184704
