1662326109340590080
1662368720801640451
1662648342739030018
1662681812345442305
1662791849864753155
1663070533280493584
1663136319311347712
1663284377198141441
1663284762407231489
1663362736385069056
1663585141044969472
1663906643782914049
1664117137311670273
1664297487941918721
1664496282445189121
1664525880801267712
1664661524470964229
1664841047246262272
1664872007698358272
1664873011701227521
1664874017151655937
1664884804708626439
1664982945130504196
1665030374978879490
1665062251026317313
1666469403389739008
1666826196171243521
1668175389351645184
1668590669416501250
1668641170459852800
1668849436859195394
1669192216835944448
1669244683292381184
1669737424988282880
1670352195072708608
1671550015997878274
1671920681880285184
1671924003311853568
1671955828621070336
1672822838737375232
1673739823641935874
1674064670833901571
1674413588948320259
1674983982558248960
1674991583081680896
1675006557619380224
1675169236094955521
1675371628392509441
1676093901424459777
1676619806051794944
