1525375979602214914
1525375984157196289
1525377722176131072
1525377729545502725
1525378876092092416
1525379818770296832
1525380830805209089
1525380839856517120
1525380851638276096
1525380864745480194
1525380876028157952
1525381652431933441
1525388992468123648
1525391900752379904
1525391905399652352
1525391910680301568
1525392063889838080
1525392195326738433
1525392680611872768
1525410893454282752
1525411951223877633
1525413949008920576
1525422743621345280
1525422751334694912
1525422753343770624
1525422755440922624
1525422757449990144
1525466947911315456
1525466951229009921
1525673925124182016
1525720852624396290
1525721154597834752
1525746307507560449
1525746334128836609
1525749921298624512
1525769947447644160
1525781229152350208
1525783558878466048
1525785624258969601
1525834275433484288
1525857574633218048
1525859537529745408
1525859572657037312
1525859784544886784
1525873640788852736
1525876558522875904
1525878426955300864
1525878473767940097
1525901404841590784
1526061800026157056
