1426806115577196546
1426822673934405632
1426866461461516288
1426884465360465926
1426890058473172997
1426891601423437824
1426892891037716483
1426893459709779970
1426899144799440896
1426901776742064131
1426902003905486854
1426902581591166976
1426905078502281219
1426905587162353667
1426920452899819520
1426978210890223616
1426978846054641665
1426979029802881026
1426979249148207105
1426979325945925633
1427094857311408132
1427099880699301900
1427099929005023236
1427102677742149632
1427103227103698947
1427107407004459012
1427118173954838528
1427118807760310276
1427119230340648962
1427119552916168716
1427124753727246339
1427135463802826753
1427139381186338821
1427160134451564556
1427183642300747777
1427186716566122500
1427191854194327552
1427195349534269447
1427200552975298560
1427201446022320131
1427201496433627137
1427208772057911298
1427211396496826372
1427216352478072841
1427216554245066760
1427218298114953219
1427255020936781828
1427265716349136896
1427267176491147264
1427291937795502086
