2009286406544277950
2009286423799586879
2009286535724597742
2009287296814571695
2009287809077551191
2009288538752471555
2009388326743359504
2009388348255948805
2009388988432547888
2009389322588573761
2009389988857958769
2009390432229495168
2009414137387077946
2009460280154288289
2009479128383410594
2009479415781314858
2009479584950178222
2009494204549087302
2009504455075745814
2009506795933585459
2009507676489961853
2009521382749790649
2009537863361413286
2009542291304935746
2009542894823383384
2009546208982012318
2009547246577352755
2009547272628191576
2009548064432984408
2009548982759104709
2009548985481220276
2009549769736347811
2009550994523443273
2009551016728179183
2009551036420440396
2009559818550583309
2009577348803567857
2009585522042413539
2009610561596924173
2009615398753415539
2009617612444254430
2009633578691567993
2009635754167923097
2009644500738879883
2009779841646899636
2009819956859547916
2009825395546436036
2009841073984811020
2009870040645140670
2009893378545373413
