1817868585152495732
1817878513313288453
1817882468483293228
1817884114810540528
1817901065498697875
1817901421096030463
1817904722197811386
1817907362273050969
1817919766126067734
1817926028494529001
1817944527338107133
1817944970772590895
1817953833936650477
1817959826200346658
1817960868166197285
1817960911124185553
1818103732237930690
1818106580707205561
1818107643812368458
1818151366612885738
1818160871732101494
1818161638421471235
1818164042378477634
1818164177367867811
1818164420893348026
1818174394063020385
1818174410949279776
1818174577094091059
1818187972736602353
1818195547121197421
1818199225450246241
1818200367399862723
1818208012642947530
1818209629249355831
1818271365939839336
1818274169177756069
1818276074842992921
1818276102856679581
1818331518043144249
1818331900005486795
1818333239892746477
1818513563557966202
1818520449044623705
1818523424962105577
1818523579425665189
1818532120958320642
1818535763468075055
1818554151711740405
1818555849582776355
1818556625499627723
