1806191655709708614
1806201045330379022
1806212695773032449
1806216871831839132
1806218325930004488
1806219857693900999
1806221945828188380
1806224239084908592
1806224269254574225
1806225863538884848
1806226159560282464
1806226381002736029
1806226432181543099
1806226454990241792
1806227753517150576
1806227774178508848
1806241298409816311
1806242943139012895
1806246926427324875
1806246950855221521
1806248969942737332
1806249014226211316
1806249242081861972
1806249346612310402
1806249638175072469
1806254374798422357
1806254457497460972
1806298809510871496
1806299734174580996
1806305334459576356
1806306302072947095
1806314588096414010
1806314769701572855
1806314805659398288
1806320515046601019
1806350661753451002
1806397278682591680
1806398549892231458
1806567880668156258
1806568592454160616
1806570052151554070
1806648296477507904
1806652130130014211
1806669340558995696
1806670198046642581
1806682263465439623
1806682292930101462
1806684159131459835
1806698061261123827
1806714879195369953
