1929769018556399876
1929776279739683077
1929784140423221618
1929787273681539493
1929787385899864503
1929789737558049101
1929789782789706125
1929790049555456386
1929801175526003169
1929801188582806006
1929812227659649522
1929813534315344370
1929814132179583086
1929815478681379032
1929816573818376535
1929817326016422238
1929818223027147245
1929819951969587658
1929830152676299094
1929831459952775418
1929832401347530871
1929833597935960284
1929835580931686908
1929836521215119862
1929841915425706092
1929849600615350578
1929859915100909946
1929860069984030752
1929860340852183363
1929860361488159031
1929860420292026733
1929860561443213378
1929860804708610060
1929861322105348342
1929873448425378047
1929902313369407519
1929907033127694635
1929932901078183962
1929933031571370469
1929954886822834457
1929960552157327760
1929961816115032495
1929964220780818566
1929967250024608153
1930139394981409274
1930147008204939612
1930180022888985030
1930183827613462621
1930184024858996904
1930188554463813957
