1935330416543809550
1935331234412118131
1935335589332795663
1935336089516187794
1935336168536891618
1935337518549057672
1935340203457265856
1935340861799416174
1935368017241850360
1935368296829956291
1935408962696060930
1935409134758936862
1935506567522058480
1935510000127864973
1935516674590900729
1935517853668524242
1935545695639060924
1935545752761299102
1935546522399346932
1935565708689375643
1935572092394885534
1935574038128021565
1935574063142810086
1935574115517083930
1935576787918143615
1935578230372663296
1935612554337743276
1935613913728512347
1935614485437259898
1935615952844128574
1935616089121313112
1935617531261125050
1935619292407406773
1935619296706597075
1935626449245118695
1935653511901147176
1935653795490648295
1935654043340431615
1935654269275042253
1935654767730299103
1935674814527684861
1935675095655030830
1935675166744600686
1935680346365829171
1935682047520965037
1935690965190356998
1935691982363361702
1935693815538729261
1935695430903546020
1935708882644373565
