1821888586091786278
1821889842264883247
1821889879350911464
1821895260311564739
1821896662471610759
1821908989644316760
1821913415197073427
1821940889696002455
1821984102519910418
1821985353869496373
1821986413476454589
1822121403493273832
1822121578047680555
1822121705013436771
1822124510839267734
1822136897407263045
1822146161265774899
1822174831279747439
1822179002036916658
1822190795459383503
1822206059475268030
1822224359550779611
1822229413133422669
1822231064930111841
1822231622437007788
1822255915032072608
1822282250429354491
1822288482653352090
1822292964225192410
1822309703289905436
1822310782584995920
1822321122580246669
1822322069360562499
1822452397911798152
1822452641307218121
1822545247307456674
1822657459330122142
1822889749318897693
1822891495172825106
1822891677419176106
1822892165263208808
1822893015977082889
1822899354031501447
1822899706793443484
1822902075916796086
1822902619653726442
1822902739082571881
1822903710365942023
1822919941705945164
1822921515672957239
