1458406559772385282
1458406775619657728
1458449114216034308
1458450478027579394
1458486932346847237
1458487651162464256
1458487710226604035
1458618094708879360
1458618290574532612
1458632101146681347
1458632145774137349
1458632202556620804
1458632207187120128
1458632209481416708
1458643942845546504
1458676600166248454
1458676820908253190
1458679354494373896
1458681037060407298
1458686608773824513
1458686782904549379
1458687042024443912
1458687094281310212
1458687372309061635
1458687454513303553
1458687474033565696
1458687483370082311
1458687493985869829
1458687700442103809
1458688041359331328
1458689674550022146
1458689692090568707
1458692811788722176
1458692957029093379
1458693053904867328
1458693859978854404
1458696308147965952
1458696311843164166
1458699243233886208
1458704393906180099
1458705383955079168
1458705920293101573
1458706267757678594
1458706372019646464
1458706432656699394
1458706517847273475
1458706569730748423
1458706973071790084
1458707196452098051
1458707536949878791
