1953324324603187617
1953325295039119540
1953326903562994129
1953353563427533284
1953361085475565955
1953361781658710403
1953363359715266945
1953364664756080899
1953365722169495739
1953367526223589494
1953371243123552706
1953405857808683056
1953405992353538519
1953406013706842357
1953427015073136948
1953427315708625399
1953427785357160466
1953428108888936834
1953459223574241369
1953465713798025406
1953500129941721274
1953509775326818343
1953527038197084441
1953682371339071693
1953683382254362802
1953700626237620561
1953702089349378148
1953723449471549732
1953723568166253017
1953723811456856382
1953724662225285237
1953724969382560181
1953725868628496802
1953727309657370993
1953728084244672958
1953728784336925086
1953741773861540006
1953742759581692034
1953760229075869882
1953802487858622567
1953810307740000263
1953813458803470772
1953821561296953502
1953822389948838347
1953823485610144049
1953824549516324894
1953826269235232987
1953826279980929281
1953837817643381142
1953858724373647765
