1534541680568721411
1534541911796527104
1534542432892702721
1534558637066440704
1534559043003772929
1534570662404030464
1534572134390853632
1534687937333407749
1534688268301676544
1534690488829214721
1534716158456147968
1534716348953088000
1534729023167012864
1534737126230994946
1534737374244372480
1534738595936088064
1534738641465274370
1534738992587218944
1534739049868832768
1534739133226434560
1534753330773504000
1534755313735602177
1534761856157757442
1534774643491426304
1534774646519697413
1534778748750266369
1534778836683849728
1534779274632105984
1534780424160808960
1534780438320861185
1534780556168138752
1534784505008955392
1534791192751181824
1534793617562140674
1534793732993654785
1534793868968792064
1534796964780355585
1534796971780632576
1534814861632614401
1534815065542914049
1534817581508403200
1534817838833098752
1534821178027614208
1534821182121291776
1534860588756914176
1534862232097812480
1534863169331806208
1534865239526756357
1534866961574039552
1534867077726883840
