2019341404129079397
2019364432179302493
2019365333740687570
2019365605430927661
2019365765846368326
2019366184005824692
2019366772311486788
2019369813592928364
2019383128373305733
2019383531202658485
2019384323393405203
2019394165944291610
2019398587936125038
2019400377913995339
2019422443467862165
2019427453396218203
2019427660724834414
2019653868607664532
2019663391741419867
2019670878175522839
2019680777785733129
2019682017223536719
2019708675640951120
2019710469510935034
2019711300180607352
2019711519098069161
2019712168464122015
2019714147899060607
2019714846170980737
2019715169333707187
2019717368516383209
2019717975922573392
2019718656381636658
2019749792314716632
2019793367643922888
2019950196080459972
2019950233892057233
2019950388976447850
2019950463005958498
2019965115408478511
2020012764710990200
2020013323748872210
2020013521862623309
2020018015350452344
2020049131977560315
2020052881039294465
2020052918855168324
2020066474027843960
2020121087556645015
2020159030455394565
