1505359806294818820
1505436457154256902
1505437245876367364
1505439283230167040
1505456667215147008
1505456671321395203
1505501562306662404
1505501675510919171
1505501919762010115
1505502017325711361
1505507194480955393
1505764784137859075
1505772911973789699
1505787970171052037
1505789567143919616
1505793408753090564
1505794535330578434
1505801785973227523
1505802614369185792
1505812867974541313
1505820753932918784
1505821155243945989
1505821206515105792
1505821449726046213
1505821529308733441
1505821642127458306
1505842158586146817
1505843274481029120
1505844490929831942
1505861384218689536
1505877982790836230
1505879551679021060
1505885762511785987
1505887313750269952
1505904380507172865
1505905579298287618
1505906947090153476
1505909243870072832
1505909296844140544
1505909459901906946
1505909579439575040
1505909760847409156
1505909875897171968
1505910040871333890
1505910159813451776
1505915258958856198
1505949044421525505
1505949075673280514
1506123979752321025
1506126374041382912
