1831214478811430954
1831224789576597853
1831261394525937916
1831320276061274260
1831321580338872386
1831330484820853027
1831344059966693652
1831356057760710948
1831383239052947671
1831383277430829151
1831383705023344707
1831384416649932922
1831417321560404104
1831417573839401024
1831418433243902290
1831454452454396114
1831459072891351077
1831459089932808579
1831459166290084280
1831482374720479715
1831524827947008194
1831530899328180407
1831543830996513123
1831544621702184972
1831549268701950454
1831554334301282481
1831563845229220167
1831564791984292105
1831566726414352816
1831580723658330218
1831583424924320108
1831584514784825574
1831585669086638552
1831684383293514035
1831684592580833625
1831684623778132367
1831684680627696050
1831684765327446448
1831684918100763125
1831684959905390876
1831685112288653597
1831698530513330594
1831731436732203094
1831831262639915324
1831897267365933429
1831899902517113038
1831907034016719195
1831911953754943623
1831912045169770511
1831914940346855622
