1969439326124851526
1969439879533903890
1969448012356469075
1969451171107758123
1969451205161337237
1969451231463817557
1969451270034637218
1969451296760741979
1969451311205925047
1969589903299121497
1969597304308187496
1969597691576664462
1969612552591327493
1969615773506421014
1969637891468095791
1969650156909051996
1969661411543695692
1969664692487667935
1969664714746839520
1969664740747329668
1969667467757961690
1969670970689671670
1969670993171137004
1969690763828326600
1969775403826053411
1969786586343891053
1969792430200549856
1969793120423539035
1969794676569055355
1969794687054848057
1969800045068525952
1969827390437405062
1969830249337856166
1969830472021868822
1969833246302351409
1969834611795746863
1969847894992933313
1969847968527474731
1969849594004865367
1969960611166491111
1970009019525062663
1970013180626960850
1970017804192825687
1970039237618856195
1970041392484487281
1970045563606564955
1970045626474983605
1970046567110652122
1970047445150347283
1970048304571711991
