1859280889592807555
1859513315627827250
1859602532789588281
1859607707558477948
1859625648798695685
1859625678003634320
1859625888654164268
1859626175737565398
1859641602790359380
1859649120983712026
1859651068801712208
1859849415453704539
1859849810544910495
1859850433843560488
1859850445289816433
1859875605225013706
1859876239437332824
1859927133914796127
1859931063273074961
1859932221664366878
1859932279969333272
1859932401734168660
1859933118607851560
1859933824878297502
1859933964825432386
1859934176402972959
1859950440051523830
1859960113324519458
1859968717175882003
1859983449345667574
1860178401157611973
1860184631502602517
1860211787616145636
1860221373341475237
1860275661656522923
1860303323108106557
1860309251522171105
1860309483110662626
1860309786811859118
1860336814365769850
1860530493625659423
1860530510713241915
1860642129611046974
1860663840893014501
1860698858386284603
1860698916489953455
1860701577129939171
1860702734640394520
1860702774268186722
1860702944229834767
