1879536683932323946
1879541751003947375
1879810587510894921
1879957067135623325
1880099522388578341
1880100524261011557
1880123448053350703
1880123496799564058
1880123730179088747
1880128961839263916
1880135793446174867
1880146643733102936
1880149011971338606
1880179213250257373
1880179228811165984
1880184632777584770
1880184655930159451
1880186567802696069
1880200687029744005
1880229427789066529
1880246563223794128
1880249078636007749
1880290003856810476
1880292016598446428
1880293122036625557
1880302701092958536
1880479805315117104
1880484521507995879
1880484712780845435
1880485211580047871
1880540444406558906
1880541472489132383
1880542123575099737
1880542187676737757
1880542327531532623
1880543057080426707
1880543518432559496
1880548927096971658
1880555036117221652
1880560436334190704
1880569866098503683
1880592340039155759
1880605900442058968
1880609197341172130
1880616115141009820
1880630082966024539
1880649088661954629
1880658869015499202
1880804717607235858
1880848402453602565
