2008233003399680339
2008402048526491694
2008407979352355061
2008408018573291653
2008408029142896873
2008408036281360887
2008412066034651612
2008415401617879443
2008415440155099333
2008426313355579560
2008426602062115070
2008428669862375782
2008430490831986856
2008433592784060852
2008449111276876186
2008463009715548183
2008463548809441697
2008463895166677434
2008464406578188404
2008464760598393001
2008464807792701737
2008518014216663104
2008518518401306911
2008554730260467928
2008558412322558377
2008566105523265819
2008586274429649132
2008627148538736809
2008650769864814621
2008790920393879911
2008791564634804279
2008821543623872971
2008822396166549734
2008822919485624612
2008823340224639303
2008824150861946880
2008829134970269996
2008830962231279817
2008831143442067735
2008831544912396313
2008832168920068332
2008832433328918970
2008851103325073631
2008873752327602474
2008888594556199221
2008889568540668181
2008917663414988997
2008934465045958847
2008934622231769454
2008940614671638573
