1677157144087629825
1677164073950273536
1677186497148252166
1677225265330794496
1677368368649875457
1678013847557521409
1678351224951934977
1678629002154745857
1679113780897398784
1679354236486946817
1679520882350526464
1680058846507831298
1680080683887390722
1680527607341744130
1680572445453844480
1680965052676079616
1680981327091490817
1681177754535075840
1681181509863215104
1681182770742333440
1681189646372605952
1681857036173320192
1681912520309866496
1682969381138227204
1682987380851228673
1685661452907188224
1685936581302255616
1686219805580578816
1686633676279549952
1686964727988281344
1687276180469424128
1687388549728104448
1687398838720774144
1687709276029284352
1688204136662310913
1688362706989182977
1688768740404678656
1689182613016293376
1689331250224328704
1689647896638234626
1689915499579318272
1689959429096271872
1690017715870990336
1690212663589224448
1690342691815759872
1690397546215358464
1690429995448156160
1690589905758687232
1690600286249959424
1690960246335057920
