1402791297568542724
1402805646601293827
1402808316762284036
1402853444470280198
1402954167258292227
1402954307268268040
1402968360103546888
1403014453034033155
1403039036533448707
1403179587526299648
1403194998556815363
1403229853160132611
1403230820324708360
1403232678044848130
1403239357985656838
1403240332167237633
1403246282752159745
1403271151158140929
1403307261049507842
1403315079773233156
1403372495642656772
1403396463846072322
1403396499505963008
1403420713428553728
1403422547283124225
1403423667648823302
1403553496746500097
1403553622667849728
1403566050751385601
1403569027763499010
1403576028660785154
1403576096419811328
1403591701369737216
1403613797953064961
1403650501695066114
1403653063647240197
1403659565137235972
1403669267694845953
1403676288481595393
1403676375131721731
1403676533294723077
1403685953391120385
1403748027962073089
1403748188297646084
1403750510776127495
1403765214030360576
1403892344982700034
1403899420589006848
1403899565061795842
1403899817638514688
