1491026094505742340
1491026236139016202
1491026753774825473
1491026844334059520
1491029346156675074
1491032001146945537
1491032390185394177
1491034128787316737
1491034618275168261
1491045292132941824
1491052162776178689
1491068074476576771
1491087375027814403
1491240032216449024
1491240195207090179
1491255817500491776
1491257006396932097
1491263390769364992
1491265125483188228
1491265138217095176
1491265345671544837
1491268134355226624
1491268545019523078
1491268595686719499
1491268738267873280
1491281760239616001
1491283826685149184
1491284243624108036
1491284301941723136
1491289574655799298
1491289999312322560
1491293500650176513
1491297621847461889
1491302216501968896
1491302968205144064
1491303161516408841
1491303222593880064
1491305045018968066
1491308250012450817
1491308365813026817
1491308661905715202
1491308843753967617
1491309085396180996
1491309100948652033
1491309123086200832
1491309245534732290
1491309296789110786
1491309330037379073
1491309377298776065
1491309391936909315
