1477686749811728384
1477687268039020545
1477696263399174147
1477824498191659008
1477826976165478401
1477866467387273216
1477873237673406466
1477880738712219658
1477880966399946754
1477890708132356100
1477896134882332672
1477898085804101633
1477899925547479040
1477910056721010689
1477918921038594048
1477924449429037058
1477938787506266117
1477943235733381121
1477949672190734336
1477990294469550082
1477998951500423168
1478032743317475329
1478037261505630208
1478037310415392771
1478058227782672384
1478189402694176769
1478190290536042499
1478191460780371968
1478191693568483328
1478197957304279042
1478198101361922053
1478248966265262080
1478251804336918529
1478252360409378816
1478255076531576832
1478264648323325954
1478266536993296387
1478269683186864130
1478273112596631555
1478287539815419907
1478289716705304581
1478293013587628038
1478295621542965248
1478300021170659328
1478335872906842114
1478387646120579076
1478403520978059264
1478408208322490368
1478409511761178624
1478409570305265670
