2016066388264419571
2016067824566075837
2016068336141144505
2016068388565745678
2016068411311456388
2016069017157697653
2016069693204005099
2016070289646616983
2016071060836516127
2016108639283781955
2016108700092792986
2016108726013550701
2016132232143110149
2016133294837113027
2016135091479810239
2016145551796871660
2016178680041787432
2016179513991037387
2016179630546551018
2016180344370958352
2016215451270021272
2016216994530607614
2016381286919897252
2016385510969880856
2016412347703951463
2016515954306670871
2016519572094947348
2016519784880631909
2016519837611442602
2016525075529535513
2016577620658573750
2016577841660661954
2016700937314979963
2016709118355263987
2016712598532870284
2016730695448834234
2016730804139999593
2016730847060382100
2016792137329688658
2016796751978696922
2016797966737248614
2016799084926103777
2016800301475565598
2016802107911995746
2016802947355856923
2016804016098070769
2016810323899306335
2016843396275720675
2016877742575563180
2016948442556436571
