1931293275186721260
1931324485317128282
1931341237614997733
1931378418328670248
1931493945491767633
1931592936535339084
1931593739786719386
1931635924343070774
1931685033380855837
1931695082018947304
1931695259336986626
1931695423204499460
1931713312984588450
1931713408241459383
1931720797959201262
1931727915408130281
1931745898977280216
1931748774785036393
1931751470657138859
1931786306860044520
1931786315198026025
1931786316292976687
1931786899301023818
1931966476917055850
1931966505274822974
1931974031626105207
1931975362897994225
1931994909067899255
1931996880185217102
1931997129859600516
1932002514737741879
1932003881220972650
1932004757025243196
1932005924723646773
1932006893012295722
1932008279896740351
1932008678082658650
1932008693006270769
1932009297728151568
1932010167542956319
1932014217936109592
1932019249947848970
1932116152333033714
1932126043902808254
1932133097258283505
1932332004156338659
1932333175356997694
1932339691514466540
1932344342183911459
1932356837069967834
