1559016180932759552
1559017164828336129
1559034357993832449
1559035587067510790
1559035990609575936
1559036294835351553
1559036304989761536
1559036322266099714
1559037268203290626
1559038504461828096
1559039699913949186
1559040047823093761
1559047626120904706
1559049893360320513
1559052527479713792
1559052531204259840
1559052533603397632
1559053413857763328
1559054445853700096
1559058581907177472
1559060418924257281
1559061940999450624
1559063658705334274
1559074930373070848
1559094997768495105
1559099893708312576
1559114208289390592
1559179498339586048
1559188508966658050
1559203347780886528
1559206083524435968
1559426196492161024
1559426199621111808
1559426737091792897
1559427788880646145
1559428717163991040
1559430534706581504
1559437621860134912
1559440097657114629
1559440101717213184
1559451882158178305
1559462578270904320
1559464374502567936
1559464379347005440
1559492647064059905
1559492652084924416
1559502667734740992
1559503737194180609
1559515491311398912
1559604248177872897
