1442125256127250446
1442126130123718659
1442129103788728329
1442129835938103297
1442129940011372554
1442130985689124865
1442144781916729351
1442144854377525256
1442144912162504704
1442147443101995011
1442148293253816323
1442148319447322625
1442151022265131010
1442164205646352384
1442165984303869969
1442169608035725317
1442315412222320643
1442315938842365961
1442322412335288320
1442328139409944577
1442328304132845568
1442328705032802313
1442328780433854474
1442330681057570820
1442343145396576257
1442353486780256257
1442354368938864641
1442354531006746624
1442354751258062857
1442367851629744128
1442369109136609285
1442369428574785542
1442370821163413508
1442372720449114112
1442373721868488711
1442377931041349639
1442388685215846406
1442391644737703936
1442398427824881664
1442399785063895045
1442400621097750535
1442402984785154049
1442407221673934848
1442409760007987200
1442411428653125632
1442413157083873285
1442422179698659333
1442423274663600131
1442450566844612608
1442469028853784582
