1556146657204772865
1556148482477420544
1556148703349854208
1556150404358217728
1556153344624041986
1556154409666879488
1556156028609503232
1556166472137056256
1556181995407167488
1556182047580094465
1556183274523066369
1556184185253265408
1556187177213923328
1556200086748930048
1556200962569949186
1556203301641011205
1556339201725321216
1556489784217915392
1556513102870777857
1556515005360910336
1556526010153443328
1556527803365228544
1556527807244939265
1556527809824456704
1556528781271396352
1556531163619299328
1556531167595483137
1556545227321921536
1556547327980376064
1556547332807983104
1556548953965199362
1556549650953678849
1556550456813711360
1556551226564968448
1556553577149366272
1556553582606192640
1556553585898684417
1556563325794009088
1556568139282153472
1556611896098582528
1556611900536160256
1556633901002801152
1556633905146769409
1556633907793391616
1556664001878077440
1556864039040401408
1556864065841942528
1556908385483644928
1556916353818566656
1556916357643603968
