1453663955805560835
1453663976072511491
1453664051561517060
1453666441182412808
1453667206613454852
1453667389631913988
1453668233047732231
1453676243925102603
1453682925484920836
1453690666395922432
1453699281668296710
1453714968654716931
1453732169277272069
1453733100752543745
1453735870956146696
1453736082613288960
1453736701986099209
1453738563632128004
1453740500838608896
1453744085504704516
1453746184498003980
1453746305713336324
1453746529529851908
1453747640642932736
1453747671403884549
1453755355838627844
1453755423392075779
1453764537472086019
1453773195970891776
1453776839629946880
1453787255680552960
1453787294662463495
1453792938727641096
1453794205797519362
1453796953238556672
1453931873059573761
1453932053318156293
1453932096452390915
1453934551374258177
1453946400291491842
1453947944047038466
1453952969209102344
1453953347795357705
1453953433707298820
1453953764923109386
1453954197242593284
1453963101389279237
1453963236286492683
1453969960091275274
1453976019996532741
