1974023667308003384
1974023692125454779
1974023750048981150
1974023791882784782
1974023975094399239
1974024828991820038
1974025809011847376
1974026819495166377
1974028436072239344
1974028797185044562
1974029697081352594
1974030715814859219
1974032103470936396
1974032830301954072
1974033908061884432
1974034419418869822
1974037101399384520
1974037230806057407
1974037282114949383
1974037302558007464
1974037428097663148
1974038195747840038
1974048741943611422
1974056618833948705
1974060901935505555
1974076732962656557
1974076791691378897
1974076924252270622
1974076982649668087
1974077117282619595
1974083490590376180
1974087325065027595
1974087361215819907
1974087386410987946
1974096652748402923
1974099395088965974
1974141044389491032
1974141538474283103
1974143304662192370
1974143608250147082
1974160031856963950
1974162018375766141
1974277911697092637
1974292478288408815
1974292530146783557
1974298195414155588
1974336912275223041
1974336997474119946
1974337071486795898
1974364450728915223
