2002320434608619777
2002339395014414451
2002339965594972444
2002376036089254085
2002376652182204533
2002376674277798208
2002376716778623239
2002376843119505664
2002386620193055199
2002387058510491989
2002392816261939438
2002395685493301420
2002396575851827202
2002397276753289637
2002397467858653679
2002398502186529049
2002399060683378862
2002401690918748220
2002411130921144540
2002415538895794193
2002415890823065692
2002417115874337235
2002429145293484371
2002429535434813483
2002446115954962833
2002450166566240434
2002559139369922592
2002574718738837734
2002629279801340263
2002629839875084369
2002632790161121348
2002632890367291794
2002633243422847192
2002644648985309404
2002656280754995455
2002658587311812921
2002659395965235255
2002660113300271474
2002660955633717382
2002661438029226440
2002672129217798324
2002672137497387209
2002678042830028922
2002680960173887572
2002716038052606022
2002719150553395234
2002719951862518083
2002719963543683236
2002747028548579483
2002748006588960989
