1501123483128201219
1501125410587045888
1501128286235095043
1501128307647004673
1501128314563350529
1501128333639098369
1501128354094673925
1501128366140710918
1501128382989291520
1501128389251375107
1501128451163504642
1501128462320369666
1501128471107436547
1501128490409545729
1501136362275172354
1501136463307575297
1501139022059491328
1501160846000410624
1501188261846609928
1501219729637212162
1501234173800972291
1501268341339541509
1501393085372112897
1501393221389144064
1501393976607207424
1501394023453380610
1501396712833024001
1501409554814615552
1501455232068321280
1501456644521472001
1501463132501266434
1501468833378607112
1501481754372501505
1501483284626571264
1501492348030578688
1501492358403092484
1501492367089496071
1501492375943725058
1501492386416906240
1501492398647435267
1501512100258082818
1501513882070052864
1501514056309809155
1501515754016952322
1501544821441265667
1501562424377638917
1501567357323722755
1501612210497650688
1501614501548150788
1501614590534496256
