1494953312265080833
1494966684515713025
1494967210892480514
1494967437812715521
1494967562282872833
1494967588321099776
1494967606377611264
1494967754591698946
1494968784012312576
1494968838458585094
1494968886449827845
1494969290298380291
1494969322833608707
1494969411777998850
1494969461451157507
1494969513418592257
1494971959804760069
1494972244707086336
1494972333232033792
1494972464492793858
1494972495782244359
1494972520478351366
1494972584194048003
1494972609120784392
1494972631128305665
1494972662224875521
1494974018817966080
1494975104450588672
1494981587448270855
1494981590245855236
1494982720082296832
1494982953663107072
1494985309200609284
1494985508396564480
1494986981478055940
1494987072750252033
1494987096955637767
1494987756522459138
1494987832347090946
1494990351458656260
1494992106091278338
1494995998170497030
1494996028407234564
1494996501759594497
1495002518484844547
1495016131106467840
1495017259613360130
1495020689069248512
1495034156111126528
1495037004312051712
