1825612189828526383
1825723911692071128
1825758468617167261
1825758741255565642
1825760745058947153
1825768836974379068
1825774128713904451
1825781105535881270
1825789430415896950
1825790125596352915
1825806409096900661
1825811744071229617
1825812768383185077
1825813723187167642
1825814758886617111
1825815980888776923
1825819248708694116
1825819988957012157
1825820928422588517
1825835171548922107
1825835224892162370
1825868467964379617
1825869826482487656
1825876848397685056
1825878516342337600
1825894321037390279
1825901603553001817
1825909662535004550
1825925398766432442
1825927023501385835
1825938904442458326
1825940975807827990
1825941034196677082
1825941082775109644
1825941196147139001
1825941277827039507
1825953898521309361
1826080613889376311
1826080635577848305
1826080713164124512
1826144253476507648
1826159567954395371
1826173885923901717
1826181157551305183
1826182028234293360
1826182757560807787
1826184462742524107
1826186101931081891
1826186106070811123
1826187013265195238
