1838759974563918210
1838809629461000550
1838809650373783886
1838811444776755619
1838834075710165088
1838834609343066481
1838838709652984158
1838842096201109834
1838849669071245652
1838849805076041751
1838850940297973868
1838851182326092263
1838852053600227334
1838852957716242781
1838854655776043195
1838856476871282832
1838862139471126718
1838878365773615257
1838880570744443363
1838891772971290820
1838896111768961384
1838906401453994218
1838907076497879160
1838907286041104882
1838908580642123794
1838909329707253800
1838909351593234822
1838909368709812351
1838910275225002020
1838910390950085081
1838913752118296953
1838915592218181921
1838917894144471164
1838917953430945796
1838920537130553642
1838922389851107479
1838929338231910770
1838930401748021427
1838930568832282717
1838953785038971020
1838958156749394161
1838968921346674884
1838979974537109922
1838980204951396464
1838980461235765658
1838980885149868364
1838982465660367159
1838984420708991375
1839008522023088148
1839023336241700876
