1453978711619870721
1453979777627394048
1453983136694484997
1453984023043182597
1453985372132630533
1453986765182681094
1453988894576287747
1453993139417403393
1453993490388377602
1454001205072457735
1454015291369738248
1454016107262595075
1454027821026660356
1454032657340256257
1454032660490190849
1454032662570541061
1454033349450682370
1454035467872047105
1454038300713390081
1454045151823728645
1454046326757343234
1454047438705098761
1454054944982532103
1454055096824725514
1454055596185980937
1454055801706876929
1454064529659154434
1454067254572687362
1454080747967442949
1454088346737672193
1454089978770640909
1454093736057524229
1454098455987580935
1454101716526190596
1454109459936989185
1454109656830201865
1454109690531516420
1454109739470647297
1454111675020288001
1454113180351795209
1454142277207482370
1454150119742316544
1454153237985050629
1454153762134626306
1454281149845409792
1454281664239079424
1454281777267183620
1454293017091719175
1454293131306827779
1454293233404575746
