1873410864641917358
1873410994124529679
1873411727863509489
1873412342177776054
1873413337419333958
1873432645281231270
1873556405132869662
1873557578116202596
1873590410653925748
1873603261946863688
1873603668240699782
1873609381595779201
1873622222814032331
1873623417985052865
1873624512337707042
1873626033846714574
1873627034205000046
1873629472626466954
1873629476405621124
1873629481170247948
1873632033249092048
1873632215248290022
1873632320902828033
1873632367510003987
1873632390511493596
1873632613853987110
1873633564497211534
1873650845235150999
1873650873160867892
1873656844755022286
1873658071198978336
1873659742100541942
1873666344325120454
1873672149363528004
1873684698431648066
1873719737613713676
1873719806039584796
1873720048713621580
1873729962248978569
1873730863361585654
1873732385571008734
1873734887876022427
1873736116630847909
1873737944349151250
1873739132578709583
1873740311878664222
1873746049858449428
1873747657744884213
1873756062307983668
1873756354164453678
