1808793693865824715
1808794627962777918
1808815853489549364
1808821100731629755
1808832136579068122
1808835679905833179
1808836162254950678
1808836316496605379
1808863525701628349
1808870561826886141
1808926514077127029
1808926546373062882
1808926662882464144
1808928931862507563
1808929204697694678
1808930158616981679
1809036978966470795
1809044643209785578
1809057931838828791
1809059181154152893
1809059360448131222
1809114075835871455
1809127773317050425
1809129233106583726
1809129276798636350
1809129915595317372
1809143961539239980
1809144029990285678
1809144050672369951
1809148316518617502
1809180609627279578
1809218775260299581
1809221083482177939
1809230884450472104
1809231246104404410
1809231985262354686
1809259772014735775
1809260576612257830
1809264853518782720
1809433437667008596
1809441024189812745
1809451471349661770
1809493744208777510
1809495322084999443
1809505894750908478
1809506652313514097
1809522960358936623
1809523093401911396
1809547865255006684
1809548900380086378
