1947166692599373866
1947166951987691663
1947205929126260793
1947220210278150432
1947223907829940512
1947253177008406676
1947265813574189287
1947270072822620605
1947277847716040709
1947277912786522328
1947293561214677192
1947300037517844697
1947302769603608956
1947304073784602742
1947325015604777469
1947354907553509521
1947354958518427929
1947356280928301224
1947474424489496658
1947504123555025023
1947523211178217839
1947563844244804087
1947567915517235677
1947577953560498452
1947602043784310953
1947625423933747309
1947625435824587248
1947625478623227998
1947635068350173378
1947639254101987699
1947660096768815277
1947693034340307249
1947699082337653170
1947827755380576646
1947873302099460564
1947895978876670334
1947898087412035887
1947900516610277829
1947916039830049243
1947922429659230226
1947927435632382411
1947928482693980542
1947928585173667960
1947928619436937683
1947928675950989797
1947928906822258691
1947929622949343605
1947930654936862967
1947934675009523734
1947937245417345514
