1647274075344220160
1647460531878473729
1647826079988740097
1647831010976083969
1647848361847037953
1647858205232631808
1647910666244870144
1648188808519880705
1648231428776398848
1648235294754476032
1648238368562774016
1648277762120253440
1648315208849584130
1648593299576606722
1648593559623438337
1648637278280122368
1648678160110878720
1648976443282694144
1649008217719201792
1649400963630002176
1649418374114410496
1650017551097933824
1650375409748561920
1650494891644841985
1650532397618987008
1650779949631168512
1650824434176098305
1650883788627652608
1651081574514049024
1651098186180853763
1651098201301356545
1651118010294472704
1651152881263984641
1651243295899795456
1651443082314010624
1651510473337241600
1651604805662515201
1651610694792671232
1651801107499470848
1651801585654321152
1651859675917459456
1652176805976240128
1652203531259236352
1652233495278936065
1652252426475393026
1653002617868685312
1653219967700017153
1653647972973023232
1653692112146419715
1653806559426940930
