1493627680885215232
1493630118757306368
1493631909045637121
1493631946379137024
1493631975089143808
1493631990188605440
1493632291377397760
1493633052354183168
1493633308600958977
1493633456362102784
1493641939052535809
1493642033541808128
1493644167024898048
1493648164632424452
1493651744823595008
1493654077653528581
1493654110494932994
1493665047234904064
1493754776848584704
1493785407460642822
1493811774055137283
1493811799401336833
1493811866686324738
1493811911267594243
1493811937049989125
1493811980834324480
1493812018398502912
1493838799239282688
1493839705301200897
1493840599535202305
1493840825499152385
1493840943673638915
1493840964968128513
1493876606787801089
1493877586229084161
1493880819685130241
1493880846318997507
1493880875997855745
1493881110375600135
1493881338436648961
1493881835541397509
1493889616159866880
1493890779760136192
1493890801503399940
1493895644762996736
1493904269195739138
1493914691529482241
1493916231136870404
1493917783541035016
1493934264190386177
