1824809552723988591
1824820295984685304
1824823149235765345
1824823639184732333
1824823711771631894
1824836896444526742
1824839552718299222
1824848064030355620
1824849555210608726
1824850442943336463
1824859402328772880
1824859502811742272
1824859623012077833
1824862823182135698
1824983592994271240
1824984132029407295
1824991715654021579
1824992760136454313
1824993670258422254
1824997143226061272
1825039688731607385
1825065300217217409
1825067843257340098
1825072627645313169
1825072667239780640
1825089967632134415
1825090324013744558
1825090553794511082
1825090867079565547
1825090897953845557
1825105281992311091
1825108435823665649
1825129153126941127
1825129644300939681
1825129853974122578
1825157750441005336
1825157778266112095
1825158041018233302
1825158226024824973
1825164009110225249
1825165920894923187
1825184941287854087
1825184988100514106
1825185724989124709
1825185768006123855
1825185790403477517
1825197441500553358
1825197724334981346
1825199123416412503
1825200314565419029
