1894753157466726594
1894767337083171042
1894767780140101914
1894769242840691196
1894769274427998709
1894769717405237557
1894777291131256874
1894784937129337080
1894801477249704434
1894809463531676110
1894809652690563579
1894943877230158197
1894980170122936599
1895016303183962305
1895017340032688462
1895018567936155803
1895019556705575022
1895020344144224463
1895020955333992577
1895021954937299157
1895022527904383479
1895023181951652263
1895034770087649786
1895044633421291772
1895049622642663820
1895097852168208449
1895099083754250405
1895099140217974808
1895100292494131667
1895124773849702558
1895125029563883956
1895125486696804725
1895127418576478547
1895128224398733548
1895130274893308060
1895130338759975212
1895133355290828847
1895133375205384469
1895141816359624981
1895143355165589708
1895144100006936586
1895146781605855317
1895147306191552678
1895284282517565724
1895298452520931643
1895329508456333613
1895368609444278353
1895368733801226287
1895368790038454566
1895372432397279511
