1426030015884398593
1426030208742682629
1426040111343407106
1426060968115593222
1426068492898377731
1426077110448189440
1426078005378523136
1426079089421520896
1426080424367824902
1426080895329394688
1426083239244963841
1426084514112053248
1426088222380093443
1426091675160481792
1426092879764615171
1426094162366013444
1426095709174964230
1426097780745916419
1426103527248580610
1426107793711398918
1426112543995531267
1426113971736567808
1426114051726217219
1426114111146848257
1426118043218808833
1426120310760230914
1426123638609088516
1426132087271161867
1426140362951729155
1426140425895612419
1426141685398966272
1426142190300925954
1426151490821918720
1426157199076728836
1426157694168092676
1426158393278963718
1426179302618398725
1426192682582298632
1426206194473918469
1426221110404599808
1426224109214527491
1426243577852489728
1426243688913461250
1426244106066358272
1426245779136540672
1426246562045337604
1426248059692879876
1426366462537592839
1426379795978276868
1426381292426326018
