1414810236548882432
1414812909603934208
1414812934195224576
1414812995662737408
1414822033880354832
1414826265199087623
1414826592975556608
1414826767332773910
1414833820407275523
1414834075483791362
1414847078052753408
1414851428657496064
1414852281711808512
1414870647147139074
1414889672405180424
1414890002413064192
1414890961742692354
1414891158694621187
1414892038223405058
1414892837842219009
1414893113408061443
1414899412514447364
1414906428079235072
1414909826795118592
1414909856075587595
1414910252928049152
1414912908195033090
1414918113175343110
1414932306830118921
1414933346677788672
1414934536891166720
1414934948834725899
1414937543582179337
1414939724716802052
1414942993631510529
1414968191202205698
1414979130978803721
1415134537009352708
1415135053382754304
1415137829672275969
1415138812724871171
1415139472363036672
1415139592332664832
1415140868806242313
1415151384270315521
1415170756405719048
1415174845755650048
1415245925648244739
1415318488130887683
1415337097179787265
