1526893335251521536
1526905752018817024
1526907635429126144
1526916640167759874
1526918258682499073
1526918302630432768
1526935407971434499
1526939346980417536
1526939350113480704
1526946537854554112
1526952940518264832
1526974790137184256
1526974803789627392
1526974847087443968
1526975894266716160
1526977632885424128
1526977807192313856
1526978385796558848
1526978414317813760
1526979633400655873
1527095945468715008
1527096019716304896
1527096268887302144
1527096325338439681
1527096471421853697
1527096887496835072
1527097216573534208
1527097799841808384
1527104812130902016
1527108058207268865
1527113004323442689
1527115388412395520
1527115577630015494
1527140611786436608
1527142135220146178
1527142287641169920
1527142748909805568
1527142845718573056
1527146896393125888
1527149243034923008
1527151393303277568
1527157226099515392
1527162540106473472
1527162571236601857
1527162574201946113
1527162639326932992
1527165976927965185
1527168959811792896
1527168971329351680
1527174884819816449
