1855552956265099737
1855553307416072524
1855555440131928353
1855557476357468600
1855558533917643168
1855571519466037346
1855587574313595128
1855587772364427637
1855587791100371126
1855587816761106904
1855590448506585473
1855591168551088160
1855592470345556086
1855592674297790868
1855600523136930276
1855622838520103029
1855629505119047705
1855679271039345109
1855679500505567478
1855679639055917567
1855679919227081019
1855679974772285503
1855680006409933073
1855872540473766267
1855872990631657735
1855873153370665189
1855877430558257637
1855877497671327866
1855890426969854303
1855892271348269130
1855905250022142016
1855906202389213228
1855911858110349446
1855912894761701547
1855914519849205911
1855975415724314893
1855977041788551273
1855982443301630382
1856003052483817549
1856003299603792011
1856003773111402903
1856016787105587679
1856016812674101639
1856166303268036718
1856216349967573201
1856222909745799364
1856223027169497395
1856225942969913628
1856235670655639789
1856248626101792870
