1633014239295320071
1633033309667336193
1633038725352673281
1633068313067786242
1633068322207199232
1633148920317763585
1633313266251476997
1633329356138336257
1633368065697259526
1633371578959544321
1633396170356817923
1633396175918501888
1633396178242121729
1633419582089342976
1633505588591173638
1633505594823909388
1633505599840215040
1633656349455429632
1633666576955346945
1634088324909637634
1634164754280493056
1634207289497337856
1634237076542722048
1634444686474768385
1634450316224520193
1634490673243074560
1634542564488667137
1634560342482202625
1634576005745770496
1634743515451371520
1634799709549383681
1634963437611790337
1635121790195503107
1635125854404767746
1635203309186195459
1635484397771296768
1635484401869131776
1635507581082030081
1635510862411890688
1635580977702637568
1635856863576342529
1635887360994066432
1635901030088216576
1635916051396591616
1635936237059194880
1635956869054496768
1636259285545136130
1636600317864448000
1636635640300457985
1636635642984800256
