1464815457475514379
1464819966121635842
1464826038458863617
1464826108906381313
1464826441669877762
1464826506778079232
1464841872149401601
1464843879904002048
1464844800784420867
1464847523030339587
1464847993027268609
1464848196010532864
1464863915070746631
1464865587721428994
1464865751077036032
1464867623028473856
1464868908616196105
1464882644483665921
1464882667116138499
1464906453592928256
1464908513516273666
1464909162106683394
1464911442327470082
1464913939423137793
1464918204304674823
1464918726004776961
1464921299554222086
1464926488914845698
1464931805576843264
1464939888592130053
1464939935920652288
1464940546724548618
1465019561002999813
1465020189368406017
1465020240878735360
1465156639598661634
1465159904289644554
1465161935092027394
1465162121314922499
1465162392543789059
1465163064018280457
1465163181798531076
1465163638847594499
1465163934021738506
1465164625717067782
1465165690285879296
1465186208976302083
1465188187249143817
1465189182259691522
1465195869687349254
