1834793319622193369
1834795178789351454
1834795203326071083
1834795221072150778
1834795387623788814
1834795585250926635
1834795655006388681
1834795667882922214
1834795695812833488
1834797483198742753
1834798921433899499
1834799211411316827
1834799254159671805
1834802578938384468
1834804433286476067
1834805031788519920
1834807155591106668
1834807215741714711
1834807248071118888
1834815424615047361
1834815976342278641
1834825673812459956
1834835109515501603
1834850047634423885
1834850259744502258
1834851379430801498
1834852230438211683
1834919052709384561
1834919520810471468
1834919812520124868
1834944766762426759
1834945114453549390
1834945174172057602
1834952379491295569
1834954857582662030
1834955336366604650
1834959571854475386
1834964188122234953
1834967926094344559
1834967946390601954
1834967976635670838
1834968159356366973
1834981611877933518
1834985023662895132
1835134546100031493
1835144143842246732
1835157094460178894
1835165156772659556
1835167031588499666
1835168033720975693
