1929012262984900622
1929012343091917160
1929012396867334398
1929012412675489955
1929074917850661221
1929079930190487673
1929080719332069476
1929082420852306141
1929082460777673166
1929084452598095890
1929101976953831511
1929102014669049949
1929108806468067487
1929115420872544663
1929116086072709189
1929121827437040120
1929121850837053501
1929121889231794333
1929123137834078633
1929125146943770992
1929135013456478562
1929135049921679501
1929144197392523337
1929149415144518096
1929159802569015426
1929159932638826864
1929191432642044387
1929194044724334942
1929194580022575171
1929195348309709106
1929195631660384622
1929199053633642963
1929199141088813467
1929383123378217357
1929383313858294006
1929383377515241781
1929394496359510327
1929404732893691908
1929405229981962242
1929405322856116515
1929405454255370547
1929408192921932051
1929425529809305911
1929425722398933213
1929426646307672417
1929433384628945302
1929452637721960921
1929454052867178914
1929455634568851917
1929456678669341115
