1423692446471397380
1423693135385829379
1423701548975071234
1423702316280991744
1423836329381535746
1423836651202043908
1423839171488083977
1423839238286503936
1423839268305195010
1423839299263295488
1423839341055385602
1423839845747544066
1423840488256200710
1423841089287450625
1423841191511019523
1423841220191670272
1423863888412504071
1423873451396272128
1423880183774203904
1423886726913687554
1423887817466204160
1423892774940598272
1423902484557230081
1423909408237490185
1423910069138194438
1423933606624301058
1423938258694590466
1423938317469425670
1423938336062808064
1423938393738645507
1423938439846584324
1423938485342248967
1423938546423844868
1423938565063417857
1423938819540193282
1423941611545718786
1423941795323342857
1423941884209090563
1423941900382269452
1423942142997803009
1423942210773389317
1423953209995915267
1423957724711116800
1423961454038818817
1423961646997729284
1423963772377440256
1423971388558241800
1423973564999356422
1423982155797913603
1423983214708748293
