1388373157698957312
1388774198500155397
1388829920734990336
1388833853532381184
1388834424570056706
1388835232925851650
1388835750179901447
1388836264976211976
1388836979329089537
1388837768365805572
1388838334370287618
1388838730165800966
1388839388067602437
1388839798182395906
1388840221421174785
1388840771894140929
1388841078942437376
1388841329711480832
1388841731030806530
1388842476727803906
1388842797889818625
1388843297968254979
1388843923741634567
1388844555026386947
1388845050428223490
1388857348404383751
1388857743407157252
1388858067966517250
1388862478616985601
1388866490284199936
1388900402599370759
1388912465266712577
1388914160969428992
1388922536633651206
1388930166110388224
1388938097010696195
1388947465907302400
1389066135283257344
1389077086451556353
1389077287216111621
1389090298614063104
1389167512588197888
1389212269595140098
1389216396983377920
1389222272024547332
1389222519668760581
1389223250899525639
1389223947493732357
1389224492015054854
1389224802175492100
1389225041032671238
1389225507435077636
1389225716722536452
1389226001046007810
1389226299571392517
1389415893193564160
1389526251958771713
1389554926523584515
1389850408059695106
1389910896089124875
1390165560202129412
1390248925127352325
1390316874353631235
1390339747512418306
1390505371458936836
1390545323546664961
1390549846134640647
1390559315107319808
1390589162152087560
1390594608497717249
1390598741493788675
1390601071433715715
1390606298937499651
1390620730233167873
1390671695426449412
1390695609963737090
1390907242824617984
1390940412060192769
1391009777036103681
1391053592400863247
1391254816010035200
1391305308681633794
1391323229847900165
1391419525380251653
1391441951627513856
1391667873509036036
1391679203330838532
1391766676543131652
1392052012993241094
1392108516031098883
1392121588200263680
1392342756396179458
1392349902974316546
1392459117474713601
1392459416646029318
1392472992433590279
1392495614299033601
1392502640106303493
1392738493269372928
1392867389583216640
1392875965437546496
1393071720672555008
1393111732776628226
1393169366603034630
1393188026755391488
1393197678951993345
1393273893679288325
1393566068690411522
1393574644213456897
1393868919010598912
1393978240222433281
1393983836757762049
1394206630380638210
1394497834792079366
1394551126502961153
1394573384399212546
1394580840940675072
1394669087356112905
1394688490000900099
1394870039862337538
1394935918188843008
1394946091989176321
1394975384966471685
1395011950325616642
1395024059205705728
1395036810414198786
1395251306911080448
1395274690281627648
1395286604965552133
1395294933183987713
1395320461068619779
1395372762588336135
1395379956679548932
1395404542536077314
1395626226597859332
1395663030336188419
1395678644266180609
1395730050268336131
1395743006863413252
1395999561936633856
1396034937359257600
1396073948769443845
1396354943771025412
1396395906828693508
1396425301773615108
1396482314058620944
1396489989140094977
1396497884644724740
1396670055979491328
1397111708649287681
1397196578239225866
1397218377521844241
1397397524789477377
1397441879080280070
1397452030071902209
1397465201478279169
1397478225157099522
1397492217493692421
1397540136796049412
1397565192255336448
1397807314548105220
1397820224682872835
1397832638262480903
1397840395002814469
1397847585507799042
1397853753705783297
1397870709636960257
1398260874398236675
1398274925320830976
1398281950603870214
1398291534039064579
1398303510899216388
1398497070189727744
1398543212885647361
1398559184161964035
1398624939150692355
1398881994918948869
1398902633880973315
1398927840486121473
1398928195362058241
1399003154222518273
1399017236837199872
1399261003028697093
1399341349325836293
1399550382100008960
1399750609696296962
1399998701410557956
1400003049704214529
1400008753173331983
1400017989185851400
1400087896615395329
1400121589765529603
1400268424882782208
1400348533136396290
1400358966740197376
1400365010459627523
1400371657814855682
1400377472529571843
1400384912956354560
1400386995961044993
1400391795054235648
1400398667069100035
1400463043713064968
1400470694081679365
1400489740281925634
1400751046213869569
1400849972849897476
1401043807135670272
1401059904513744896
1401080531148701696
1401098727696211969
1401196977405140997
1401223797328408579
1401434890818625541
1401452844159361024
1401515837651968003
1401794662948503552
1401808061891706883
1401905246897463303
1401905248604545030
1402163779773689865
1402270466212085764
1402270469345222663
1402853444470280198
1402968360103546888
1403014453034033155
1403229853160132611
1403246282752159745
1403271151158140929
1403372495642656772
1403613797953064961
1403653063647240197
1403984264996130822
1404059676170276869
1404279954171305993
1404282031308107776
1404777035927474181
1404805155917385731
1404822788322463754
1404832258645577728
1405071647548141571
1405098525872984065
1405430570604060674
1405460721958150145
1405519129004548104
1405562733353836547
1405801172779245569
1405845867026919429
1405897514209800195
1406120176643280896
1406135608930553872
1406147835813236739
1406165420608942081
1406179930203856897
1406179953977139200
1406514791066214400
1406530061679816710
1406578498043453441
1407257173139230743
1407257652447514635
1407289137267240971
1407618662182187017
1408025260629266442
1408043374414733314
1408309316843569153
1408758484468854785
1408787003425001478
1408826467794837515
1409021585596444673
1409365801770000393
1409365827820810245
1409429483631771655
1409817389378662403
1409906765542555654
1410122405779939328
1410160749830279169
1410201419634802690
1410443594255593477
1410513103146545157
1410522078634143748
1410638066017083401
1410891129222963207
1411519273760002055
1411643463532113927
1412069200596594696
1412358529852215297
1412443313253216262
1412454525223403524
1412457524893163520
1412672187283083266
1412712799126515714
1412742512901443587
1413512668338540550
1413549248809897985
1414509429240733696
1414616416536317955
1414847078052753408
1414870647147139074
1414892837842219009
1414893113408061443
1414979130978803721
1415536425559203843
1415552537004896258
1415574304515715080
1415968843772563462
1416032545146241026
1416282519268364293
1416657207236599808
1417024592124682246
1417436446231724037
1417449494510137353
1417512513814470656
1417727144495501316
1417741423059738631
1418828703480565769
1419140875246997513
1419626463045640192
1419685984824819715
1419691776701440000
1419930723490820099
1419955120977027081
1419978928953856002
1420276479003271172
1420295752362856458
1420322602115944448
1420424115706466308
1420676483194839040
1420700457207431169
1420762465600557056
1420776336625324035
1420790031061426177
1420961497979654148
1421010350430822403
1421157729754775554
1421385269098389506
1421416438015827968
1421518899103682561
1421812592306130952
1421826937148743683
1422073418770313217
1422129332902760451
1422129370383093763
1422157737048174595
1422192069968162821
1422232040603144193
1422427207108988928
1422440365676654596
1422807534738362368
1422812524253048833
1422827384206622723
1423127036021731328
1423179289134985218
1423198129130655744
1423246782406877195
1423492344247029760
1423500362921635841
1423552531116879874
1423863888412504071
1423886726913687554
1423910069138194438
1423933606624301058
1423971388558241800
1423985515058003971
1424386297469145091
1424937559654756359
1424981244123648007
1425352175560003587
1425379664734744586
1425490217281019911
1425689321311379458
1425700109686251521
1425718111664107524
1425744617618563076
1426040111343407106
1426095709174964230
1426179302618398725
1426224109214527491
1426379795978276868
1426422188094070785
1426442246010802177
1426461278504062977
1426510528994709504
1426534514281484293
1426744375548157957
1426788340129361928
1426822673934405632
1427107407004459012
1427195349534269447
1427496097824444418
1427538741040586753
1427881009098366984
1427894864641810434
1428394344453578752
1428607928815128581
1428655995203424258
1428744862585679880
1428908909473849351
1429286645430292480
1429335280096452610
1429734842359373828
1429791371833999362
1430073733482303492
1430074190049157128
1430087341343789060
1430390154015821827
1430781931784871940
1430832272257785856
1430848154753069062
1431150318784434188
1431502121766055936
1431540790447116289
1431893900914950146
1431968651750506503
1431992385492324357
1432198219857989632
1432271433493737479
1432296826040774656
1432309196515467267
1432680092182802433
1432735931505594368
1432954228964614145
1432964132714598403
1432982357225586691
1433003848700809222
1433037567742472199
1433322316243501059
1433370094931824640
1433650413345992710
1433693692678705168
1433704337105047558
1433721020280496129
1433755974641225730
1433776735267397634
1433837545486491654
1433990855396786177
1434011885704077312
1434051222793637892
1434114846845390850
1434375194366283781
1434382373756358658
1434389678354886658
1434443654941196290
1434518078411272192
1434774299139661830
1434879531848921092
1435136002004172800
1435273118533050371
1435287367523258368
1435518609183313920
1435561629551235072
1435606594885074944
1435634784814854150
1435890086835486720
1436019225768849410
1436023263507873792
1436274377314631684
1436563404387356675
1436590757821878274
1436654967746531329
1436970351301316611
1437000628258050054
1437069995691839489
1437069997369532418
1437310517131894789
1437337104250388483
1437360629711396867
1437397719606198284
1437440948116492288
1437679128069632005
1437757749199130628
1438008069401636864
1438086602190843904
1438161099648430083
1438405626116202496
1438732163126493184
1438732173666701318
1438735575989710849
1438771955641962500
1439141878071390215
1439255733975994377
1439255736282800128
1439860667779928067
1439888733663236097
1439906250150408195
1439906253967265794
1439974030094704646
1440240427261513736
1440278646975991809
1440278672653438978
1440539929247817731
1440613396672442370
1440652273621745665
1440939069630935040
1441335867415560195
1441578730011316235
1441659198232694785
1441659199780376579
1441798615425454088
1442026590750142468
1442151022265131010
1442373721868488711
1442764551556980737
1442874678725341191
1443120182772174852
1443149181980319744
1443206292437303296
1443241478994612224
1443257507321823235
1443471968779464709
1443527864209399811
1443582366199402499
1443808755078942723
1443817448361189378
1443869623422636033
1443901941541523462
1444136628079915008
1444147340663611393
1444241833555492867
1444290479936266245
1444556768349024260
1444590692034961408
1444924180412059661
1444943411409154050
1444956359338852355
1444956385255444485
1445292701012819975
1445310630731280390
1445310632312533002
1445310633918877699
1445434479758110722
1445688154963337221
1446022516745535494
1446461330890756097
1446461332325240839
1446472329383464963
1446746510444531712
1446775180911538176
1447103327632703494
1447877899168587778
1448164583206625280
1448526750221176832
1448564915724189698
1448884254780235779
1448934058516385792
1448991752455540739
1449012573437792257
1449044393084608530
1449078251268108291
1449281096290430981
1449312007266582529
1450023185219342342
1450114185610752007
1450386859280855048
1450747494204280834
1450861957871857666
1451040814994391043
1451461104865988627
1451563218187341825
1451830160580177926
1451875977525559297
1452522761545420801
1452529704666157056
1452573817830666242
1452629636148432901
1452838020743254018
1452912070576377856
1452987467166990336
1453041194070462468
1453281098558021639
1453370051374075910
1453379232315240454
1453379469016633350
1453394958174416903
1453394967733231635
1453394970702876674
1453620991582560268
1453641371567353859
1453676243925102603
1453699281668296710
1453983136694484997
1454027821026660356
1454032657340256257
1454032660490190849
1454032662570541061
1454055801706876929
1454098455987580935
1454318198883454977
1454354375451705347
1454373582184669186
1455102476311404545
1455102486297993223
1455112359291146243
1455131873747734528
1455149206478356483
1455430427984818177
1455549382577717249
1455803710957785088
1455821742094516226
1455831607747563521
1456167856471625732
1456167866185641984
1456167878294601728
1456167887341645828
1456167895310815236
1456167908648710145
1456990454470242308
1457002971837829128
1457002990988980232
1457011882900951044
1457216589992919042
1457241980354772992
1457242033249140737
1457242133316849665
1457303684493176837
1457372215322705925
1457372241885233153
1457372271165595650
1457372293517115395
1457372317013528580
1457372337666342917
1457387911360380930
1457612606877810692
1458024241924694019
1458025039366803457
1458025049378549767
1458351956095762435
1458696308147965952
1458696311843164166
1458716522042458112
1458742099210223625
1458791487852843009
1458791492152029187
1458791494005837826
1459029052447019017
1459083685743906826
1459084121402003464
1459495437287636994
1459535571949211651
1459535808474402824
1459536783926910983
1459536794056200201
1459536803350781952
1459536812594978824
1459536821637902347
1459756345498816512
1459756347377930244
1459756349462441996
1459822518517198850
1460132971625676800
1460203290138873857
1460203300029038592
1460479001474994180
1460535687023710211
1460548399418068996
1460565048967852043
1460584865494011915
1460871607526719488
1461245825946841093
1461265452047290376
1461353039529349135
1461564984576544770
1461564986786934792
1461569448372965376
1461591940055502848
1461617290705653764
1461652780033081347
1461977105848147970
1461990097293697033
1462012720128028678
1462016414760402952
1462024966434484230
1462089236702654469
1462343842485522437
1462417334400806917
1462676505234853889
1462722598773485569
1462735047375536129
1462745277618524160
1462806921065291781
1462978185151217664
1463003999641034754
1463047112594055171
1463085275739951108
1463171838905929733
1463426441517826050
1463428459405869066
1463436375328362498
1463436382878138371
1463462897888088066
1463819849281388546
1463821650525245452
1464090245570330628
1464130968449548294
1464174672145117185
1464235159813722116
1464549282413903872
1464591431998197765
1464623735533551617
1464623738956120064
1464623740726038532
1464865587721428994
1464913939423137793
1464931805576843264
1465189182259691522
1465216321835061252
1465238561452478464
1465273777860722692
1465273780058484751
1465291957123518471
1465306745819987968
1465340842994847749
1465343549923229702
1465355003279777794
1465583701908094978
1465589894730768389
1465598420458958850
1465598512704282624
1465885597847810051
1465943195141881857
1465946955113066497
1465993735397724166
1466001692093157377
1466274885634715651
1466392028816625672
1466680786308911108
1466680789743980548
1466680791769907201
1466713898367684610
1466729501539258371
1466985811409137665
1467036720134705154
1467716906828242949
1467749896530788358
1467763186862485505
1467803587245871105
1467868236532174848
1468064859128360960
1468129057799696386
1468129064028307456
1468187070698979329
1468188622054510592
1468243639059070977
1468243641558867970
1468485033061015559
1468501769869139968
1468505717833273347
1468513062860640256
1468516121628143616
1468525329010495489
1468597595190611971
1468597597728247808
1468639501194915847
1468814324873400321
1468844021200011268
1469201129015705607
1469217397017960449
1469225897911742464
1469225945181548545
1469267534847250437
1469277892706127872
1469517782349848576
1469599386174820355
1469655834154000391
1469667654986125315
1469873337761353730
1470318544931876866
1470587787820683269
1470717668495802370
1470718022209785859
1470718030787137537
1470718039251316742
1470775967819964419
1471022471402770432
1471042912108482567
1471348136127852544
1471384440496541696
1471402391777906689
1471739702642282496
1471767464295895042
1471767467168960514
1471786794869874693
1472037985520549893
1472068498037751808
1472143347829538817
1472143774339850240
1472144108823080962
1472231805956677640
1472231808947277829
1472231816035586050
1472464125842190336
1472586285567016962
1472598647414026243
1472810708886687745
1472846622807638020
1472846637588353027
1472957304941133827
1473214034224697344
1473246014026883075
1473261535803764738
1473614505988935688
1473867925148758016
1473961864128200705
1473962158593433603
1473987869567905802
1474066742020243457
1474230217237401611
1474278780252217344
1474278795418898436
1474298810327187457
1474406008663379971
1474608002246217728
1474987729742020613
1474988809414582274
1474988817929039872
1475002011917553666
1475049794900934656
1475142416428535808
1475145717186371584
1475145719031820294
1475379229160194049
1475380312255303684
1475489435017879554
1475788215046971392
1475788225004199938
1475859222260707330
1476122151199543297
1476214314084155395
1476224922443608066
1476468283746357249
1476506448431497221
1476506454991405058
1476577967425789957
1476631516469882885
1476631585617186816
1476631693242949633
1476793911871881216
1476794014850453508
1476866266442858498
1476983997129498625
1477122183109349377
1477160390400167937
1477189380150202368
1477556024261296130
1477918921038594048
1477949672190734336
1478264648323325954
1478289716705304581
1478403520978059264
1478677895799214080
1478721878302728195
1478966442938617857
1478992912146862084
1479104349317992448
1479329383332544517
1479392228778790913
1479467487196430338
1479477135714631682
1479787093819723776
1479787100530569216
1479787105648017417
1479863042372354049
1480100438254899205
1480446082744127488
1480446086989123584
1480466917194285058
1480489802688389121
1480507288762793984
1480758885963034629
1480805418955800587
1480842657425330181
1481142218522251264
1481157036528537603
1481177139106181122
1481248353388462085
1481248488625426441
1481311914949246977
1481448181586362368
1481456634862129153
1481510402777554947
1481529653311336448
1481626412373389317
1481679674333798401
1481686793095610368
1481686812779487233
1481686835491635204
1481814139119226882
1481814148195713025
1482221355877937153
1482221370805465093
1482230437431103491
1482251686207197187
1482971198795370498
1482976312041959425
1482984864148164608
1483041324559335425
1483041340044701703
1483061528920092672
1483312347938983936
1483351404433444865
1483450522413989889
1483710898829422594
1483720988831678464
1483741499229892610
1483837420873207808
1484067056605888514
1484097283755233281
1484198102097534980
1484198122234396672
1484429521936093189
1484454626296430592
1484474714810503173
1484486421863809027
1484509167490506756
1484572011682623491
1484820584198717443
1485130396841148416
1485154328965160960
1485221762451521536
1485241029771272192
1485249369989578752
1485510296181800960
1485861389432651778
1485888080766988290
1485903874934259713
1485923476837863425
1485954354675056644
1485995618107822084
1486188141421953024
1486209104565932032
1486253426908737537
1486253436014575616
1486253439164518401
1486253446278041603
1486253453966209024
1486271211126804484
1486276497442996225
1486276507555500033
1487317957160042499
1487326391679201285
1487667841205637120
1487691791193149441
1488069120067514369
1488449079474819073
1488509333247721473
1488528653361336320
1488550778801299457
1488792486436696064
1489094252709617666
1489109604772433920
1489109606693359617
1489239936012193796
1489570642382909443
1489866348410785793
1490017639241945088
1490194485195653124
1490202330146357253
1490216267810103297
1490299546257457153
1490332285500936201
1490632017108602884
1490655630352592897
1490704295691358209
1490717109067735045
1490719957604192258
1490940565974044674
1491002822913310720
1491019087014940679
1491068074476576771
1491087375027814403
1491316142555942913
1491332887698087936
1491368444767633409
1491376978729275396
1491412941681623042
1491742312850149376
1491779698656899072
1492018729210712064
1492062787069116416
1492102147055714305
1492149030171734017
1492457682686472193
1492466860876791808
1492517868121985025
1492733627523743744
1492733629281177606
1492740367371759617
1492740369619976198
1492835157677862912
1492847628798738443
1492847636184895493
1492852741479157760
1492852743832170496
1492890685048950784
1493192755644108801
1493250943277617153
1493250945223823365
1493250946834464768
1493267035429560321
1493551517940727811
1493591106810183680
1493596659120578562
1493648164632424452
1493934264190386177
1493965686992867331
1493990677897564161
1494213822051086336
1494271062892511232
1494287165705969664
1494350429479530502
1494677730184482821
1494911201075073028
1494918524791230465
1495310966908604417
1495603254318833665
1495603256520843264
1495658121498611715
1495751903648808962
1495761329839382532
1495951971249176576
1495965541424668672
1496084610870308864
1496114905358942208
1496400377599578112
1496437703130464257
1496513912027906048
1496513920747679746
1496766440988315651
1496775630708379648
1496826304649302016
1496862519503114240
1497143532510875651
1497143564685373442
1497152904506974214
1497214172631035904
1497248079338033152
1497438852578889732
1497480918579113985
1497517773987008512
1497776489969844231
1497808654652743684
1497936998803206146
1498240799787864065
1498296222989250569
1498296227967815681
1498296236369084416
1498314003914711044
1498314011112132609
1498314024001310721
1498334906862080006
1498334920032153602
1498337101812617221
1498485306022313984
1498490031711068163
1498538986196725764
1498616831992418308
1498637568639832068
1498658677041287171
1498658845786505219
1498659720705736709
1498661136782471172
1498661656272207873
1498661832332308481
1498662167767556099
1498662347300569088
1498662873698299907
1498663643390816257
1498663814342262785
1498664009712955394
1498664351510982662
1498664771864129541
1498665746075119616
1498666062661185538
1498666657300217856
1498669457916706824
1498670039456960513
1498671419521384448
1498671507073269765
1498675421097099268
1498675557189681154
1498676312642568192
1498676905188691969
1498677461336604672
1498678631333515265
1498679331438366720
1498679701971566592
1498680217078210561
1498680435786006529
1498680664803385345
1498684005906288640
1498684258910892033
1498684338527170560
1498692437304233989
1498695027085561860
1499045269731627010
1499045271186989061
1499051158861537285
1499051161227202569
1499260059385163782
1499288520329814017
1499319703256199171
1499412271113461760
1499628582175318017
1499729367571714050
1499729370478379009
1499729372172804100
1499760690046771202
1500039902292893708
1500365614803652612
1500365616909225984
1500478777004277764
1500502193115308035
1500502405737115654
1500511282880921605
1500684613324193794
1500699450217738244
1500714335181553667
1500727262362046467
1500754531184873472
1500765027862646784
1500765198675636230
1500842008264335362
1500864737554227202
1501048338744954887
1501128286235095043
1501128307647004673
1501128314563350529
1501128333639098369
1501128354094673925
1501128366140710918
1501128382989291520
1501128389251375107
1501128451163504642
1501128462320369666
1501128471107436547
1501128490409545729
1501188261846609928
1501219729637212162
1501455232068321280
1501492348030578688
1501492358403092484
1501492367089496071
1501492375943725058
1501492386416906240
1501492398647435267
1501515754016952322
1501831428199239680
1501916440005275649
1501958425290240000
1501958431464255490
1501958446010101765
1501958456298786820
1502168218642759683
1502295621587202055
1502523504670826496
1502523579220430848
1502603039756103681
1502603118478970887
1502664397809860616
1503276301494337539
1503369918338637826
1503397304794984453
1503405803234988036
1503408299336560640
1503625336856412160
1503638861066383360
1503653575422988288
1503704458470952966
1503778178744999938
1503787611957051392
1503939455014490112
1504022646631010305
1504058402451832836
1504087364250968070
1504385510151622657
1504449175567491079
1504782890617298947
1504815985756278787
1504834150364155906
1505127919374401536
1505140317174984706
1505151588645552128
1505189225561395205
1505501675510919171
1505801785973227523
1505802614369185792
1505812867974541313
1505842158586146817
1505877982790836230
1505904380507172865
1506123979752321025
1506164669265813511
1506164670826094597
1506168056174706689
1506526236117401600
1506566424302526465
1506566428178014216
1506566430744928257
1506591037594079234
1506599173923094529
1506609272053927938
1506629980419411969
1507259989781479424
1507290215165034498
1507356084843184128
1507378166968463360
1507386408062775296
1507399208260698113
1507413545096384512
1507415217021472771
1507442624134725632
1507635228428611587
1507650451574976512
1507684226623107075
1507740414828167170
1507773874263379970
1508051737831096320
1508051748040019968
1508051758261563392
1508314500641947650
1508326753978052611
1508371483487539204
1508418243056189441
1508432891218644997
1508433370849898496
1508487632463941633
1508691486988144645
1508729065158500354
1508741182012399627
1509001534138290176
1509001536432603138
1509125984607383554
1509193879039270917
1509515528788135941
1509545194898690058
1509545197155225603
1509774337620213760
1509780771191799811
1509800626334568448
1509815702076592130
1509831724603125760
1509831826025582593
1509835711565819904
1509835771070455813
1509915869702283270
1509927346437963782
1509946138148802573
1510115160676974598
1510214679486156800
1510272229451333640
1510272238016086029
1510281278431453184
1510281281631780864
1510281283204571138
1510281289185734669
1510474153480007686
1510573727666253824
1510575257333100546
1510878238771318785
1510900330225041410
1510996158696476673
1511180452727783428
1511189667835953154
1511220300708724737
1511254527197863941
1511254974419726339
1511277230105657352
1511277756243275777
1511304383761313803
1511660793028550656
1511675084158779396
1511688196471492612
1511745561153589249
1511935297805701122
1511982346655830026
1512008576079785995
1512024353348628482
1512024361938546692
1512069508780896264
1512096146268721154
1512281451978702855
1512287945377521668
1512312234625552393
1512350823673888776
1512420102817280003
1512420104687869954
1512463965900533764
1512692834867982336
1512731357419433985
1512731369272594438
1512735930687574018
1512735935909478403
1512769364499791880
1512804412674117633
1512804418764226563
1513006061841575941
1513142785548828673
1513150873601740804
1513186773907636229
1513186822418939913
1513186885237043203
1513385110594207747
1513412986542583808
1513427225273503745
1513442325934276612
1513906923904507907
1514138407378685954
1514263060562722828
1514276937904001029
1514277292242989059
1514492781439315968
1514542259051458560
1514639342156742656
1514826540889956355
1514895353702588419
1514895535655710724
1514935364930400256
1514966233820532746
1514980011895566338
1515193166978490372
1515247315446951940
1515358562125434883
1515367527286652930
1515548890459951104
1515577799045640197
1515689369960693760
1515865194001416196
1515976342705442818
1516049566659125250
1516071782872145928
1516315794342223872
1516349444634992646
1516380983477489666
1516438135936151552
1516621097239982086
1516625817513885700
1516628769192411136
1516637736136224769
1516668234992291841
1516700723886444544
1517063993961066496
1517169092871942144
1517430857883353088
1517464174300831746
1517503756501667840
1517531311677706241
1517738174197288960
1517744647187365888
1517774201750401024
1517823877434712064
1517825704670285824
1517858229908164608
1518095135313383424
1518127903690477568
1518198154012749824
1518215233466437632
1518466297398689793
1518515599856467968
1518598900181274624
1518624682785710082
1518831294339489792
1518870088211783681
1518986179147755522
1518988314077896707
1519190741993488384
1519190744879140864
1519190747584499712
1519190749903876097
1519214772733890560
1519326999256330241
1519342282327019520
1519344397975834624
1519609225156042753
1519610145088581632
1519610152927723521
1519671297739206656
1519948301420105728
1519995082262609928
1520044942143356928
1520061890537603073
1520092243163774977
1520261619246563328
1520305978377342976
1520348332002279424
1520406057977217024
1520436477594726401
1520608079095955458
1520628754929754112
1520768208277733376
1520791568709394433
1520791571616067585
1520791573377654784
1520791575227293696
1520791577332883456
1520791579211960320
1520791581326200832
1520791583393673217
1520791585155211264
1520791586858184704
1520791588770746369
1520791590591033344
1520805699135041536
1521003051972427776
1521026759424061441
1521454741678485504
1521725013782540288
1521813739020124160
1522094255447044097
1522121487813312512
1522176173907664896
1522427563905150976
1522427567977885698
1522505566014246912
1522505669084995584
1522789879381250049
1522797077046390785
1522835825242742785
1522900466127966208
1522941491550720007
1522953210691870720
1523187014236991488
1523561940361965568
1523563734769160193
1523868470777376768
1523911577208258560
1523976279405432833
1524250955843534849
1524257204869554176
1524306349756059648
1524414170694754304
1524675024774643712
1524681480525729793
1524720053404708864
1524741644347899904
1524977807520333824
1525008340186648576
1525055068537442305
1525055090926624774
1525055098149212160
1525153312424591360
1525153315104796672
1525303297103433728
1525380830805209089
1525380839856517120
1525380851638276096
1525380864745480194
1525380876028157952
1525411951223877633
1525769947447644160
1525783558878466048
1525873640788852736
1526074070386999297
1526091529646768128
1526135695781154817
1526439655939649536
1526514113668841472
1526514150503251968
1526552724120440832
1526576909265514496
1526599427061796865
1526795585906364416
1526821619863539712
1526827548667092994
1526827551322017792
1526827552911728640
1526886372812136449
1526893335251521536
1526918258682499073
1526918302630432768
1526935407971434499
1527140611786436608
1527149243034923008
1527162540106473472
1527162571236601857
1527162574201946113
1527231363673272320
1527231365426446336
1527247678350184448
1527297440323280898
1527493995584098305
1527498669762564096
1527509815744167936
1527571207771410432
1527571214561996800
1527865558682988544
1527873811282296832
1527895337939402754
1527940508776968192
1527954844815831041
1528298269079588865
1528300201001111552
1528300437987700736
1528599749771030528
1528691887871098880
1528959349262909440
1528974533033861120
1529013697254809602
1529013731690065920
1529013790376751104
1529013806705168384
1529044016574377984
1529076136742752256
1529076151993348096
1529337308083892224
1529380784523530240
1529409930561990656
1529436187873665024
1529505387677769729
1529507982274224128
1529508002683752450
1529745528543539201
1529808329203130368
1529862462681407508
1530052763433897984
1530109141917880321
1530154398160023552
1530160569054994432
1530226143307046917
1530468866429554688
1530468935593693184
1530509203059552256
1530519027818598400
1530527232896434178
1530564628370948097
1530564670100082690
1530920488976781312
1531138403802415104
1531171357806825472
1531206406191591425
1531230039110365184
1531231201255493632
1531238975926480896
1531247855239057409
1531256665726590977
1531256668494802944
1531292524425322497
1531481475568537600
1531505593693130752
1531508391793016832
1531527978429317120
1531537629493460992
1531539369768910848
1531555117010300928
1531598925618024449
1531635709911904257
1531956377542725633
1532244616929390594
1532277501526876160
1532281918087016448
1532319455790829568
1532381196054720512
1532381264820375553
1532381281555689472
1532569408740409344
1532572974687322112
1532578623873380355
1532585395367837696
1532596636584919042
1532601529051381760
1532601599868035072
1532644398248255488
1532655937839779841
1532681188824911872
1532708180735967238
1532744288785772544
1532951122268151808
1533008780002086912
1533008818916864000
1533008850143457280
1533098871311564801
1533098922205319168
1533321283634548736
1533339477837459456
1533489969771139077
1533489992164515840
1533670649742659584
1533764327064236033
1533770905729478657
1533827297123307521
1533848765248901120
1534091134254780416
1534091145579352065
1534091190080966656
1534091216924463104
1534091227569655808
1534155739157082112
1534212625470738432
1534386353743441920
1534413166796734464
1534456863353319426
1534511737612795905
1534541680568721411
1534541911796527104
1534796964780355585
1534796971780632576
1534929264817995776
1534930540444364800
1535156236643028992
1535192720469241858
1535192733714763777
1535192746465513472
1535192757194502145
1535192774814756864
1535306987512029187
1535527381871448064
1535527395653914625
1535584633848401920
1535636605888651264
1535656664157655040
1536184707016056833
1536184709687803905
1536184711835332608
1536184713764737024
1536206816585330688
1536260710417588224
1536282517522722817
1536282520215384064
1536336571179249664
1536395066222051329
1536597007539720192
1536656534016364545
1536756385538461697
1536756388910682112
1537444831420481542
1537673629986529280
1538094114859671552
1538133241860804608
1538143150421618688
1538389146347003904
1538409735933677569
1538458109537943552
1538536035356774400
1538536037697261568
1538770402846965760
1538770404528902144
1538770407968231424
1538779353139384320
1538884208654839809
1538890987820314625
1539231254960218114
1539255038664900609
1539591039912030209
1539868393980841984
1539932539229417474
1539960612377075713
1540294943918370816
1540350078560350209
1540556610833371136
1540563472261427200
1540589520587919360
1540904335160123393
1540921571430506496
1541646733863976960
1541739683029209088
1541760001185746944
1542010174063661057
1542028756097060864
1542056881987850241
1542063497395073025
1542168975257137157
1542187426398908416
1542355101247242240
1542445424849498112
1542736523505778688
1542749435259564033
1542764828720107521
1542925033848197120
1543108314678325248
1543209282753089536
1543257334037655552
1543257541039177734
1543538544119250944
1543622797745737729
1543623120459669506
1543836786581188610
1543866777318215681
1543891237169614848
1543973932557930499
1544196045189828609
1544287222559416321
1544288726594990080
1544613436205674496
1544632620914393089
1544632632599711744
1544632643286749184
1544659695142461440
1544759659256369153
1544893566136201216
1544900483654987778
1544908573997613058
1545110907021193216
1545390089634623489
1545419649554485248
1545455213628182529
1545455224491368449
1545641649824727042
1545650627866288130
1545650630378672129
1545652397103464448
1545678777367220224
1545698261964447744
1545698272085286912
1546326303803990016
1546356998458843136
1546813464772956160
1546825621447225346
1547077292156862464
1547223664940048389
1547774786532548608
1547789964347289609
1547925347609456640
1547925355511484416
1547959107423858688
1548224615972868098
1548540362175553538
1548575518647144448
1548575521138569216
1548683407638466560
1548693083239301125
1548920859313983488
1548932852556828674
1549012927629275139
1549350217069182976
1549401035063828486
1550107709688520704
1550134588323745802
1550483479686549504
1550483481452457985
1550483483176230912
1551072289168375808
1551143463055282176
1551429851143602176
1551439384901169152
1551577126700167168
1551803222012346368
1551950816008777728
1551950829480919040
1551972007176069121
1552148947762036736
1552259074334412800
1552284079256584194
1552339380991193088
1552616601366970368
1552704795152044033
1552704805142900741
1552704815985135623
1552704826923896832
1552864057224376320
1552864115156086785
1552882940136554496
1552962836745269248
1553249025998344192
1553285579055308800
1553332141076779008
1553601678561415168
1553614763178897408
1553667527963987968
1553751774787354624
1553993271260561411
1554144737262612480
1554342704699822080
1554362486551240705
1554379480226942976
1554390776024510464
1554428005497585664
1554699114398433281
1554842136167665664
1554842149836926976
1555100132453933056
1555219738191532032
1555551950493454336
1555551953509240832
1555794850108538880
1555800368616914944
1555804994619592705
1555851845200818176
1555904619666362370
1555932913656442880
1556103153627856897
1556112386473734145
1556113978597978112
1556181995407167488
1556182047580094465
1556187177213923328
1556489784217915392
1556864039040401408
1556864065841942528
1556982721452593155
1556984175986556929
1557069719294709760
1557069728727764992
1557069740832567296
1557076393175175168
1557223689141522432
1557322081187926017
1557381662039691264
1557580070662770689
1557598619435315200
1557712782312632320
1557729599458459654
1558013813605015552
1558476331955785729
1558804652254044161
1559016180932759552
1559035990609575936
1559094997768495105
1559203347780886528
1559515491311398912
1559741141754425344
1559800127107186688
1559801855634391040
1559870964816494592
1559872932460974082
1560128908673961984
1560859523648065536
1561245122666594304
1561580283081633792
1561589233403691008
1561589238197624834
1561951891050795008
1561959492253691904
1561959495315513351
1562316312373694465
1562408832277524480
1562426281110646786
1562451348888633344
1563047182428581888
1563149619156029440
1563760742817341440
1563760746470658048
1563803828859781120
1563803833205022720
1563803840842936321
1564137493535940608
1564188272099610624
1564300538316857344
1564494658222190592
1564929429830193152
1565203603291533313
1565220336592859136
1565600707134205952
1565693474145718272
1565718831212834816
1566011807789068288
1566307661162745856
1566613727423909888
1566617307337863168
1566652129506643969
1566661612223602688
1566739286803697664
1566741203852267520
1566765878309359616
1566776914651619328
1567453845923704835
1567462057796341761
1567497670398451712
1567497685363748867
1567744608289050624
1567744612915359745
1567759188146925570
1567943288895995912
1567943291509043200
1568630289295110147
1568980884749193216
1569188554181591041
1569953594786611200
1570076126508384257
1570235019146461189
1570246415728910336
1570307774445408256
1570626881002807296
1570637168321892352
1571003347402104832
1571044456513798144
1571059315754270720
1571407444441698304
1571537227494334465
1571696106995843079
1571696197374709762
1571849985590951937
1572089404684144640
1572502925402079232
1574260852345417729
1575407649465675776
1576097876396036098
1576212099272888321
1576249809882603520
1576423363555504128
1576585529214504960
1576927579939880961
1577583742058582016
1578312401283592192
1578695787113984002
1579003446799134720
1579062052932329473
1579334385308139520
1579400445571010560
1579400456350347264
1580931252424581120
1581489388088721411
1581578279223709696
1581578289914994688
1582331132367937537
1582635928815689728
1582683438733492224
1583444683359129601
1584925323208318977
1585223367468384258
1586577995170390017
1586768277274972160
1587347927294304256
1587808878556692480
1589465211681271808
1589568394290139139
1589857603286634497
1589858850684796929
1589903613941252096
1590988068806270976
1591014707217190913
1591109565516779520
1591365200187650048
1592005703874777091
1592082907442515968
1592180061276639233
1592190707280007169
1593112050582290432
1594164459358261248
1594168317644009472
1594237504194236416
1594979637704421378
1594979649217785856
1595729435801448448
1595798346018746369
1596509009661792262
1596866968979529731
1597207532715794434
1598559044507402240
1599972009525805061
1600801497826021376
1601518644944457728
1601518904505143298
1601918786294386689
1602121400789405696
1603314604448174081
1604013375083761666
1604120823647698944
1604513337353465856
1604552501612933120
1604722685602254848
1604781894150656000
1605401152001957888
1605590145134383105
1605908852444397568
1605944401435365376
1606174618418417664
1606515576775798784
1606670249197469696
1606670253563707392
1606670257065971719
1606860835783344131
1607051732806414337
1607051737176879105
1607251741250289666
1607251753246011400
1607356624787898369
1607419399753043968
1607689407150047232
1607740409488494593
1608000483377156100
1608068488010297344
1608450125512278018
1608649126908137473
1608678815055892481
1609089481679986688
1609474540715012102
1609603402039984128
1610183644005666816
1610254833432530944
1610265166465335296
1610516441694109698
1610842351869784064
1611298399407734786
1611391458745159680
1611761681419599873
1611989805629607937
1611989813414203393
1611989818262847489
1611989822616522752
1612328730260803584
1612480089203302402
1612840240397574145
1613726660121223168
1613947343493267456
1614124047947935744
1614159026169974787
1614174199928754176
1614434818871230464
1614513176711921666
1614543624309727233
1614644984971694085
1614855367036653569
1614855372820598790
1614855378424205313
1614855384493326336
1614866976219992067
1614866987305533440
1614866993617989633
1615701617072037889
1616113235404681216
1616804860644708356
1617070421798703105
1617378168222150656
1618135146972184576
1618165138917593090
1618274043945422848
1618274186354647040
1618490973251833857
1618498092646514688
1618571647874912257
1619311883609341952
1619602315400613889
1619723254725484544
1619936261200035841
1619936309212233728
1620071948259844097
1620359380431679488
1620412433197309957
1620668044132638720
1620723228288385025
1620791604658450433
1620799363311366144
1620825047274487812
1620832969551413250
1621102243239034883
1621361755833380870
1621361792843943936
1621875815670775808
1622137389199298563
1622507353538199552
1622639953091121157
1622825044006289408
1622825147471400966
1622910060111491072
1623237951374381057
1623285712014671873
1625320985758146561
1625788886273368064
1625822128464330752
1625893567020556288
1626128896017182720
1626805563811299330
1626946324448022528
1627330289545646080
1627578322392879104
1627693813929246723
1628053743525822466
1628059354078543872
1628060972727341063
1628081471968935936
1628787441460211717
1629177934920708096
1629450016778772482
1630083156547371008
1630760822392918020
1630795638685437952
1630857247516655622
1630862421043867648
1630959969981054976
1630967382008283136
1631683037699403776
1631963608904241152
1632031977527468032
1632051230720802816
1632317747479846913
1632363377027870722
1632394899273424896
1632408731827978240
1632409751060623361
1632428775156912128
1632439558917984256
1632601043342364672
1632671139997847552
1632757501530869760
1632779047766994944
1632963366431109120
1632975447263940608
1632988456493404160
1633005497338204160
1633014239295320071
1633038725352673281
1633148920317763585
1633313266251476997
1633329356138336257
1633368065697259526
1633396170356817923
1633396175918501888
1633396178242121729
1633419582089342976
1633505588591173638
1633505594823909388
1633505599840215040
1633656349455429632
1634164754280493056
1634207289497337856
1634237076542722048
1634444686474768385
1634490673243074560
1634542564488667137
1634560342482202625
1634576005745770496
1634743515451371520
1634963437611790337
1635121790195503107
1635125854404767746
1635203309186195459
1635507581082030081
1635580977702637568
1635856863576342529
1635901030088216576
1635916051396591616
1635936237059194880
1635956869054496768
1636259285545136130
1636600317864448000
1636638456238739456
1636692554820501506
1636692930743373828
1636701705827139584
1636742019203883008
1636751458682146817
1637044573125103616
1637056963300429824
1637824046003011589
1638065152766668801
1638164413914963968
1638367391758286848
1638406588498161665
1638460052943302656
1638535499517431808
1638570685424619521
1638770211376762881
1638822498413453313
1638874401717493761
1638888036099584002
1638888038976880640
1639239948510593025
1639561142162038784
1639573672066428929
1639646194099187712
1640352573298442240
1641057640141967360
1641066816469626882
1641408143568805888
1641642312274182145
1642207051903381504
1642850976041426944
1642903060530839553
1642932128529940481
1642932132451610624
1643167329080193024
1643241234344071174
1643274727493079040
1643283713902493698
1643589684113870853
1643628812570173440
1643872514173730817
1643939099810861056
1644008112029044737
1644712208251625473
1644964106154422272
1645402276629221376
1645402400071745536
1645635242492039168
1645700947245694976
1645797338466897926
1646168692839833607
1646369717899395073
1646385548138024962
1646740074342809600
1646751611866300417
1647071606072815617
1647137865212772352
1647141243435233281
1647194003870470144
1647274046470631425
1647274075344220160
1647460531878473729
1647826079988740097
1647858205232631808
1647910666244870144
1648188808519880705
1648231428776398848
1648277762120253440
1648637278280122368
1648678160110878720
1649008217719201792
1649400963630002176
1649418374114410496
1650017551097933824
1650375409748561920
1650532397618987008
1651081574514049024
1651098186180853763
1651098201301356545
1651118010294472704
1651152881263984641
1651243295899795456
1651443082314010624
1651510473337241600
1651610694792671232
1651859675917459456
1652176805976240128
1652233495278936065
1652252426475393026
1653002617868685312
1653219967700017153
1653647972973023232
1654073557675311107
1654347151126990848
1654811832488710144
1654812039867674624
1655076619839746048
1655151909504958464
1655265830597447680
1655458122444730370
1655596824172851204
1655827854662451201
1655868745355780096
1656618874517979143
1657316644400553993
1657406707096752130
1657418187573690368
1657601776047259650
1657625580110766083
1658103445835124736
1658499194569764866
1658858110973517824
1659084226808143872
1659229544132521984
1659443922081554432
1659555700220264449
1659768523290480640
1659780958772662278
1659854889160245248
1659903177863606274
1660220920655646720
1661229618203074565
1661252409887453184
1661317592060149762
1661623384541892609
1662130456232599552
1662311113546141697
1662326109340590080
1662368720801640451
1662648342739030018
1662791849864753155
1663070533280493584
1663136319311347712
1663284377198141441
1663906643782914049
1664117137311670273
1664297487941918721
1664496282445189121
1664525880801267712
1664661524470964229
1664841047246262272
1664872007698358272
1664884804708626439
1665030374978879490
1666469403389739008
1666826196171243521
1668175389351645184
1668590669416501250
1668641170459852800
1668849436859195394
1669192216835944448
1669244683292381184
1669737424988282880
1670352195072708608
1671550015997878274
1671920681880285184
1671924003311853568
1672822838737375232
1673739823641935874
1674064670833901571
1674413588948320259
1674991583081680896
1675006557619380224
1675169236094955521
1675371628392509441
1676093901424459777
1676619806051794944
1677157144087629825
1677164073950273536
1677186497148252166
1677225265330794496
1677368368649875457
1678013847557521409
1678351224951934977
1678629002154745857
1679113780897398784
1679354236486946817
1679520882350526464
1680058846507831298
1680080683887390722
1680572445453844480
1680981327091490817
1681181509863215104
1681182770742333440
1681189646372605952
1681857036173320192
1682987380851228673
1685661452907188224
1685936581302255616
1686633676279549952
1686964727988281344
1687276180469424128
1687388549728104448
1687398838720774144
1687709276029284352
1688204136662310913
1688362706989182977
1688768740404678656
1689331250224328704
1689647896638234626
1689915499579318272
1689959429096271872
1690017715870990336
1690212663589224448
1690342691815759872
1690397546215358464
1690429995448156160
1690589905758687232
1690600286249959424
1690960246335057920
1691046467446992896
1691088051378790402
1691337323676626944
1692037280809287872
1692206797338341454
1692232274983747708
1692449098715316604
1692771290447589599
1692780560270475539
1693263968062886242
1694330248232669302
1694347327576887542
1694380407733817829
1694392813834969528
1694718118860607830
1694763951756824588
1694893014580375949
1694986086777594206
1695326705223959017
1695770574314950990
1695787178960515253
1696054176529424668
1696336360389607452
1696815265269633399
1697058429494513682
1697101258472169525
1697107552075755776
1697585879085445169
1697810545012080866
1698191894965350777
1698260372166451583
1698304409300791740
1698509338871030157
1698531226959954128
1698983692818157905
1699693316949057569
1700708832060850354
1700728283623838196
1701884860619714578
1702183587158864184
1702198620169396374
1704185156872065217
1704718025327583289
1705391106366820523
1705447965031337998
1706503315553661335
1707305029714284935
1708850812871675977
1709253443029004632
1709458957725737424
1709820887061639295
1710888147431895457
1712140058277581202
1712726001397194850
1713045410540040494
1713226254738977065
1713421582629032087
1713455962340925570
1715614801991545083
1715629416083341616
1715635363912569281
1716727365794152761
1717801535403676158
1717874245689331738
1718681782890201581
1719166558428422211
1719348561291387194
1720685172683911367
1720743626265755918
1721166404291088556
1721818978660864354
1724768231456739535
1726578995838525901
1727940013479084433
1728663382004555971
1729130965375877137
1729544569774367098
1729774710547001615
1730193262588420546
1730561313175441842
1730811980880252943
1730829953053409744
1730959415069847805
1731277563094561234
1731334125058224519
1731659216392438096
1731727345923596314
1732070699182010657
1732299579755036690
1732318578911969433
1732420793081147681
1732620877672665570
1732703660227039498
1733319356787093964
1734221333326860359
1734420556676731289
1734489566986510371
1734896266554044715
1735186450596135336
1735186635304902664
1735262662626595170
1735551736105029636
1736333042220949573
1736407342231793885
1736616541620506949
1736772383141482643
1737008356827832429
1737019180401263093
1737168373363192149
1737849836165267625
1737867096007360850
1738181988526551072
1738513461381083581
1738537930552164415
1738576063020843444
1738801997741212003
1738935591469982090
1739551328895221927
1739622069107830860
1739878109288264012
1739948958217322543
1740239341883216246
1740724487023374426
1741020942942540223
1741068627699474809
1741120329639174366
1741346845396554154
1741825927389360431
1741869095136702574
1742161192691662989
1742432437207245143
1743216019932643704
1743294929944928685
1743511205887766877
1743607743704158230
1743692102083756432
1743986076220567682
1744331716012146850
1744546985775095846
1744584931043368967
1744963968236671225
1745422732207312929
1746201054453059675
1746417614799397167
1746434541643014302
1747136980683833734
1747496555660316821
1747910686108500161
1747924418750541923
1748312073132794134
1750093435045036472
1750808918341865663
1751859467367702808
1752240596205343114
1752603654350356712
1752641613501776054
1752703783480787443
1752965252281770381
1753647710723281175
1754361841353117982
1754551793672237192
1754754697972638032
1754756421877678286
1755093194575089983
1755864070266527797
1757319981870846325
1757746691959357592
1758006713754792329
1758058700491956704
1758431483608613231
1758805221999001796
1758890075885375929
1759436178455953526
1759596392040063162
1759943060916437117
1760160861702754432
1760196229672423585
1762107753542373503
1763449277920301065
1763501466877415692
1763547667437846699
1764603388032131089
1764668410557092296
1765619328815419424
1766054672832577686
1766359582878957805
1767199091896025350
1767424692787540268
1767530406717641074
1767911301987373287
1768294659686899921
1768530288223924270
1768916634520199348
1769408513632281032
1770096621734494493
1770309530821226621
1770852246290403722
1771065380888293830
1771122929113460799
1771395164315259372
1772122599558099085
1772150901098119567
1772505461188657615
1773263758061863095
1773929903215542437
1774665942947299666
1775387425705279649
1775451125862248633
1775750941406593338
1776868797582123516
1777528529942352218
1777891165574144167
1778658599469764796
1778814837591556595
1778826148149067862
1778835588868977100
1778986217436336211
1779189422199840968
1779396682691625104
1779421851137036410
1779769228226138524
1779779827840471280
1780075576180498681
1780277998450516278
1780452375922172102
1780483267998744701
1780487505332105426
1780536140606427492
1780573157268590622
1780874844705259727
1781165136990134303
1781896852667072935
1781929409437692124
1782268884810449219
1782401541338759657
1782699808404406722
1784084242496155683
1784194609637417188
1784217847134318662
1784502588907659680
1784816151450775730
1785513101695316336
1785528099498803388
1786340451035017628
1787352232587035125
1787656092694237316
1788532549658251333
1788795105203421388
1788827026746741095
1788898729480905127
1789514121316127214
1789519659475058877
1791324329332093159
1791677075952443594
1792428302512386460
1792855795681697995
1792943429019717636
1793602300034023889
1793654526781821371
1793841364163289574
1793992673981874203
1794607385090150860
1796420514149474375
1796773117299507342
1796787193689866597
1796910229050831092
1797131755578933485
1797249835399090504
1797440565274911097
1797507516709962138
1797523664138887660
1797533545109635448
1797539566288806009
1797926738510729339
1798020912240898092
1798040272259174825
1798245013748674792
1798319182477734171
1798319349687844887
1798385517547168036
1798393528982372718
1798740730133004336
1798971659711582628
1798973996979114399
1798981033834295520
1799302872414421342
1799466058354770096
1799472103168868674
1799693542308340098
1799707001775366414
1799716959749353647
1799846278328979654
1800028605818470871
1800389459072160071
1800518328672268728
1800526111799177631
1800556188230160610
1800790323855335873
1800817355548762196
1800851521459949608
1801075410891080034
1801159966113370506
1801174144911802822
1801190942377943215
1801213768208457962
1801238975124058319
1801287951277515114
1801488574384058595
1801566424714121257
1801601996862144948
1801874645303574936
1801905219183272185
1801988098026299523
1802004546320785681
1802215731636936873
1802227522941370588
1802241218195181854
1802269446956085522
1802317016625279226
1802317078856405125
1802317500643750311
1802332348455002555
1802347805111128394
1802347825730109589
1802354935545332183
1802373692741362074
1802723422595887340
1802995260198638006
1803022497694277745
1803264767685173295
1803443062888366276
1803452076019638347
1803639146348696061
1803691772419125629
1804024648314589504
1804042693594485012
1804084960183099671
1804162418807050517
1804732042305053145
1805101828326949034
1805175307898650673
1805200690551107690
1805470318821064881
1805500893456220546
1805531069586063848
1805646853276680311
1805828758974193696
1805934036415582254
1805983584479776878
1806186393426620471
1806241298409816311
1806299734174580996
1806350661753451002
1806648296477507904
1806717940051607961
1806978564014977125
1807115714391945351
1807328107558211624
1807328118165606730
1807328130085859366
1807328140932329930
1807328152823214364
1807328164168827365
1807328174251925708
1807328185807184095
1807328196326461823
1807328207336567139
1807328218820608251
1807328229172134377
1807328240895246463
1807328253402615906
1807328265322864669
1807328275670184196
1807397066177659118
1807645614722981907
1807649211510620212
1807650727638229335
1807683991094571270
1807691722505527323
1807701448588980596
1807744223560823275
1808104043878781416
1808161232010072425
1808415400683569587
1808427655860986348
1808791244899799286
1809036978966470795
1809218775260299581
1809259772014735775
1809433437667008596
1809547865255006684
1809549057141899277
1809845320450445790
1810231228198461916
1810245875353993568
1810282074521153986
1810551252721324481
1810582604200190173
1810585641379676597
1810631041172042229
1810977138725519656
1811294525500936474
1811310861819990493
1811327068866507188
1811627644288659542
1812074197130133700
1812124704343208378
1812124716737364199
1812426004788343204
1812720022516892140
1812723583036375477
1812742511536083003
1812761037349024001
1812761744428908887
1812783346533253570
1812796145975890430
1812804360021409952
1813150229547655303
1813786997766656484
1814230670731845641
1814278204091228544
1814548560882639160
1814576372888842428
1814579004680380468
1814642995263906246
1814884602277998747
1814895982716354916
1814977637632397740
1815314331996967016
1815426936212275367
1815678453150335448
1815700072648028204
1815767554629284336
1816026882649051161
1816043755390263329
1816110477568794920
1816368669280329788
1816385733994889538
1816446288663298360
1816701628462100689
1816716000475168771
1816809850988593611
1817009510633902572
1817095021667189211
1817114144828781043
1817204383928758762
1817844846687830387
1817868585152495732
1817882468483293228
1817901421096030463
1817919766126067734
1818151366612885738
1818200367399862723
1818532120958320642
1818604928035963032
1818926529222459680
1818965920209096715
1818993198821491161
1819040276062875778
1819337616707539103
1819404590787580347
1819630050662404356
1819652242024075584
1819699898947674130
1819749539898695805
1820002046717898754
1820114926792568960
1820115706631065934
1820432802375967012
1820775165308830024
1821069054729228636
1821147246618182045
1821147432887185568
1821441600255348952
1821473614312472678
1821895260311564739
1821908989644316760
1821940889696002455
1822124510839267734
1822136897407263045
1822179002036916658
1822891677419176106
1822899354031501447
1822899706793443484
1822963612442329124
1822976131907158264
1823244088868516341
1823318891101090249
1823384345706426756
1823648039170380125
1823676277942784446
1823705185245364282
1823716179048898951
1823959713341391259
1823960053688271261
1823978973916807487
1824289749588119955
1824356807638225121
1824400851043041281
1824444935669522876
1824661959121281525
1824670245082087500
1824718705462276357
1824836896444526742
1824848064030355620
1824997143226061272
1825105281992311091
1825202952904294712
1825208828306317515
1825376770926784767
1825449538636710209
1825506400614941135
1825552946987422041
1825758741255565642
1825781105535881270
1825790125596352915
1825868467964379617
1825901603553001817
1825925398766432442
1826173885923901717
1826228944682594798
1826461003640700951
1826562064686481894
1826592972617769032
1826630144087425318
1827005253600129126
1827302232737640727
1827389806302912753
1827635070259069290
1828018184789614798
1828350687798776269
1828395625916047584
1828395903671247003
1828431953860649229
1828451314193363055
1828976610370105722
1829026672928047296
1829377456547242018
1829440418385154469
1829544764297117741
1829712514390856083
1830119905804632549
1830130485986500787
1830304277807677719
1830304974506689020
1830312055133319398
1830457680651223410
1830473341343584526
1830624985225789950
1830638898441269284
1830645217554219310
1830846492287930749
1830965593438331322
1831159138279190939
1831166135175372886
1831166981506314672
1831188479625334801
1831320276061274260
1831524827947008194
1831543830996513123
1831554334301282481
1831897267365933429
1831899902517113038
1831915138468758007
1831926355778568661
1832276772202975245
1832287779746934882
1832609441599942723
1832689808960799095
1832825266088902706
1832984561850151284
1833016594433532338
1833045922202226874
1833317787030458492
1833694507503649018
1833744520900751708
1834077230105858188
1834197600574341200
1834412130545918110
1834424401661424120
1834790919427760314
1835144143842246732
1835189527801155702
1835197005070582237
1835213743803732077
1835246846622814589
1835566040975028309
1835634857663160377
1835681078532542735
1835689976178291012
1835854080356335641
1835858712122056735
1835862487553745275
1835866261915341160
1835870037128962105
1835873811607986421
1835877587412726195
1835881361556848908
1835921816508154007
1836038303579013172
1836060720041005318
1836280587281404033
1836297972595687909
1836658319093911574
1836941754542473429
1837515017660354627
1837868459532996616
1837911237897998797
1838168760882020489
1838235333458374998
1838503400972984377
1838602016236384630
1838838709652984158
1838880570744443363
1838891772971290820
1838906401453994218
1838922389851107479
1839130389828481044
1839183630150545519
1839184501949206948
1839533401709170865
1839568669736644771
1839585102231142696
1839591435248566465
1839613189304234100
1839621946520019037
1839707046436102574
1839707422723817926
1839909738831626683
1839955064154116547
1839955849243967775
1839971793295069519
1840007036701905322
1840047226082709583
1840075525152190534
1840242639091745221
1840396245615169974
1840401108168040503
1840678104915681679
1840771201914085722
1840929254156222977
1841008454657302787
1841371616464318856
1841379943017529355
1841861056731160938
1842138054535843923
1842149038495354978
1842200250406121938
1842420346248745240
1842566713621250101
1842604240440627263
1842856960552812801
1843219327035552081
1843239808652439901
1843240159862575438
1843605827241873819
1843690167217070488
1843826520147832925
1843919986282377321
1843975827790454877
1843983220326707368
1843996838619156684
1844002021671567373
1844088218297524440
1844274719098388650
1844756829735154023
1844794054397342079
1845396723486818590
1845750899391521235
1845869210016059826
1846200545318785037
1846245526167343212
1846463520377897272
1846762017849307429
1847209304945746200
1847245575684817318
1847320207414718609
1847321952924684567
1847565698320498753
1848036467953881375
1848246914200035686
1848259158799446284
1848317163716669668
1848362716718907634
1848408882512896012
1849377056301236593
1849382507218616817
1850064282077298992
1850103792005722331
1850421259114369163
1850467806732767526
1850816975590899918
1850886876758258102
1851152686487371915
1851227727736484150
1851523832550703167
1851561503440474341
1851834264998051858
1852212512894390406
1853069650877391353
1853387172734189573
1853401354372346110
1853429924910231863
1853715434895274419
1853769336160223727
1853769529404363104
1853778961383501992
1853827780787708185
1853834553275678962
1853837292663984438
1853838263569567948
1854019263801298959
1854048372195279282
1854062487546565044
1854088403500851595
1854119719277637709
1854367845251256586
1854467882492756017
1854487555708002588
1854814175786324291
1854932981858914525
1854934298958479721
1855109001341460821
1855110033240965511
1855185874176348279
1855205696633192565
1855250448711586014
1855276745991368954
1855482908682965234
1855546161119293904
1855546161849081939
1855546764537077847
1855552368416297185
1855600523136930276
1855975415724314893
1856248626101792870
1856260289672687961
1856282342932779320
1856282781518532722
1856588257469042875
1856907495463075877
1857317555238535444
1857321748250898872
1857338458970497180
1857347502401618226
1857375278974087629
1857421969232114094
1857630205025660986
1858073972572643502
1858129657696038924
1858181610127954056
1858383084065861973
1858450079926890920
1858787413776105529
1859099423978254444
1859142735326015887
1859212365096755666
1859849415453704539
1859876239437332824
1859983449345667574
1860178401157611973
1860221373341475237
1860275661656522923
1860309251522171105
1860309483110662626
1860663840893014501
1860716586769805392
1860964854854488242
1861023480789205358
1861051590708203901
1861317280564645963
1861347715390812342
1861366863248462087
1861613944235782303
1861662847765487906
1861960705659883963
1862358931437228357
1862447563485425904
1862760042958909656
1862764234007789652
1862867982818349075
1863163787882504694
1863169038198939806
1863169540491968761
1863438353351217663
1863443545014538416
1863539290132656574
1863596789556969928
1863815441518612656
1863823714808484273
1863872134004511180
1863996307536548024
1864151479357198646
1864214126815511035
1864234630284730437
1864296550647910793
1864338775528362113
1864573792116461984
1864611044892790870
1864658388707365098
1864658390993215843
1864658393136599281
1864874920775422392
1864901784676036882
1864917884159639864
1864918876741603566
1864962974894690316
1865309849053229396
1865311357413036340
1865329483861176741
1865968896970568100
1866056641436696818
1866116901325443342
1866153034243514390
1866334062350406117
1866434067748778060
1866457022180532247
1866710131515461888
1866721407645913313
1866763781948444807
1867041683923431896
1867093066047427059
1867112230757535759
1867163774186361185
1867174021982564453
1867194392903352741
1867201559324774650
1867205807579992451
1867206639314755586
1867446272007057846
1867477238725423478
1867511967168279024
1867581724517183672
1867851243428941915
1868197927933661335
1868531944058941598
1868668739442590013
1868920457568645199
1869015948335992861
1869051561399488626
1869276980904169710
1869332962803921272
1869369250844172574
1869380940201599097
1869397259345150119
1869597968329769345
1869674185519468922
1869682115320975454
1869759993962205363
1869770677441740865
1869779847188451421
1869976929543303598
1870030805910630679
1870054006724407342
1870056616047079451
1870418588613685443
1870418889169113413
1870432091915399202
1870810182378238362
1870812952728576358
1871080719856161201
1871106965830783316
1871148563536781330
1871163864982974965
1871211290024136855
1871237231475593294
1871424861970796890
1871448256666025990
1871473500117959096
1871759321358586092
1871773758048059503
1871797243096748033
1871839232362209774
1872168969559511075
1872201212751380531
1872206228216291807
1872227767908978794
1872332064135279059
1872568103936078253
1872873700116316432
1872989105576943716
1873227546952909139
1873277614816936000
1873335240787153368
1873359007416451178
1873369126686867848
1873380158855327889
1873410994124529679
1873590410653925748
1873603668240699782
1873666344325120454
1873766608264437991
1873976089305112600
1874030002229891387
1874088578311213416
1874161101128217044
1874384821365186947
1874742706213449962
1874806354042663375
1874814725760176585
1875473466771812553
1875523543078978001
1875770247409701109
1875777245807309158
1875825997062565939
1875836047437046134
1875920249331011945
1876180239451099534
1876191473521336382
1876497288178368692
1876537321128145045
1876553194593292336
1876561340464316899
1876847267593826393
1876951174676693348
1877179600565874810
1877211211302936836
1877290882644209986
1877330234535800874
1877674920815063354
1877912621179076796
1877990133557002599
1878001364552634875
1878023320551002529
1878044290309357733
1878061485265486203
1878095857444172273
1878312767985418647
1878365534590505035
1878732030734934467
1878755817673101412
1878841742126198875
1878859866099638734
1878977839480881463
1879198077514600611
1879399741471223985
1879438719691915607
1879524041444483498
1879524083354022160
1879536683932323946
1880479805315117104
1880555036117221652
1880592340039155759
1880649088661954629
1880658869015499202
1880804717607235858
1881354892230762520
1881382714655617128
1881609437326213306
1881614793888473444
1881672120771424491
1881729744162721959
1881740759331897426
1881753004489277457
1881757009542107629
1881937686275228145
1881949600476708935
1881988928238202908
1882030022611111998
1882030836872294692
1882058851958010246
1882296557854416967
1882324551788621915
1882324555269849591
1882324558289813578
1882355840210112565
1882385922622394375
1882388194404213193
1882388582662603236
1882395236200309147
1882403012800647416
1882766968253743296
1883027060916093065
1883072314688086473
1883137838121943277
1883193287101849862
1883199749462839409
1883381892441149587
1883450452848857417
1883523140443087304
1883538210435006666
1883815409976999990
1883840945063702658
1883903898546757734
1883908450524242103
1883912491723534651
1883912514372845624
1883916371324764593
1883921323573092616
1884116727811956942
1884135953050263958
1884192635101012377
1884193903508873284
1884494568575689201
1884529376743563462
1884546184272101756
1884603822670233869
1884871474378396101
1885282530385158304
1885614620859084806
1885645059514662966
1885651326056411457
1885922738432618538
1885961113491423400
1885971404031742290
1886001878049476947
1886017108854882527
1886035319826554970
1886053776597057868
1886268923957711294
1886314435075273215
1886445212299616332
1886693791219724705
1886720399670677858
1886750453163286690
1887381772964667678
1887409075971104981
1887536267589808630
1887540277579296918
1887547303495672245
1887727658315694470
1887755892306940305
1887783924144775468
1887807680313688363
1887850798295711752
1887855630356234365
1887864898857619483
1887866335818080703
1887880925394108813
1888120886672396313
1888208854254821648
1888239149347721667
1888253176454975516
1888253204095537581
1888456543169081572
1888471642453799332
1888479573807161815
1888481203030020182
1888486742241755492
1888501841476079807
1888552225405833481
1888910549767098491
1889961478180253870
1889976305904705658
1889999171748503636
1890335838866653226
1890344851469922578
1890384982293598328
1890587357797048508
1890724590105612505
1890936635078140334
1890965806516940972
1891411295825449240
1891418576646508633
1891452574454415385
1891693040206561783
1891840362102006099
1891852750507446698
1891878336210534595
1891886384576709066
1892096335186469201
1892106228949803205
1892156854655967678
1892460599176810645
1892506111363645585
1892560854714896700
1892614980610228450
1892748574464593978
1892763675787702529
1892890092030873728
1892920075159790063
1892951996136821246
1892978579400503328
1893191812669493583
1893194924570415540
1893228079696241134
1893259296948797469
1893259563131974030
1893260887877656874
1893540695861817443
1893582929093366058
1893588771376886233
1893711725775511712
1893894551133151257
1893977912744833207
1894269201290072380
1894287205952360952
1894337705368281193
1894356852571607500
1894389040385753536
1894618703691747692
1894623170378043611
1894724675814506607
1894735335525114142
1894769242840691196
1894769274427998709
1894769717405237557
1894980170122936599
1895044633421291772
1895143355165589708
1895284282517565724
1895373776835289359
1895388102014968221
1895514881128087942
1895705956618760397
1895728940972708059
1895737566638588158
1895747479779606759
1895747643663688051
1895754640496665010
1895754743139746087
1895757175878008849
1895757401112154547
1895757572457877782
1895758239968739618
1895766174136483988
1895766431503171895
1895766540781531536
1895766697673634086
1895781535631946237
1895790577826087192
1895790630384853085
1895838216282128532
1895853416343355419
1896064653152960610
1896088191431762017
1896100661873238050
1896108216158765562
1896115764299485626
1896123316269973923
1896161061306290416
1896468130622570664
1896507510326165901
1896524644259389758
1896540086319411359
1896568747873202307
1896589239921557686
1896773928892473612
1896791828462272860
1896810241700069651
1896855636513558784
1896870738612625583
1896885836156723663
1896913378217697723
1897109935244370339
1897208654748590559
1897236151838359733
1897459618600632758
1897474716660850744
1897576597299007640
1897822006357217762
1897942103067705798
1897982499797533157
1898199868855783828
1898298641347174441
1898348679343538297
1898577381729992926
1898629651200901391
1898770566670430268
1898771057198370860
1898976572750864843
1898989429899067894
1899003492922183713
1899006463496085772
1899027813476503939
1899043495366803602
1899094091205656635
1899355574103429421
1899391232373112941
1899415091885265029
1899428267914133871
1899732087516909968
1899803381004489019
1899850602450190703
1899850622364795171
1900045757258035406
1900045998359183529
1900070778147922284
1900085320198328677
1900106270478303362
1900155236540703014
1900168335016550764
1900172237875143021
1900209448943251474
1900440280479985932
1900810080028946909
1900942823354232981
1901136503260278881
1901254612608487720
1901303955591946517
1901517433388879991
1901517464048980127
1901538375330615648
1901582759677812881
1901619122619949537
1901619549755367585
1901928257441931564
1902247349856170170
1902267057795952919
1902721065929109789
1902924627162144794
1903051286519636098
1903053904071512153
1903090755327103104
1903298169854890301
1903361615451639892
1903362162720206851
1903409792640860233
1903415236155388035
1903424204583907419
1903426825755492830
1903436587851231523
1903442998467461469
1903448434524483940
1903475069567095029
1904084530027507835
1904192921546743847
1904472337497629080
1904502745887101394
1904551654650945877
1904841542373945780
1905087659942302122
1905224802736148970
1905248727117476138
1905250966120902896
1905265181145563594
1905487877125144736
1905533544203780324
1905578295787487333
1905804280675897678
1905890367125553167
1905925711036370994
1905965605439828271
1906194770520838537
1906207026134536469
1906219603442999392
1906383410333188552
1906540703208931413
1906564423055183948
1906575883747598415
1906726618477056461
1906992859191910486
1907073206474940737
1907264069654253945
1907404013706059816
1907687628784140517
1907709418692817025
1907716072897454330
1907719393804759428
1907817463737364569
1908069627864768782
1908112992702783707
1908113489194803312
1908173074018848865
1908173114841944569
1908173145091006653
1908176840637981146
1908389034260652505
1908555353605787924
1908791758059954414
1908807060625432577
1908820805913293201
1908833863591198772
1908858421404914093
1908859038617469399
1908921714102190364
1909201893500281227
1909214244308234346
1909246882620313979
1909507349146185796
1909507353277521941
1909540194937635020
1909544161251885273
1909556815462810050
1909616426152820992
1909640062750294462
1909865115492471017
1909886243648700606
1909949705259204933
1909991988272750618
1910257775457833383
1910322751673413873
1910690465717829773
1910929180067324317
1910958531911856150
1911262339074056418
1911302556740886840
1911650021654561002
1911657997115306196
1911749997760049360
1912074744264073719
1912094487448543696
1912127724136923608
1912130766466957471
1912454866250920158
1912505637071888778
1912539096192545210
1912714991846977618
1912724403441529341
1912804401074385003
1912876812855812549
1912881120003363131
1913117570074566908
1913207328444440977
1913229202306007358
1913243637305188828
1913271830556848572
1913547672541413845
1913559819161866710
1913580137511293316
1913795129032274396
1913902683213225986
1914167131593413001
1914182360658330001
1914198050836516921
1914239925064732816
1914320931679256737
1914560337850065055
1914617994862583905
1914631594809417848
1914695619509411943
1914948593821311107
1915329079168954395
1915361155326890253
1915381226120057119
1915421720296489189
1915427869360296031
1915428988262244857
1915436610306609447
1915711675401212038
1915750864058474513
1915752555889770533
1916054128335179887
1916355799619875242
1916521323255501259
1916804005579350225
1916847367032082698
1917119269277761840
1917188073982693377
1917423800087634395
1917439265341858267
1917479129559228480
1917492873953427855
1917533283543572660
1917549576187412858
1917576489866031582
1917601599352103415
1917804264220680426
1918252887077208527
1918585254694273073
1918587765903802489
1918587969113657487
1918624495746621919
1918882027236987004
1918922131548536893
1918991700875497613
1919311518899790180
1919343370776039534
1919345816323654079
1919429833190473741
1919673394754420989
1919723310725968359
1919784626765123602
1919952501911986442
1920039970250846336
1920066002156441800
1920314060207501374
1920362285501198385
1920413933657338309
1920434200341328096
1920506858059579504
1920516473640169647
1920685106131595726
1920723511896690703
1920733235933262195
1920767098751775198
1920774307627589675
1920802343685083588
1920827446997160320
1920833101674017008
1920839270576668767
1920862539279458489
1921194547377303958
1921202220520882266
1921424672769335751
1921795396952522915
1922136061318463952
1922155809305461045
1922212090980319545
1922305531152368120
1922548375863623875
1922549038001606750
1922573271654125821
1922700461963956466
1922908484372398116
1922933187002393033
1922939456040075542
1922970252511436807
1923055416532931045
1923231962678149174
1923251760329785502
1923305723217268906
1923621570183852097
1923641561939837294
1923648311371964771
1923756557348765928
1923956513300938986
1924022086798016574
1924380243986665716
1924706273544794571
1924723314200870993
1924789766677266591
1924809972879368562
1924842417695670397
1924843025752326557
1925097063450362035
1925157756467622092
1925163798534803881
1925818452456931647
1925889634329833726
1925918501451018523
1925923192213750135
1926145317646241871
1926211507416641976
1926275953723875680
1926533714021912641
1926591024400318469
1926591027889983519
1926931238209691932
1926931262272332110
1926931298163040709
1926967996578214114
1926994176031215941
1927295493899526185
1927317887401828734
1927620309923856821
1927685026092646908
1927707065403011279
1928002289131803011
1928032771760607660
1928063434148696392
1928371095125852399
1928389541704179826
1928454615567147244
1928730859114287203
1928853184014897399
1928853206139830650
1928853226931032406
1928862572024926372
1929125146943770992
1929144197392523337
1929149415144518096
1929394496359510327
1929404732893691908
1929425529809305911
1929467598095470781
1929492037310595206
1929506754230133187
1929540280107352107
1929710878292955244
1929784140423221618
1929849600615350578
1929960552157327760
1930139394981409274
1930180022888985030
1930233024475513211
1930264940377718788
1930433137542344767
1930488836150407508
1930526753837158857
1930555309707395311
1930589825595486408
1930961989444194787
1931185274874376593
1931256210562662463
1931279398948470964
1931293275186721260
1931324485317128282
1931378418328670248
1931727915408130281
1931997129859600516
1932332004156338659
1932339691514466540
1932344342183911459
1932413069965332545
1932454747065495721
1932473468513325131
1932628173264728152
1932708854623801546
1932755859404415246
1932807955646390568
1932816179334426757
1932842346150047939
1932969852437692526
1933039082860646585
1933039598051209550
1933051672286409112
1933054504024318275
1933062714198474977
1933103074991800649
1933121597113860357
1933425007801307494
1933447203135369332
1933447542437786036
1933479338965659748
1933788312189493520
1933826955344052489
1933827481305505861
1933829210612945397
1933872657105305632
1934057016357683606
1934116060699201619
1934165690363396326
1934261109940519082
1934423179428339980
1934470720983388295
1934516219186762161
1934541119796486456
1934566912568217952
1934587321388798047
1934858881613877425
1934885530837418051
1934899993321799752
1935232541130375252
1935301420313625017
1935330416543809550
1935331234412118131
1935506567522058480
1935546522399346932
1935616089121313112
1935654269275042253
1935690965190356998
1935868955387891929
1935919666003935535
1935986184196702645
1936024316191347168
1936312300178489667
1936332599875846350
1936463693430317553
1936648420992888879
1936648448549564828
1937065950119162291
1937117630785364067
1937386537723027508
1937394349609980104
1937470230793695655
1937680894954996114
1937753459870302237
1937797950228590719
1937866996915564970
1937883112278520087
1938043283047055540
1938130965626556917
1938139401844101605
1938144081634595080
1938522023380349044
1938543246181048388
1938635824058503521
1938646281313996808
1938856251414479334
1938955688933498934
1938983762324529500
1939221251832324400
1939241085479670060
1939316156206391613
1939605991320137837
1939667813272260998
1939668564040110544
1939683279873151433
1939851448054894980
1939855222127698377
1939902836625875369
1939996897026150615
1940030888982847697
1940051377520353525
1940322528976937053
1940400839400824847
1940660739204960294
1940692004150890633
1940759720413090051
1940796656251031636
1941054417589227876
1941084119569736139
1941146447325569373
1941163405156532550
1941185565753229712
1941471786136424508
1942033324215853357
1942063798917226706
1942123931043082507
1942180920645275917
1942238426499273003
1942249887640457226
1942445374150697299
1942449133073449341
1942452471647068439
1942452865097949538
1942570680446509362
1942584631590826409
1942812399008113131
1942850932477509869
1942967246487478273
1942985422369624110
1943187022782566564
1943193779386650879
1943210702153617770
1943231780137635902
1943263745830195267
1943266116450816136
1943520926546731135
1943556300274831839
1943603542347944130
1943620303172817381
1943658219856965638
1943676559065596014
1943698682488217657
1943937911235432464
1943938151179071626
1943994580346732603
1944400964296786329
1944432376328990952
1944724442049110193
1944758906338873669
1944766726765506926
1944928652019298523
1945021566288584831
1945026951615537581
1945061492413374624
1945074440443998325
1945150310902907139
1945176691938115965
1945311038767030453
1945406185248813483
1945430431031251022
1945724756764053912
1945737299926659489
1945770317718384919
1945832969144586639
1945878111498719549
1946050017523057087
1946125138069705049
1946205978837549085
1946436236727742717
1946944964333859286
1946968490151141797
1946977166216036595
1947102979539996911
1947265813574189287
1947563844244804087
1947827755380576646
1947873302099460564
1947927435632382411
1947928906822258691
1948017014716739671
1948311108877512829
1948571242149155134
1948608027881578899
1948608032021291370
1948726201234981341
1948960955083489695
1949000641860567192
1949096826461925787
1949318563447336963
1949333148908855599
1949467299041452261
1949826171765768235
1949839608025682044
1950047595075948641
1950078399638356064
1950808824295588070
1950834429938802936
1950878517367038006
1950890104979145198
1950890807009120634
1950907484778156424
1951156211820450057
1951211473880932532
1951241453046473146
1951482743646462119
1951496819361587256
1951540454295826631
1951623358493401591
1951635288637555144
1951646705415557401
1951657592385905044
1951673842042282172
1951843359187984572
1951874693730107652
1951884706103881969
1952211487378067939
1952226522351202371
1952246998595449266
1952310997747961933
1952313755033108815
1952314273826292123
1952347745463026017
1952631359429857632
1952653976496922825
1952718444102852884
1952941635509338455
1952971142437978595
1953015732876325144
1953263573787931090
1953303729698161149
1953324324603187617
1953353563427533284
1953371243123552706
1953459223574241369
1953700626237620561
1953724969382560181
1953741773861540006
1953802487858622567
1953837817643381142
1954133080513605768
1954350736717873366
1954535663967125817
1954762414626619558
1954792251332157569
1954816062421164459
1954829044408889486
1954867894879412281
1954892288871792795
1955075512386154940
1955109873894691038
1955178471946326193
1955232127295086960
1955298509512437929
1955302704567238803
1955545519595610402
1955923762341392509
1955992380227903643
1956158903609115020
1956220809850294447
1956226848934748614
1956246626777096536
1956253273264152888
1956264599382319327
1956317531159048609
1956320902939083068
1956378655224963207
1956543240045502485
1956621755172491503
1956763228727345475
1956887452096012486
1956925694765940916
1956961833421766866
1956980591628284338
1956981104797491227
1957050617479991700
1957249839659618814
1957340775190266254
1957678721764352377
1957712669278105978
1957769511664533835
1957785119416283288
1957814230855344557
1957817590354489777
1957831849868193838
1957846229762932832
1958002564634743203
1958026936573391098
1958043643031478538
1958130630467985799
1958443147207610533
1958718527403434048
1958811217155564017
1958843034956963998
1958920056110555332
1959117752234365082
1959177567233298846
1959257118458159548
1959443041716187586
1959500349368107376
1959622089465532622
1959639659040096330
1959853109372703099
1959929081354752154
1959940387902235047
1960004600569930004
1960020771830395126
1960201206351221036
1960218475177422931
1960239392544452727
1960253580402946151
1960594559064531232
1960603857228280244
1960626198779978208
1960639837020807432
1960678959005520352
1960933893911273844
1960941377648537768
1960948902183731537
1960968311946215737
1960982797159747943
1961333642279751760
1961341599407083928
1961351251662180665
1961418107081347578
1961639358991405285
1961655120774525182
1961693282435789023
1961960882314805339
1962323269627105602
1962383178687275419
1962460422193447348
1962514416630681901
1962545457852485696
1962685657790456071
1962796549613957125
1962834046779789630
1962876561906081871
1962891304440074574
1962897341129916623
1963048045219570089
1963148753256460615
1963254245047881955
1963410433546608901
1963429308254621722
1963542375382311231
1963572421702668695
1963596514728518028
1963597188837019805
1963772821714174380
1963776598617796695
1963783894265692519
1963826253678678117
1963826283026030639
1963835073628910048
1963877219991752712
1963884262845009963
1963909558310666603
1964135209236123790
1964211855393771700
1964228637990724034
1964274881408729120
1964349432453091629
1964497596929470732
1964570776339959815
1964588914431471632
1964601543010963666
1964910088575238366
1964984649094238301
1965373872272032099
1965445284802216410
1965692207270367374
1965737385330917465
1965833912950927519
1965998114931650693
1966012616868000184
1966019533120102790
1966126103506133443
1966143694299680831
1966385680659132807
1966458989517926530
1966472964519682143
1966755316139458696
1966782231156027528
1966825275729289217
1966910208351105247
1967080911536795847
1967145987157438524
1967187164078452814
1967276959681093680
1967277047287607564
1967396700097581196
1967484319422963833
1967506134882996679
1967531396823683226
1967572058344411262
1967631253072646290
1967820940760453363
1967867713058942999
1967943451703644353
1967963388887151056
1968121476042924332
1968136574912123144
1968147902913462438
1968213767310725408
1968229990211748267
1968319287338393971
1968332805638963371
1968530845301604405
1968549765655986330
1968575923730497718
1968631333065752896
1968942931567624390
1968960991334470030
1968985324979384323
1969004117977931843
1969022089366753676
1969208639652315517
1969239318540530110
1969339800357650529
1969348328484717048
1969350229024501897
1969363421910220904
1969380327098560805
1969589903299121497
1969612552591327493
1969661411543695692
1969786586343891053
1970039237618856195
1970065545623134670
1970083595730759791
1970113159437447170
1970295802368270649
1970380194008490492
1970742873151951335
1970765696083628032
1970825005710598541
1971094098590515386
1971117247558267028
1971245717638586544
1971254149464588311
1971402217954672967
1971477500359475698
1971504817651749302
1971504837805441300
1971504850187010156
1971504876757860603
1971541018991538505
1971602794416353314
1971804358154317920
1971840805456540003
1971851372875468839
1971900181055787302
1971954475335405767
1971990060431298695
1972010963588338138
1972105943614923140
1972312680041234924
1972571284346482763
1972941992503255531
1973056579336650759
1973057248139284976
1973057640193519914
1973263540871131447
1973636366375460916
1973651115075076258
1973711364905676810
1973800426769428870
1973961344899588579
1973989144528646647
1974006913659777355
1974022267588817321
1974364450728915223
1974496512618226129
1974677900533420368
1974692564398911570
1974728830381416537
1974816695173980483
1975078053173985595
1975116377657856138
1975119032274849898
1975124233274712539
1975146643990425994
1975201970538336521
1975453483848638647
1975475556276965465
1975820024305885602
1976200319852749272
1976205954846019657
1976258535458586764
1976304873768706422
1976548275215081503
1976924051580104718
1977005218727707083
1977043339687100585
1977241756346278016
1977288879070990528
1977603366793495012
1977632248296788038
1977725335572758836
1977741559043883160
1978089599181242859
1978089620358242459
1978125875498631229
1978399944403988986
1978464875153432985
1978688719956906251
1978748558426935337
1978788043684454403
1978804332150583798
1979040239462031845
1979147346358194571
1979416752439333143
1979436295312331038
1979917970244767945
1980478110702416324
1980523922841039057
1980552929632538650
1981284193759089070
1981578387429929431
1981615309317656615
1981689442810409197
1982070589159354615
1982138848609247351
1982139209441030639
1982337356696039584
1982375359497769115
1982376081857581406
1982376533949104498
1982713056288526717
1982727831567450617
1982818617965338971
1983097300542206286
1983177501246648368
1983187731930067134
1983432376320749947
1983457356190195794
1983497959799947733
1983590132268855413
1983772545091563704
1983911762396422233
1984091679780172141
1984177959587246578
1984494901774729330
1984515753199223143
1984534625860141470
1984583699648901301
1984902401476690262
1985023173818278093
1985053707428581496
1985269580135387530
1985340019629060354
1985579260158083106
1985994498787143843
1986038184573297098
1986045124321927555
1986045392924877225
1986622746089140413
1986661617132838949
1987003209702089153
1987076537674551475
1987385878864679362
1987409097260433866
1987419334386594025
1987423608243912877
1987690419841572944
1987800018691174889
1987800691298246835
1987836864485585176
1987840688898400498
1987860255230083345
1987914842821517668
1988139216350679521
1988217788528554346
1988418971289231523
1988848729059913888
1988927420129505768
1988929043324891292
1989139971836452988
1989305800058409344
1989518324733284601
1989582681844388231
1989926907539038587
1989991217619456282
1990314558897148069
1990326978109661595
1990431334406467831
1990456771874619743
1990457035486572943
1990651819668717884
1990680825021804963
1990972459563294984
1991086327299764254
1991340394689491023
1991728418174693420
1991731391092936998
1991764360285548577
1991778063080935727
1992060167362695536
1992454617549230165
1992543366454858060
1992572518260191491
1992851564520759766
1992854900779499715
1992939491645128827
1993003199750717695
1993203579805745523
1993248889391268231
1993330943936152012
1993509578827502070
1993522466480964045
1993587901465296920
1993604827469775355
1993608722346914181
1993608981567410449
1993628928163115201
1993633508791550230
1993643924142133544
1993656950874308754
1993701152949416124
1993712471450980420
1993727630802333936
1993868991698546762
1993921869129634024
1993938596643147854
1994016332350935144
1994295883735740714
1994303474704765102
1994338662801400147
1994677734031986856
1994677869574824012
1995052021133578535
1995054066838491385
1995054778641174534
1995080391875867109
1995132685799538775
1995421274441748840
1995455005839470708
1995719735200416104
1995834954308354334
1996058084977115301
1996173680985211220
1996424519045857770
1996787725719273800
1996859783899763035
1997147729550782824
1997217565450305999
1997252174758175080
1997267274206515253
1997522746482569454
1997685737710551126
1997948300440588570
1997976952817516962
1998221701478502486
1998656137605116098
1998733226458886160
1998949069063074132
1998985671822946592
1998995007471226980
1999290607316140421
1999503909073961167
1999732644435972430
1999756081388777498
1999803783396905081
2000070077367124277
2000214269753958757
2000232154496978985
2000377771445637199
2000425827239084507
2000522503077478850
2000595649700778057
2000811348306055602
2000836900702355557
2000848152786821348
2001195101775913116
2001261656773656696
2001464934690099643
2001510340639756464
2001520193940640098
2001577363243663515
2001709308678181320
2001709320225067216
2001895280669761925
2002339395014414451
2002395685493301420
2002574718738837734
2002629839875084369
2002632790161121348
2002633243422847192
2002747028548579483
2002766988909895818
2003100189440303446
2003140618747572372
2003337496546234486
2003350067894513842
2003385548732531190
2003412768268124195
2003495624847905184
2003684994297000173
2003702301782110333
2003706249377178001
2003737741893468254
2003749991005974918
2003775161372389644
2003822069985968574
2003855863971541423
2004028405747273940
2004104847688438087
2004109150872392136
2004109333328810255
2004165544317219038
2004400984165175605
2004413100012064825
2004439808719122528
2004482267629109754
2004510280727122423
2004550664022896758
2004571551941947456
2004828350091596287
2004862563482530108
2004905638896480501
2004937841521164553
2004950501201510632
2005119197345710428
2005137968508678255
2005164744790229304
2005279847963345059
2005513844006027640
2005638567247393211
2005658297811280277
2005868290099335195
2006174719033102520
2006357171265773992
2006432672415953367
2006637853489639812
2006752018560610399
2007013848260210728
2007099032821444707
2007309194240897244
2007378177254154267
2007401762152644986
2007440950445126126
2007720608495435833
2007729848941437123
2007731327328780768
2007751714498338960
2007784070869381155
2007818760468771301
2008039430788141349
2008049956175970627
2008057979732648026
2008181550488429029
2008182009022259275
2008197893501641204
2008208651585204267
2008402048526491694
2008412066034651612
2008430490831986856
2008464807792701737
2008851103325073631
2008873752327602474
2008934465045958847
2008940614671638573
2009072562303832427
2009125447226024009
2009143904596316277
2009224200947683539
2009270592608846089
2009585522042413539
2009870040645140670
2009931211968524731
2009971353856946658
2010282405295468616
2010300290935996824
2010655159282774414
2010683176696307712
2010743259715482104
2010971737505317283
2010980080613540146
2011035244967969089
2011063016268386719
2011310619841216717
2011332455312007334
2011408795512275082
2011421625649172906
2011450371886191064
2011460910574149964
2011608019046711758
2011702618524172777
2011727450435436943
2011834681403347342
2011970406769705259
2012021481790980242
2012037096203231368
2012421460535767512
2012422475951530233
2012441899173396656
2012469774576726031
2012790738564895006
2012804656750375424
2013144765815201978
2013174939424296992
2013511937158717479
2013624785302102505
2013923321382060333
2014294145624658358
2014318052050178154
2014571720947204124
2014619612726624723
2014975274266574977
2015093754005426443
2015231897518158310
2015292941426950467
2015294279611306430
2015456608873238861
2015461693741297763
2015462183812137099
2015658459174469658
2015707093932892476
2015774827710472649
2015795853060170037
2015823017369329829
2016060911220338961
2016145551796871660
2016178680041787432
2016381286919897252
2016412347703951463
2016519572094947348
2016700937314979963
2016709118355263987
2016792137329688658
2016877742575563180
2017099090329530466
2017120588587028596
2017148252068683796
2017256477728317716
2017504329293562148
2017504842441470067
2017820477197300200
2017826113536594047
2017931295565947176
2018203784384823751
2018281245986463891
2018493388626989263
2018551903244955669
2018688092547207456
2018914232222548334
2018979389078491284
2019325707927888261
2019383128373305733
2019427453396218203
2019653868607664532
2019670878175522839
2019793367643922888
2020013521862623309
2020018015350452344
