1816371543515226483
1816371678009516386
1816376186060276204
1816377032324026776
1816377128612425985
1816378256897237278
1816380059172888780
1816380667594432998
1816383376292470858
1816385398081470719
1816386518493077786
1816386537841647967
1816394205394047349
1816401755669925964
1816404933211537459
1816405387987542319
1816405531420225846
1816406518356406458
1816406533716193630
1816406580281422283
1816407057903608174
1816409305157173525
1816411577354195436
1816411581313663381
1816420630419624078
1816424404928381334
1816428181756539118
1816435709256818841
1816436273621418481
1816444874108916155
1816452045852889506
1816453834052350289
1816453963266289734
1816454002650833099
1816454020220833956
1816454059655676389
1816454100411949101
1816454148390305900
1816454186654892329
1816457075553108141
1816457080078798858
1816458384381542421
1816463663584489663
1816467763617276196
1816467766339342838
1816474233423216694
1816475198465659203
1816475203553329576
1816475207550558468
1816477183504003560
1816478501970882949
1816482727132377139
1816482733431878123
1816517807112355897
1816517834773790999
1816517849697124792
1816517973148074042
1816525606441640224
1816527081221882275
1816529242576027751
1816549086499340390
1816586725403082992
1816616923351941486
1816679995374493797
1816686887563915483
1816698897101914551
1816699499202445592
1816704926640181267
1816706365685137911
1816711228984819758
1816711553259045268
1816712407470997759
1816712918651809869
1816713640801894424
1816713984349007998
1816714252578848819
1816714541016973648
1816714825252401282
1816715101283741963
1816715787857773007
1816716007224074298
1816716018267619742
1816716464625533002
1816716747992629328
1816717256451326313
1816717844471558391
1816718031328030797
1816720567325597846
1816723449525772407
1816723506903867469
1816730171732607138
1816730206943736288
1816731725663535274
1816731842822996371
1816733295188803874
1816733417733869752
1816734558219550915
1816736475612086422
1816737254838272072
1816737399105532170
1816737971271533054
1816739140777783791
1816742353614569747
1816742901063516251
1816743451808960768
1816745277258096654
1816746610996781446
1816756173262991674
1816761020314189988
1816762608747446545
1816765669506949567
1816770842111672467
1816772885261746309
1816775559717818549
1816783996925435939
1816789558941675908
1816794488133550080
1816801892208660902
1816803830866317608
1816805680126534112
1816809441968406653
1816813216443355281
1816816977517670458
1816817198511587493
1816817570885906563
1816817576367763512
1816823147985011186
1816823282861023312
1816835868268642597
1816843101371269577
1816849167974908062
1816894024357413240
1816896516843622523
1816899321226494342
1816903141633458442
1816949112585285674
1816979313759257064
1817031629044613611
1817031633608016099
1817039708456911285
1817040218437959741
1817063250229669945
1817067765662122105
1817069908565590332
1817071657665929603
1817072345577590907
1817074211011137784
1817075454450532567
1817076051941687609
1817076608697770032
1817080225756299356
1817082490911371646
1817083863820362188
1817085054646186131
1817085262184480964
1817085549909532712
1817086303957287216
1817086496995967385
1817086754626965997
1817087003529261439
1817087197897720139
1817087387836600829
1817087586269298775
1817087736517706221
1817087884807291030
1817088017330581656
1817088204283249047
1817088423921938628
1817088668097728604
1817088994582405301
1817089165714227202
1817089552701616371
1817089783778410708
1817091394672148674
1817093317085331757
1817101113671242043
1817102793314042294
1817107203540824097
1817107217734336684
1817107422147936358
1817110173808492993
1817112129662759189
1817115207862484995
1817118981737832860
1817120410095550512
1817123007703179645
1817124790429172075
1817125298376421553
1817126434298884516
1817128696492572770
1817128963501965807
1817131252111003727
1817131584396689613
1817136000868753916
1817136005645996273
1817137864129552751
1817141285276602844
1817142844643271150
1817142849277984883
1817142889157468308
