1835932329207791790
1835932338615689531
1835932360287687041
1835933430736912739
1835934413688856595
1835934567150055628
1835934600855539924
1835934754098581555
1835936512543982013
1835937082549661999
1835938516804788317
1835939375961813330
1835945899261927730
1835946396748505200
1835949862061539653
1835950290023129389
1835951489686311200
1835952385832722573
1835957631632200008
1835965854200041860
1835966350415540541
1835966390106313040
1835966490568245686
1835975005919735926
1835976004390576492
1835978217225625993
1836003878174687474
1836022756309078393
1836022900253450644
1836023111667290503
1836023307117678764
1836023563884597717
1836040588786839817
1836040732450099205
1836065487622373779
1836106258643849376
1836111887915680028
1836113785175633971
1836120255187554746
1836216067330372008
1836231679104471381
1836252520978477242
1836258138481397930
1836262637174427706
1836262929626468663
1836265698148135130
1836267627678765245
1836269446098239716
1836270118906610098
1836270704511058004
1836275825747825130
1836276403341500658
1836276750868975853
1836278572455280649
1836279570196271129
1836280559569621465
1836282242257310049
1836282920010649908
1836290754341408895
1836300557025157614
1836302181726851262
1836309066659848387
1836312492265332784
1836313786535547234
1836314580576014842
1836315763428188301
1836320475410239966
1836350105877635572
1836350518400090356
1836351361136369978
1836363984582381814
1836367902896984257
1836369409100890250
1836383260428878211
1836389466149093615
1836393065025532384
1836395121736102369
1836414322748105152
1836423764076065130
1836425777539068247
1836434429687836703
1836439392984142224
1836439397828583760
1836439600383791500
1836440390880358617
1836442547264147714
1836442720539185609
1836443540320096667
1836443769719394430
1836443773322334483
1836445734876647672
1836446142554661112
1836447642156699798
1836448568951083187
1836448573464154544
1836448680490291462
1836449558550974607
1836468102051303724
1836470250961080381
1836578456118923678
1836618239561883777
1836628797191524413
1836629192970268794
1836629475255292268
1836629918131851733
1836630410434064558
1836631714900173100
1836632329038504194
1836632825673453689
1836634756315832561
1836640747010891784
1836649046452355206
1836653248549113914
1836654537932968277
1836665669011886465
1836665708119232592
1836674446524027317
1836675271786664409
1836676682603991121
1836678017399078969
1836678246353768798
1836679015274590641
1836680558648185083
1836681402043011315
1836684491437543771
1836684496336498842
1836689075983536317
1836689372361441308
1836703593556066460
1836704686331871243
1836706175984804028
1836715465970004357
1836715592780276110
1836716040593563985
1836725316879896778
1836725777947050298
1836726694377365891
1836727711286624518
1836729441428361649
1836729960163102799
1836730455074238737
1836730926174265441
1836731366576148541
1836733140922167406
1836733249609257466
1836738281309880602
1836743096534487092
1836745319150760183
1836745576634892503
1836745642862837806
1836759223893368885
1836759598889374009
1836767410382074330
1836767447304773988
1836767472495518000
1836767774011732122
1836768441463910571
1836771106348503325
1836784251221512347
1836829139518771441
1836834006073233649
1836834023861297457
1836940843669762461
1836945667773681756
1836948061559386591
1836954209641480586
1836964184782667941
1836967009415762157
1836967031763054671
1836968849629192496
1836973837176688890
1836973910136406425
1836991459742056864
1836991971073872109
1836992710512963656
1836993324970037415
1836994744788136015
1836996266812920152
1836997322557067292
1836998573562433955
1836999414897914231
1837000342300442819
1837002180412285307
1837008888970858537
1837012983362232553
1837014016213868762
1837016083892686946
1837019522571641241
1837023724509303172
1837024075639611411
1837025043479679368
1837025364020973959
1837025366550130871
1837026530729546105
1837026646718607382
1837028773763633653
1837029468411416923
1837031123538293199
1837031381672612215
1837032541766721650
