1416797248172691460
1416810307540770830
1416811155058618370
1416812621198598145
1416818295735349253
1416819222122876928
1416948466605977600
1416951003698515969
1416978833710804994
1416978858041954304
1416978927826792454
1416986839102021634
1416990551891582978
1417012919963852809
1417027453529116673
1417030816136265730
1417043599393390596
1417060230815358981
1417061273468997636
1417065125157113860
1417065967176142850
1417067415330906116
1417068787203862528
1417077292308725761
1417082102839795715
1417082389541519364
1417082650519498757
1417113617942470663
1417115099395809289
1417122964949004298
1417136810375872515
1417182437390516224
1417182646807908360
1417340944278441984
1417359686253170688
1417388064482086917
1417398386420944902
1417401606354575362
1417402390311931904
1417404884903546885
1417405472064241666
1417411155237109768
1417411232630415364
1417411300796235776
1417411787801042945
1417411948841377801
1417412096048844803
1417412103254667270
1417412486077108226
1417412493115199492
1417414777912008709
1417417365885620227
1417421202272915475
1417421208618864642
1417423839558979591
1417423888124841987
1417423989010419712
1417424026465542148
1417424061836128258
1417424287258923010
1417434503505584130
1417484945380020229
1417485079388069889
1417497627852214279
1417498287658131464
1417499542346518528
1417503909858340871
1417509661960335362
1417511946564235264
1417518580787154949
1417530130583363584
1417534949817667585
1417542059624337408
1417658410082783234
1417658757534818304
1417684329535262722
1417708815458340866
1417713281343508483
1417722729059422210
1417727534213472261
1417737157284794368
1417745803506896896
1417747949874941952
1417747952261500930
1417747953020592134
1417747965712625665
1417748160848429058
1417748194696466436
1417752618361778177
1417763820274024450
1417765703046733824
1417769094602911745
1417772325164830727
1417784000333058052
1417809861664903170
1417811642486693889
1417831996848410629
1417832327095349251
1417832703806771204
1417832981595447296
1417834416986935297
1417844143271804929
1417849492875857933
1417851686681337867
1417852031881019398
1417855826018988032
1417856095712780290
1417860751704739846
1417861272754802690
1417862027226226689
1417863504858550282
1417867490235863052
1417867856046280716
1417868059126112261
1417868319168688135
1417868672853450752
1417869811543990273
1417875697196883968
1417876186756050947
1417888392709214210
1417894405252419588
1417894744147914758
1418049851388923905
1418055413577129988
1418100916180328450
1418103484482654217
1418103802855526403
1418109806993281029
1418110061159665664
1418122286536675329
1418131426453581825
1418136727516975104
1418137341663739904
1418137387893346304
1418137428070572033
1418137676528586759
1418138761007820800
1418140041927282690
1418141303884316675
1418141590304919553
1418142216304824324
1418142846930980865
1418142955047571460
1418143144583974913
1418145352855683077
1418145665503272964
1418145890674495491
1418146025135431681
1418149490406481924
1418149767637397506
1418151131256029189
1418201851476938754
1418217016473751553
1418217473363496966
1418220890123165698
1418227037278412806
1418238780121649152
1418239744702500864
1418248905506975744
1418261902191325187
1418265956279750657
1418272061449904130
1418272162637434883
1418398333018640385
1418424614078750720
1418438483664719876
1418505463876919300
1418505814919106563
1418508703263707137
1418508849242206218
1418509594079293445
1418511183175319558
1418511553695862786
1418513236446486529
1418513872248471555
1418524352782356487
1418556932726530061
1418557055275728898
1418562604440580101
1418589154888196097
1418590006839451660
1418604537095475200
1418604721850392587
1418607365956374530
1418608073967423492
1418608715930816514
1418765574763470848
1418766181184380930
1418781655230140420
1418829524389793798
1418833415353290760
1418833417379188737
1418835657925873664
1418837294598004738
1418837312948080652
1418845300660215808
1418852273497677824
1418854111705923584
1418856213954011136
1418858047502393346
