1928036453776257513
1928037170478207014
1928037966515196028
1928039116173946900
1928041121541935162
1928041199501464001
1928041306678513940
1928041343646871822
1928046791615991845
1928051258201383179
1928054808604250259
1928054892574257504
1928056330616504539
1928056699694219519
1928058437193322762
1928058864739787212
1928059034243866717
1928059449324994958
1928059573975298202
1928059984941916490
1928060094857544039
1928060648694370481
1928060818081599578
1928061412930203993
1928061901503701404
1928062585787515289
1928063582270259544
1928065919361708054
1928066543025349054
1928068360660557923
1928069680612127144
1928071799683600711
1928074771935416376
1928076428005773746
1928076996581732563
1928077346155720734
1928077525747650659
1928077730253336799
1928080057039475154
1928080062999581006
1928082474812461262
1928082874693210515
1928083268894658888
1928084734275387666
1928089768036126835
1928105717174595839
1928114113915285950
1928132477228646669
1928136911484268624
1928281302148501737
1928297901433757829
1928330241354666218
1928330247872860371
1928333028499071444
1928333244488908902
1928333638518673673
1928334279727038781
1928351136173482411
1928352508327403796
1928354869041402261
1928356911058940331
1928358148546646147
1928358157014737186
1928358513668915477
1928359252420169972
1928359930014146892
1928360047857316257
1928360787585704194
1928361119300661309
1928361272447287747
1928362427965460938
1928362963666440379
1928363409931690409
1928364378920808682
1928369667686515155
1928372539593769402
1928373386712871401
1928374775451451402
1928376015992074267
1928386195551400156
1928386218334580799
1928386599168979382
1928386702080438690
1928387249806152163
1928390430392992030
1928391199892685097
1928395661701198076
1928396967912103982
1928397801592889369
1928398825347276858
1928399172949918090
1928401724374487217
1928402239288377787
1928402751106527426
1928405162307272728
1928406375304212628
1928408179160793296
1928410560133054767
1928412215419236800
1928413726748663983
1928413731467276774
1928419332339503550
1928419534962323914
1928422417912795335
1928423792809762887
1928423797910106602
1928430351363559682
1928438509511020595
1928438580260524352
1928438671734141173
1928439081392075181
1928439542903644366
1928440119402631337
1928449733175194056
1928449802146304168
1928451061116727466
1928451064002465855
1928456227429982716
1928463699410358307
1928464779359695051
1928469657905926629
1928473849869345214
1928517644275036649
1928685810716492140
1928686136462843914
1928686366319112541
1928686847959437656
1928687004100829354
1928687276445298873
1928688072331284612
1928692406754455869
1928693694472814791
1928695475596620201
1928695889356321151
1928696600374710617
1928697272230879442
1928700575618596994
1928701472205656149
1928704323032076418
1928717222177824800
1928717966473933193
1928718807972929762
1928719284064145846
1928721020627595767
1928727835461456176
1928727936552640775
1928738414305628662
1928738488469410243
1928744122656968945
1928745513634926761
1928745555083104402
1928745560367837684
1928763374776533424
1928764431376281871
1928766144518750331
1928768699751600206
1928769536406307311
1928770479940071705
1928777014233747943
1928779159288828273
1928779165492236796
1928789987086012704
1928790061211951585
1928808707682611604
1928809399348269363
1928825277615870290
1928825285849371029
1928827714842075312
1928834324511527297
1928835360726921398
1928835613312061613
1928836548180496654
1928836559161147573
1928836567390355685
1928836708767825989
1928838530857349519
1928839906580660542
1928844197689438276
1928851962021249526
1928858986037571851
1928859752970289414
1928860184262189223
1928863516859003165
1928864257296281705
1928870475230503026
1928994245915861273
1929012066351808815
1929012262984900622
1929012343091917160
1929012396867334398
1929012412675489955
1929074917850661221
1929079930190487673
1929080719332069476
1929082420852306141
1929082460777673166
1929084452598095890
1929101976953831511
1929102014669049949
1929105279083557356
