1855542774009073925
1855543492342436002
1855544231278035372
1855544329277960406
1855544938441884076
1855545726530662424
1855546234188210214
1855546238118293556
1855547432807141678
1855547502881018108
1855549009391481267
1855549013845803168
1855550080037867925
1855550084001542387
1855550469193564549
1855550515305709569
1855550527343386938
1855550542824550477
1855550568732983354
1855550571802984748
1855550893325681092
1855552731844633007
1855552735476888012
1855552956265099737
1855553307416072524
1855554165445161068
1855554168779632936
1855555034785960366
1855555038539632812
1855555440131928353
1855556143692791895
1855556147006341249
1855556955097460984
1855557476357468600
1855557605705343420
1855558122762568098
1855558533917643168
1855559188807626850
1855562905015800143
1855563686817263730
1855564145275666619
1855565547917688909
1855568270788801001
1855569101005135915
1855570304506159326
1855571519466037346
1855572320490074426
1855572324034167139
1855573288065597537
1855576985629839674
1855578101234765851
1855578588256354513
1855579223034933409
1855587574313595128
1855587772364427637
1855587791100371126
1855587816761106904
1855587833441931599
1855589584685445624
1855590448506585473
1855591168551088160
1855591326273663075
1855592470345556086
1855592674297790868
1855594865465475088
1855595232231883102
1855597560498454576
1855598122677796959
1855608020727673266
1855609546837778471
1855615258980962450
1855622838520103029
1855627586254286942
1855629505119047705
1855679271039345109
1855679500505567478
1855679639055917567
1855679919227081019
1855679974772285503
1855680006409933073
1855685206461804643
1855785012135694790
1855836345710813371
1855836685839540700
1855836968309162003
1855837183183397006
1855837749992943673
1855837968847757751
1855838185819189525
1855838337690706368
1855838467202400392
1855838631589814463
1855838817330315439
1855839161850450144
1855839368658964767
1855839463550939575
1855839857387721021
1855840101621965060
1855840260439355670
1855840397400158673
1855840560181100777
1855843053367628208
1855844596351459734
1855845596500050213
1855849058503700691
1855849681575919882
1855861744297730501
1855861748030726334
1855861751658762434
1855865953550282954
1855872540473766267
1855872990631657735
1855873153370665189
1855874970448224311
1855875577275879846
1855875937910534299
1855877266431201454
1855877353295253614
1855877430558257637
1855877497671327866
1855877653322191108
1855882253295026478
1855889115860074773
1855890426969854303
1855892271348269130
1855895180005769332
1855898007474143469
1855898583104667886
1855905250022142016
1855906202389213228
1855911858110349446
1855912894761701547
1855914519849205911
1855919658198761825
1855919661847834988
1855923106344522192
1855924838772212163
1855926162553246131
1855926996494061727
1855933117711962613
1855934307405332530
1855940894605885529
1855943135773511703
1855943608056336650
1855956152057761984
1855957000955560170
1855957380007162281
1855957384184897629
1855958665150304498
1855971629425397883
1855977041788551273
1855982443301630382
1855985677957239143
1855987096592539925
1855987466882478548
1855996206859899134
1855996211528089697
1856002875802943980
1856003052483817549
1856003299603792011
1856003773111402903
1856016787105587679
1856016812674101639
1856018094982083019
1856022954577998225
1856025850300293539
1856026779745489170
1856028874297225684
1856029943341441337
1856033884577648718
1856034522003059053
1856036697319879154
1856036700935291350
1856041561924239655
1856042309185585187
1856042765697909185
1856044293133349051
1856147400324448671
1856157513420304760
1856166303268036718
1856177771975979021
1856181002378588394
1856188194984996982
1856203888107630724
1856205075452178550
1856205789267947977
1856206699776086469
1856210367732691336
1856212863276462263
1856213080319066377
1856214819562758465
1856215460532105348
1856215939911692804
1856216349967573201
1856216457811771555
1856216490355335334
1856216791888150897
1856217724961337508
1856218254643212394
1856218369944629553
