1182912998014218241
1182929695282589696
1182933469451542529
1182949855615832064
1182969911460548608
1182975506993446914
1182982711012556801
1183039238649999360
1183291825810886656
1183358207801954304
1183360451557515264
1183385722352357376
1183606208747331585
1183607736791007233
1183609142591639553
1183614842931830787
1183666542334005248
1183682169547288576
1183717297891856385
1183721208736448514
1183724064117907456
1183724725656178688
1183725417691144194
1183725844528693248
1183725924967010304
1183799282932932608
1183802787370455040
1183804140889100288
1183804239283249156
1183804363149434880
1183977031869980672
1184007750990225408
1184009527693168642
1184052243802181632
1184137430602936320
1184154095243816960
1184335901859540992
1184346956874670080
1184346976067846144
1184370025165017088
1184412430085943296
1184476095686434816
1184692716942188544
1184710795143172098
1184712463490535424
1184721417515831298
1184727849938243584
1184777008380661760
1184800194958774272
1184811722197983232
1184894198169755648
1185058904243240962
1185085883684282368
1185090672753180673
1185116023982157824
1185151395718193153
1185195638419443713
1185254202651500544
1185391428765179904
1185420052314484736
1185446137156653057
1185453796945608705
1185453846610362368
1185453891334262785
1185453940952797185
1185454606777606146
1185455181070159872
1185457551887888384
1185468253503541248
1185521059333730304
1185529925303824384
1185591359727497217
1185784449587281921
1185875500171849733
1185917322659131392
1186090550069346304
1186105109912047617
1186147938667356161
1186148523605032960
1186149195264081921
1186194128633073665
1186207353529454592
1186231414120804352
1186252755058380800
1186280293319053314
1186532540191887363
1186571530689372160
1186572483442266112
1186588992621301761
1186591645040381952
1186593662718758912
1186593898837078018
1186594523184369665
1186610826876076032
1186611795244417026
1186613199241498625
1186613972645990402
1186615486890430465
1186616089813192710
1186617012123947008
1186618795785252864
1186877236055425024
1186884381492703237
1186935355548659712
1186952625691869186
1186955476547751936
1186955994095443971
1186957505580027905
1186957814687649792
1187007604804870144
1187012210331009024
1187074092148461568
118711391623458816
1187208445000159234
1187233057842946048
1187234054275362816
1187272482572529664
1187275518028046336
1187294925257236481
1187299373257871360
1187317441770086401
1187320178482171910
1187321591828381696
1187332099419754496
1187332799176425473
1187336666517688320
1187340515252957184
1187361798451646465
1187390799186542593
1187395411251585024
1187421349792243713
1187593686764310529
1187675106950012928
1187676111519399936
1187676377132126208
1187679207356133376
1187681775658553345
1187746164994654211
1187763711823339521
1187932694954430464
1187946331878223872
1187981376823250944
1188001047798640641
1188025782926331908
1188026888502960128
1188027227046199296
1188057043933941762
1188057329469575169
1188057998934999040
1188058250219929601
1188111104162983936
1188341586549071872
1188643861016412160
1188714077276667904
1188802340356153344
1189003854332870656
1189006196847468544
1189016112643461122
1189028102233456642
1189029483371622401
1189035643013255169
1189046547339546625
1189046955659296768
1189057124539592704
1189057775894052864
1189091358964768769
1189097767580270593
1189103568151666688
1189115244796248065
1189130401794519040
1189150612371361792
1189176487477272578
1189177215260356608
1189177756199706626
1189195559875178496
1189356062132068352
1189357418620145664
1189360964790996992
1189377381598781440
1189378814196867072
1189422918314258432
1189445401461456896
1189462136440807429
1189477428114014209
1189486695877464064
1189504694101536768
1189508639540645888
1189509632860946433
1189511153547796482
1189515181425999872
1189568386549706753
1189727302600425473
1189771318666780672
1189776394294681601
1189777701751513090
1189778714856312832
1189780308423512066
1189795782167154688
1189796397140168704
1189826043835600896
