1934472226759413976
1934472489410961710
1934472863194705969
1934482586468036989
1934483518140363144
1934484249480200280
1934484741413331095
1934490517175418918
1934493482439389212
1934494190802739394
1934494195487793488
1934494716952998192
1934499215901962632
1934514593197592620
1934516648758903032
1934516907983704475
1934517327816716402
1934517918336946535
1934518224504361451
1934520985690186077
1934521868985241638
1934524708290175359
1934524924070367686
1934525067050000533
1934525579547775163
1934525654550384790
1934526740430516676
1934527620420624555
1934527666998108498
1934527681846296704
1934528119832236436
1934529314311352630
1934529325816242684
1934531001721725375
1934531128842682847
1934531865853280743
1934538618934333489
1934539825895621029
1934540527988564466
1934541196921364664
1934541409492873350
1934542437676208360
1934543275035402467
1934543543194046949
1934544549994729498
1934544556214956074
1934544561923354952
1934545526583894190
1934545833795674295
1934546111085105652
1934546448823247169
1934546812616233416
1934546860531949786
1934546866353717395
1934547203156226326
1934547530429390878
1934548336276869571
1934548342027239774
1934548348029313336
1934549082623922198
1934549260630184184
1934549265789198387
1934549749014970563
1934553926101324219
1934556975070904623
1934561391136174220
1934562194215289178
1934562287022461175
1934562468682227833
1934563000264098118
1934563881025937432
1934564348648628628
1934564899247775842
1934564937059442877
1934565550619025863
1934566233518805472
1934566746968739923
1934567549192286623
1934568367257739692
1934569520565571675
1934570527450157145
1934571545692864831
1934572569342124331
1934572656189485308
1934572998897639828
1934573470538764522
1934573523063931033
1934574021145965002
1934574228474597723
1934575669222232295
1934576365199831055
1934578416503984254
1934578811984912878
1934579349564658015
1934579907373531228
1934579912444445131
1934580280997933258
1934580334613688326
1934581924384931964
1934581928768000417
1934581932941341109
1934582409003180082
1934582416074842453
1934582974621888714
1934583176586047921
1934583734537515395
1934584268870893801
1934584366723977357
1934584586731942011
1934585038953464077
1934585442705555526
1934585507251691705
1934585807517683892
1934585945279562006
1934585983267385535
1934586289543954627
1934586459518099514
1934586502643843339
1934586628997279885
1934586925421396168
1934587026189566160
1934587210143330520
1934587237896962511
1934587312673047024
1934587835170029998
1934587900244742384
1934588211592130707
1934588487505989660
1934589098746097886
1934593291431063598
1934594235291889707
1934594347623669890
1934594836365009354
1934595134814818565
1934596395077714309
1934596432956436810
1934598247366136290
1934599033089397106
1934600699784184091
1934601536489091304
1934604283808530493
1934611638759326156
1934612510583263275
1934618298559447230
1934619279993020549
1934627402149446011
1934635808956494062
1934638001017287117
1934638557618151469
1934639096015765777
1934639464607068323
1934640135485968537
1934640468866072826
1934644381581296058
1934649635743912141
1934649641515229336
1934650424096920025
1934670220511297807
1934733384120717723
1934816817039724577
1934834983547367718
1934841698636714175
1934842719840686124
1934846981236773020
1934851886936707302
1934852551175975151
1934852644729995620
1934852712501317724
1934853226018558364
1934853666869268854
1934854318458585325
1934855552431214627
1934860132439216377
1934862676590776761
1934863117319864735
1934865005293523141
1934869201522708922
1934873777160012228
1934873929182756999
1934875167718822111
1934879159605711150
1934879614821912719
1934885644222038025
1934895922057806165
1934904613574164671
1934908739162972249
1934910314694476162
1934912530062954708
1934914117376319557
1934914161215197345
1934914197294592208
1934919174914203978
1934921820098187347
1934924865821458586
1934925161582805438
1934925888468234350
1934928748941594852
1934932765784592668
1934933522256679203
1934935303514644945
