1303636357915373570
1303645208500998145
1303650120270057474
1303663842216439812
1303699985876291585
1303702129551441922
1303702701398618113
1303705217863766016
1303710251384930306
1303748901707460608
1303751124701175814
1303893754592387073
1303923712039608320
1303932231203733505
1303948336760668162
1303948380847005696
1303948717720891393
1303974942002745344
1304003016878559233
1304030124568838146
1304039401417138176
1304044386779455488
1304047994967261195
1304048027175321603
1304048523621482497
1304048590738784256
1304050574380290048
1304051097259053056
1304052355655020545
1304063307779719170
1304065935523733504
1304066016192786433
1304072267089940480
1304072880934678530
1304079272672481282
1304079419917529088
1304091654110851072
1304265018222014467
1304272404236001281
1304273250411741185
1304298004782804992
1304310103504420864
1304310112312373249
1304311490652958720
1304316286801862656
1304322791873806337
1304325414920224770
1304341403351228417
1304342819281104897
1304343167173451776
1304343342772187137
1304357250312466433
1304363652561203202
1304363676649099264
1304370734249193475
1304383470144159744
1304384380412989440
1304384460633169922
1304393429963612161
1304401381965455360
1304412121887768577
1304414390884528130
1304416855398916097
1304418155167535108
1304418165640790016
1304419428839256064
1304421940765941761
1304424457700663297
1304438560880123905
1304455653998522369
1304460311357870080
1304463066013155328
1304600541419405312
1304601189795815424
1304614252485865472
1304615371303862274
1304615698992230401
1304655199349374979
1304669682532671491
1304676217195380737
1304676801474514945
1304676952297467904
1304677759990378498
1304677968912891908
1304680406747197440
1304683043957792769
1304683856839098368
1304685953080983552
1304688200250613763
1304700726493343746
1304700728603148288
1304700730964549632
1304712493017694208
1304717151287214080
1304744717704335360
1304770248948637696
1304770570127515649
1304771957880102912
1304804805328556032
1304804893710929920
1304810429093273601
1304810433438605314
1304833491633188864
1304990479197458432
1305007025718353920
1305014738166849537
1305040778469601281
1305041438443405315
1305042873612550149
1305070487538556928
1305092147385786368
1305094090153816064
1305097026888105985
1305100192895516672
1305107395132100610
1305108642119647237
1305109754348355584
1305109852893528065
1305111565322997760
1305111773402394624
1305112125568770049
1305113615314219010
1305119318695321604
1305119814726201345
1305120295334809601
1305121344175005696
1305137195338969088
1305144531394768897
1305144791252918272
1305150963372552193
1305155147224367104
1305157157218729984
1305160801557250048
1305164548802883585
1305167797723357191
1305175900875440128
1305330695980474368
1305331051045089282
1305407328187871232
1305422829656006662
1305423982775083008
1305424431548833792
1305426254892474369
1305426330301820930
1305426416679280641
1305428622635720704
1305436181006397440
1305440855545659393
1305440891272740864
1305441372707536897
1305447588691206175
1305447999187742720
1305448060441387009
1305448084583755776
1305448138736451586
1305449864755425280
1305449904949452801
1305451246824771584
1305451479315095557
1305452320226816002
1305452442402742273
1305453077051310081
1305454013404520451
1305455597827928065
1305463109004402688
1305466468134391813
1305468844006285315
1305474041457684480
1305474269569191936
1305484700283105281
1305532108832604166
1305532184522944512
1305541338771918851
1305546471308234752
1305556669745655809
1305711381635719168
1305715060329725953
1305716495234682881
130576054413832192
1305763372709756928
1305767053744201730
1305815173421101056
1305815294997180417
1305820329919483904
1305821485445963776
1305823661954232320
1305823925478121472
1305823941328605184
1305824415075139584
1305835878456070144
1305836905490071553
1305840570531631106
1305846901489639424
1305865207407947776
1305871216440418310
1305876844940423169
1305880048197685248
1305882564876406784
1305894258566598656
1305896609947869184
