1900803016414150734
1900806033599328693
1900808475338514895
1900809717074849808
1900810059677946123
1900810280990634342
1900811051148747039
1900811285664518426
1900811563818512741
1900812660452847870
1900813430132797875
1900813990080770111
1900815312058282250
1900821050369458500
1900823050142339579
1900827318987485523
1900829176992559262
1900829335222968573
1900829495688405184
1900829731257544803
1900830256908402943
1900837366442717340
1900838067201839161
1900838617293222326
1900839444330229810
1900839779207705055
1900839912775315711
1900840824981852365
1900841175520866536
1900841927165309223
1900841960354836855
1900846320539337002
1900846955716137087
1900848271360475608
1900849901732581651
1900854318233969124
1900854645360390480
1900855125272318456
1900858876431626669
1900864559168319541
1900867618191425675
1900871746577977843
1900873544458006700
1900875815585562915
1900876998203085118
1900885539592819183
1900885965625061618
1900886438671175795
1900888515841585392
1900888546166345870
1900888982663426480
1900889428098511153
1900889806248570935
1900897469711692215
1900904489437237559
1900906485695340663
1900914628995219689
1900916981693608392
1900924856289362241
1900924894952751261
1900924930403037186
1900927384142205241
1900928170695815309
1900930578918297756
1900930582705500219
1900930865250668898
1900931313286476108
1900931951974117478
1900942006756798561
1900942038234968310
1900944470666826071
1900944562581078295
1900949131247710673
1901089240496435524
1901090181299818597
1901091475007676419
1901094273136947280
1901132662754193581
1901134204785574184
1901141189187039649
1901141758203056547
1901145433164181659
1901145945020223900
1901158588225384510
1901160011310788801
1901170249191563735
1901170465592537193
1901170469883060264
1901189459418464273
1901199440704061824
1901199972672168094
1901202040878928104
1901202375181808010
1901234904412930069
1901236295197950045
1901254927705587793
1901269441092182244
1901272733465686480
1901273583038472618
1901274543744061621
1901274860036464940
1901275011752907123
1901277192023392592
1901278176665629125
1901282294838817254
1901282382172639712
1901282450900410499
1901284977339420689
1901284990148817324
1901285003058982927
1901290503293071679
1901315119822581827
1901316002685849802
1901316056322552038
1901323527187476550
1901342244113961215
1901342683618238813
1901343393898455417
1901455825031557204
1901479170334675182
1901500480590868963
1901500588099322031
1901503434790162834
1901504074690019359
1901504763247923306
1901508482425352199
1901513526323392724
1901513547718516747
1901516114753999186
1901518086664298915
1901518945137594835
1901519760254554497
1901521182605840695
1901523681031156075
1901531276475338962
1901531873349955620
1901532208407716322
1901532962157674980
1901533510701322629
1901533940235776445
1901538836817354977
1901542308585291784
1901542337987142124
1901542357293826234
1901543760766656963
1901545830055911624
1901547968836063699
1901552020949205353
1901557757222019204
1901558952263123311
1901558957736694268
1901566289178694092
1901566874380574847
1901566956140106126
1901572855806210192
1901573814687088777
1901582992637841822
1901584175125430357
1901584797795016783
1901584804292055472
1901585281159209240
1901585718964830438
1901585725730246733
1901586267974033476
1901586440506728870
1901587823398097011
1901588629698605526
1901590780055355589
1901592463422464443
1901593061144322388
1901593353915118021
1901594870289969435
1901597556599362026
1901606759699239141
1901612974059790834
1901620312715690233
1901622819869589981
1901623808806596665
1901625414654865510
1901627316322840698
1901628573682643175
1901628747180327343
1901631136515973393
1901637498368852474
1901643235954659789
1901643265574928549
1901672899267932315
1901675305632424051
1901677016199606608
1901685906974880194
1901835198524018784
1901835596844408985
1901836168557404540
1901838401382633964
1901839050702798959
1901858250972393976
1901861151182619094
1901868149924069768
1901868964600520892
1901869602860404765
