1834135008552034467
1834137021813842184
1834158571207999854
1834165138737561759
1834178095944745345
1834182941439557897
1834183465509818750
1834183543351619808
1834188543062892734
1834193302108995943
1834194709620949188
1834194943335620997
1834195516227260598
1834198912204181738
1834202626080088308
1834202652499927286
1834205824186528175
1834206404757848132
1834209233547481552
1834213488144855378
1834213492150383063
1834213495929503758
1834225360197529728
1834226131488092530
1834226299918803226
1834227483681718319
1834232933349294484
1834236700236955807
1834253789911818699
1834272242261524852
1834272306916720976
1834273459989610799
1834274349710541167
1834373929692962970
1834404129613254955
1834423960429293613
1834438033812120000
1834438618833719375
1834439031221792973
1834444725828681842
1834444731415232768
1834454318826893772
1834457706608164998
1834458314605842619
1834458403214966790
1834459118662549966
1834463250080997489
1834468723807154655
1834469315292377506
1834470416162979943
1834470502888325202
1834471090615431315
1834471424263946559
1834471713226326167
1834472257592111367
1834472574023335998
1834473051422871810
1834474110530842789
1834475572212150321
1834476876082958407
1834479750334616043
1834483081656631432
1834486015739752728
1834487195261972715
1834487502779916419
1834489836847366383
1834507642284499002
1834513760444158208
1834514051528831348
1834516135070347559
1834516264989135202
1834518554336760100
1834519789168923051
1834520725673369805
1834520730031296709
1834522003212210379
1834522007515570233
1834527160360391081
1834529402094538935
1834529405236031899
1834535598025023771
1834536384591261868
1834537502155133131
1834538214310244690
1834553320775500024
1834553546999505123
1834554217522155712
1834555235857015228
1834560684241367339
1834562009481818575
1834565867545231440
1834566923763265544
1834570413159969037
1834570869894451209
1834585157153570934
1834587903365722387
1834588955569795427
1834590662064218234
1834600422268391589
1834601829511909679
1834602055257759996
1834607979481686481
1834612541747867919
1834614553394729006
1834615017838440615
1834615360097837171
1834615521880260655
1834615990505886006
1834617094958432309
1834623080116937048
1834630622784163875
1834630699044708859
1834657994493034871
1834715262819373515
1834715404742410573
1834716400390451335
1834766515515933009
1834774595020128507
1834780106482393481
1834782687187579156
1834788561247154525
1834793319622193369
1834795178789351454
1834795203326071083
1834795221072150778
1834795387623788814
1834795585250926635
1834795655006388681
1834795667882922214
1834795695812833488
1834797483198742753
1834798921433899499
1834799211411316827
1834799254159671805
1834802578938384468
1834804433286476067
1834805031788519920
1834807155591106668
1834807215741714711
1834807248071118888
1834815424615047361
1834815976342278641
1834825673812459956
1834825919569313975
1834828549385339107
1834831025291071730
1834831508093518189
1834831937627996425
1834835109515501603
1834836323779387482
1834837006666678334
1834842422670495934
1834844519872753957
1834844526495908064
1834846530874097952
1834847331738640412
1834849077236056432
1834850047634423885
1834850259744502258
1834851379430801498
1834852230438211683
1834853274236940788
1834861044168077467
1834863913286221867
1834864685759267039
1834865046624911577
1834865644220637684
1834866306052681830
1834866600987836468
1834867178710925659
1834869209131893193
1834870999147594057
1834874073232687563
1834874077636706627
1834877308014149964
1834877311482728487
1834881034527424974
1834881042601111841
1834881309782819049
1834881829952016606
1834882104355934489
1834882172869918877
1834882754821210267
1834883601974129111
1834885274662584352
1834885611485880806
1834888282947371192
1834889113922945201
1834890193456726221
1834891287306420599
1834894265039946114
1834896501509652731
1834910796003881441
1834919052709384561
1834919520810471468
1834919812520124868
1834925579436802337
1834929017553928284
1834944766762426759
1834945114453549390
