1538820205664620544
1538831627627134976
1538831746430808069
1538831943168839680
1538832057983713280
1538833425620418560
1538836726281797632
1538840386151403520
1538841291252830210
1538841670992596994
1538841997426839553
1538842296619520000
1538843269391536129
1538844205753065472
1538851589271654406
1538852193897328640
1538852572592623616
1538853137418575873
1538854634718371841
1538856082462089216
1538856450063466496
1538860432831569920
1538862340476923906
1538862392956039168
1538862661454417920
1538870515187609601
1538921953842515968
1538922718175064065
1538938167415476224
1538947282510712832
1538947315305545728
1538947345382944768
1538950412643930113
1539113797126078464
1539119363961556992
1539119366079660033
1539121431031992320
1539123265091907592
1539124473105981441
1539125177254039552
1539130557510332416
1539151356019126272
1539152022049460224
1539163467026145280
1539166941998264320
1539180677584678912
1539180834275504128
1539181260664209409
1539181663258677248
1539181701921878016
1539181722092249088
1539183007558344705
1539183367651926017
1539190903453413377
1539191667999535104
1539198618237739011
1539198799440011264
1539208542418137090
1539208894500593665
1539227824011104256
1539229066959949824
1539230375070662657
1539231641406775298
1539236477296553984
1539239248964239362
1539251775043162118
1539264621739028480
1539267246908125184
1539281434044604417
1539283710503112705
1539293194101268481
1539293215060217856
1539307954293178373
1539308230249021440
1539308667454992384
1539308693019275266
1539308910628065280
1539425720488718336
1539443693920215041
1539472904160546816
1539472913551699968
1539472928495939585
1539472943524196352
1539472961492553728
1539473016425308162
1539473039603052544
1539473206125375488
1539473214081933312
1539473225712750597
1539473233874890753
1539473243773407232
1539473253105668098
1539473260416360449
1539473270201667584
1539473283459928064
1539488541469577218
1539488925894397952
1539489015484669952
1539494241528795136
1539494386995671042
1539495359990272000
1539504327970402305
1539507627860054018
1539514496309694469
1539516925897674753
1539526569936310272
1539529899886555136
1539543488156815361
1539543605777678338
1539543679463202817
1539543712086528001
1539543881137942528
1539544804383944704
1539548419441983491
1539549034440175617
1539566971397996544
1539568024679636992
1539570197744345089
1539573645898461184
1539578885527834624
1539584588510466048
1539584623084113920
1539585806213316609
1539585829546274816
1539586242622345217
1539587350556479488
1539595191258349568
1539597815831494663
1539598809634082816
1539600668776083463
1539601727241891840
1539603114356944896
1539604953496711168
1539608496026427393
1539623356462313472
1539624307801739271
1539627494893965312
1539634331773128704
1539639185090301952
1539639870905548800
1539641954145017856
1539658841952243712
1539793674560671744
1539839122281742336
1539848520286740481
1539853094468861954
1539856162950377472
1539856235755098113
1539857498584514560
1539858605515558913
1539860838944608257
1539865139109072897
1539866082257043456
1539870561525936128
1539871728335069184
1539873680183816193
1539874806157680640
1539874810628517888
1539874870900600832
1539875122529435648
1539878451175628800
1539892756687966208
1539893590557487104
1539906413396656129
1539906437773946880
1539906446502301697
1539906462293839874
1539909781020110849
1539913087695724544
1539915315492290560
1539917625261985792
1539917974232268805
1539918124870684677
1539918958257926144
1539919643166806016
1539919660514439170
1539919969957588992
1539923108861460480
1539924188416589824
1539924259048652800
1539930399723294722
1539962022820864000
1539962754085568512
1539965434585174018
1539991212694052864
1539993686003421186
1540001285248024576
1540003128241946624
1540005543313801217
1540013590714802176
1540016307248439296
1540016903518728195
1540023074472742912
1540152368431796224
1540192726104190977
1540200595230928896
1540204927322308608
1540205972613787649
1540216671024971776
1540218707623825408
