1837032863885033675
1837034071391687037
1837034401622020308
1837034792828948753
1837034795689447667
1837039355396751362
1837041234256265584
1837041326593888540
1837042556477264081
1837042559236854104
1837043421405495352
1837044781425328536
1837045352593297474
1837046281711276527
1837047255603511462
1837048739443495365
1837055002164019319
1837061087268614144
1837067426011201924
1837073863227650258
1837075144835223590
1837081297711186407
1837089590139552030
1837093066244817043
1837093216887394620
1837093913510744348
1837093990287438203
1837094205295898682
1837094240964464883
1837103301311221959
1837103611370950978
1837104543378678091
1837105151741510060
1837105368247455753
1837105372110409902
1837105552180249071
1837108373197598861
1837111681098346998
1837114999946530822
1837115392650793275
1837115749019832710
1837122909506261163
1837147758303793187
1837151573962588468
1837151620502831199
1837186341420826705
1837303231476638137
1837319753104523552
1837359310554480954
1837360403673911762
1837378022447481161
1837378083755815401
1837380918106792017
1837383715053621478
1837386289949430204
1837387385539383708
1837388326292410779
1837389271683997773
1837390144355422532
1837391801365549382
1837394107632681185
1837399489553789281
1837401448919044241
1837401531861053739
1837403330521235900
1837410102665757154
1837410140464861701
1837410184324419597
1837412428813848726
1837412464478101695
1837413437691121929
1837417215190356354
1837418534177280349
1837420385735958803
1837422057342074917
1837436576890343707
1837442012691181898
1837442678247903537
1837449472130818555
1837460034231644621
1837460052313252045
1837460216696258800
1837461055670288460
1837461165825208544
1837463297823855007
1837463335698039141
1837464215470154079
1837471219290923247
1837501367805513923
1837519849041678824
1837523135790186906
1837665619325735211
1837686052028301660
1837689617727856959
1837695673665220889
1837708475943497857
1837709014215360682
1837714271855067416
1837750612080935279
1837762481294352693
1837769705462878552
1837774615839756523
1837774671644971490
1837774683074449455
1837774698106835123
1837782435469066305
1837786179497775250
1837826825952645343
1837845403678433535
1837849895815811282
1837855701260996992
1837856350119862329
1837863547034018028
1837864542128558231
1837867065731887118
1837867539516289512
1837869651663192179
1837870161485090841
1837871017089552625
1837873308684984336
1837873329488699661
1837873481083449517
1837873671005765732
1837885936769610119
1837894052286513623
1837897884513325109
1837898831306101133
1838028006117224531
1838033034060186107
1838033075843809607
1838040368174035103
1838056929802760536
1838073306697892045
1838074528620048636
1838075267274957094
1838075593239171136
1838075905606062311
1838076261962481686
1838080306542158172
1838081572454441228
1838082367396712456
1838084198789194136
1838087666937557246
1838092910123684021
1838094233200128361
1838095382842425395
1838096886701428766
1838106408832893117
1838108226321252615
1838109221793259941
1838109972799815996
1838111922886983953
1838117961103528012
1838120081315828055
1838121067711504770
1838123514504642731
1838125899130302741
1838126332527743240
1838126339900981750
1838127279836438973
1838127388997341613
1838127394781339779
1838128151316103169
1838128156664074334
1838128512273985661
1838128516380180553
1838130359810286063
1838130509009801293
1838130815907311707
1838132265462939772
1838132608653459839
1838133363926032770
1838134776999674196
1838135606477783215
1838136239158939997
1838136265952145453
1838147891623285093
1838148619771215874
1838148632148664782
1838150481824375125
1838150486719156585
1838150515298877634
1838150761282257240
1838150784636047387
1838153335578485060
1838155219068232052
1838156293460128058
1838157102461681699
1838157774825394271
1838158652764742022
1838160472945664038
1838161794935959775
1838161799298068506
1838162077052965156
1838164033851285963
1838164187811348749
1838165085992501605
1838165931056599061
1838166638572753076
1838167431313023276
