1424247835516555264
1424248767553761280
1424256164154339328
1424274513139621894
1424277889613058052
1424344709929922561
1424352340753059850
1424352345471602688
1424368081019621377
1424374087028121608
1424374294549733381
1424374909069783041
1424375250679070724
1424375444661440520
1424375703542198277
1424377262430769155
1424377680032456709
1424378352937291776
1424378642633609218
1424380780239679489
1424383266329530380
1424384922437918721
1424389919913365507
1424394423023017989
1424406163588665344
1424587105431216134
1424616174080303106
1424616875418218503
1424622830352617567
1424654629434904581
1424655487677739011
1424656689542811652
1424656714540879880
1424661689379672065
1424661710053404673
1424666017511268353
1424666457468588041
1424666621008703491
1424687005129080836
1424687682265894913
1424689252323848193
1424689261954035714
1424691742301847552
1424694337825173505
1424715036191166469
1424715224246984711
1424715833687773185
1424723638536736771
1424731581017595908
1424739265808769034
1424745393691103232
1424745948085846022
1424748183234564109
1424749578918580227
1424749763761631233
1424751199551512585
1424759745542459398
1424760412109631491
1424760495718891525
1424763233915662337
1424767429687742466
1424767431889752064
1424771851306213387
1424777284884615168
1424778230741966855
1424780745202016273
1424786709258989571
1424933707656286212
1424934377679515657
1424934485108219909
1424935871766175750
1424936152906170371
1424936271114166272
1424955105636278274
1424957031358763009
1424967300415856641
1424967695498235907
1424976614845075462
1424976774887137280
1425012114549133312
1425030148496056322
1425031882715013121
1425032215985938439
1425062045087539204
1425106776261791756
1425122622812024842
1425125353442344962
1425125417136971780
1425126318115475461
1425127949183840262
1425293516482121728
1425293747747622912
1425294086014083076
1425294220886122496
1425294535853109251
1425294619542130688
1425321837479616518
1425332090162225152
1425332683937255426
1425339875537027076
1425352619325759489
1425352678020767746
1425364064209760259
1425368010055843844
1425375514156429318
1425378356845895683
1425379838173478918
1425380276851511297
1425380420137349122
1425393853113110532
1425420617591885827
1425433713370832906
1425448485210386434
1425465901088788490
1425500481422385156
1425532262037159937
1425532526508994562
1425533182644916224
1425533231802191875
1425533293731094529
1425533716584026115
1425536251990446083
1425669686713147392
1425670101248794642
1425672245683257348
1425672469780697093
1425672511979548683
1425675043497943040
1425685187963199489
1425693869748809729
1425693986363101189
1425694150255538183
1425698849142677505
1425703396313485313
1425709285883867140
1425712746184675334
1425712957229473794
1425713099135324163
1425713167942918154
1425713259005370371
1425714249419026441
1425730635432222729
1425732665718706177
1425733082817040389
1425733517917319175
1425733913771536385
1425737000217313282
1425746464676798465
1425752509541277697
1425754847182090241
1425770561028820998
1425771656279072774
1425779417163329536
1425823089955270661
1425823247078068230
1425827896275337232
1425828930263519233
1425829338662928385
1425830007574695938
1425830716428804112
1425847453127905280
1425849146234216448
1425849908460888066
1425857753906487299
1425880144493768705
1425880196175990786
1425886202339549186
1425990551707348998
1425990572574007301
1425993098451054596
1425999814760615940
1426003665731547140
1426016564571033602
1426018016567861254
1426018097299824647
1426018121790283785
1426020676154974211
1426020783751532545
1426020911753302016
1426021060361691143
1426029737701363712
1426029830399619077
1426029895533023244
1426030015884398593
1426030208742682629
1426055962469695489
1426059023825002497
1426060968115593222
1426068492898377731
1426068922093113344
1426071566907891716
1426076657836691461
1426077110448189440
1426077218933903365
1426077295261880324
1426077365155762178
1426078005378523136
1426079089421520896
1426080424367824902
1426080895329394688
