1927347999857954953
1927348935212884303
1927351050668818450
1927351462931145048
1927353413999718538
1927353562675171758
1927354089253314809
1927357372860674340
1927360002424975721
1927360483004137520
1927361744931897609
1927362698775269787
1927373702393397453
1927376744249438227
1927388466377044221
1927388947383980455
1927388978073698496
1927392946984247755
1927401446305112477
1927586976162549987
1927587332971995514
1927587640246780204
1927587804604768671
1927588556693766368
1927588751230058986
1927591631609332204
1927600096830754918
1927604915871859038
1927605300594368834
1927615535455351037
1927615653160124913
1927622470476956046
1927622638018416739
1927625773105737870
1927626026613670007
1927626101863653594
1927626184067531176
1927629378906738834
1927637132715135457
1927637354493460778
1927637547640893934
1927638024667492631
1927639602287857700
1927639926356480077
1927640096682979709
1927640100965589303
1927640197631549728
1927641066104394229
1927641071930188110
1927642097156325665
1927642847555244423
1927642939955515594
1927643391900495958
1927643729902313566
1927645438150340897
1927649063572254828
1927649157399093668
1927649829821530614
1927659256712733108
1927659281920196927
1927659316611318045
1927659320948269104
1927660285864644665
1927661118178103539
1927661286747168855
1927661459086991620
1927661482516283667
1927662246986916315
1927664076894691371
1927664631541014851
1927665134907904404
1927665620327264669
1927666138533572665
1927666533700157604
1927667514181349745
1927668245500162499
1927668987481006428
1927673495468830817
1927673857202110509
1927678356486750287
1927678974479761720
1927679691776782710
1927679765147697314
1927680941914267717
1927683221174579654
1927685078613946827
1927685381639516542
1927686271654138087
1927686632460742659
1927686804142018763
1927686867303997714
1927686964775362618
1927688163826311360
1927691446234104319
1927692972109279265
1927694099974414441
1927694862490435949
1927696498319401366
1927697630039040113
1927699326605607038
1927701206069047429
1927701274926932309
1927701563486707779
1927701594767770044
1927703511820554469
1927705054225514944
1927705197293281542
1927705696088305876
1927705787788312736
1927707293262528890
1927709388220833856
1927709989692407821
1927712296597418388
1927713178651128086
1927714495205384490
1927718207076372893
1927720225769709757
1927720501603959248
1927720580318421110
1927731143429832929
1927731931384299708
1927733832582676823
1927734964117798946
1927737895294583159
1927741830763819131
1927745384463397201
1927753588220023088
1927767331146502570
1927904129999065563
1927904967374876832
1927938300062351871
1927945497202884915
1927956532970369068
1927957185750876333
1927957855316906209
1927959186379284881
1927962804528521667
1927963031641936035
1927965284180316491
1927975681641648230
1927976176410100001
1927976960979857560
1927978104384860545
1927978862094225897
1927983795493556467
1927985939126661438
1927985943908340189
1927992262962860444
1927992837104091583
1927993494661988775
1927997746314629548
1928003792726831525
1928010730176917948
1928011247192051903
1928011314246328640
1928014494086877640
1928015914508619973
1928016713351614703
1928017295076397463
1928017411799707698
1928017709825982773
1928017913375551889
1928018108943421524
1928018306075627685
1928019024790614120
1928019110698357100
1928019734865310137
1928019783968047208
1928019789756186928
1928019795397542267
1928020755939479887
1928021727180656725
1928021832948424791
1928022562702819457
1928022576103907661
1928023302808699344
1928023308416557288
1928024059100479665
1928024459782316426
1928024629152563272
1928025678173139363
1928026143417856145
1928027129708519746
1928027594005315920
1928027599889912087
1928027900940271734
1928029080756085053
1928029346519994727
1928029395471433998
1928029400303350225
1928030572632273203
1928030621886206097
1928030852094546244
1928031935613325531
1928033437245661621
1928033606200655914
1928034251846394077
1928034918485086632
1928035232080433504
1928036442980372836
