1950535669643944328
1950536160893350270
1950537469826671082
1950537809338474911
1950537937386672183
1950537990046138820
1950538686199947383
1950538725936754995
1950539569746911591
1950540385371234804
1950549293011771713
1950560886550298774
1950567396697083981
1950567510664962435
1950572590608880074
1950579692127539676
1950590710190682335
1950591389265453418
1950591394227290573
1950594151239893013
1950594648327753739
1950595186192785799
1950596595491479946
1950597514555695156
1950598436119781772
1950601486733549846
1950606034642608525
1950606274145730704
1950606417087607094
1950606636420157706
1950606932236259364
1950607032429785516
1950607218149392711
1950607383555686542
1950607535117136089
1950607694626541619
1950608050794160320
1950608230985687417
1950617085509587335
1950617209920749985
1950617400803803406
1950617548233592913
1950617690009411938
1950617854048645605
1950618024643539229
1950618175357460574
1950618327732376027
1950618476638585255
1950618627952247095
1950618794537484719
1950618964440355012
1950619122473320635
1950619270918066390
1950619437025124461
1950619582886232245
1950619741372174366
1950619890639057323
1950620046109315576
1950620190489600309
1950620330659299541
1950775933427925344
1950778427490902430
1950792180714594810
1950793139410608184
1950793776449900609
1950794197612818779
1950794986498478287
1950795338362585196
1950795514670453016
1950796104418677208
1950796546628309371
1950796628153311499
1950796704640274856
1950796747111870795
1950796787293229312
1950797310117519732
1950797318195654955
1950798155999506519
1950799443399479499
1950800444445368427
1950800576683356311
1950801941090517296
1950805995514720361
1950806873550311596
1950808033681920399
1950808532162646431
1950815366223175702
1950815565989503264
1950815976196600066
1950816476866412823
1950816693116457380
1950817442629911037
1950819021517209994
1950824365341470945
1950825991854834157
1950826715242180752
1950826822377099466
1950827187235410154
1950827625791819990
1950828463696540034
1950828503366009176
1950828683889197531
1950829546434863582
1950829559760515567
1950830518599073937
1950830978311548954
1950830984280133658
1950831871530512386
1950831876811207078
1950832327443255558
1950832824740888722
1950833907613720920
1950834131291513083
1950834137985880344
1950835216576385525
1950835556872859860
1950836734180089866
1950837195260248391
1950837408506728759
1950837421333209486
1950837833012556052
1950837941200445534
1950838086155333886
1950838591388831887
1950839388558221739
1950840019507175761
1950840203876442230
1950841946353897920
1950846113960902735
1950846800715554866
1950853282773274655
1950855957031911434
1950856801299395026
1950859595032715329
1950860366017184205
1950861059847307310
1950861508076056623
1950862153554223614
1950862407045427276
1950862672863379634
1950862686478348594
1950863276461429206
1950863415678832784
1950863791933063478
1950864838307057830
1950866048561086487
1950870421685092711
1950871243445694782
1950872414344397187
1950873350345248834
1950874368139297074
1950875649671086314
1950875983881310366
1950876369400815695
1950876956922388626
1950885685805846951
1950886575703019522
1950887297278496971
1950887813580210663
1950888228078444815
1950888722918187026
1950889489959997464
1950890103527924016
1950890844229361895
1950891429808738323
1950891887612829832
1950892262491107500
1950892766080467236
1950894936259526912
1950895737367355769
1950896179329527922
1950897499117416589
1950898471277347103
1950899424881942666
1950900203109978130
1950900353345745220
1950901332170490131
1950902070598574378
1950902116450701338
1950902682644033970
1950903240893305218
1950903536231006282
1950904334700695706
1950905174278439027
1950905614827221066
1950905848957431959
1950906911433413083
1950908549258690842
1950911256199909854
1950911757603713469
1950912301206519850
1950915065638687133
1950925736392458633
1950926486896095271
1950926764324036863
1950955933548610043
1950976432995443165
1951121627921445165
1951121828493000916
1951122327158268378
