1810955672164716903
1810956241176514861
1810956299934519772
1810956372781265003
1810956430763008244
1810958779317633043
1810959645990867200
1810963324227703143
1810971081093661171
1810974761553379705
1810975254245712138
1810984819423334456
1810987328258613437
1810989201862902009
1810993942629925359
1810994051396649453
1810997205966139642
1811003182866472963
1811004537186177356
1811004573206860143
1811012034961584479
1811015082832450041
1811016269300474301
1811018785635323919
1811021303669035415
1811022571153866760
1811023818942501294
1811027593614729549
1811031171624497285
1811031368459030899
1811032871424884813
1811033885121335335
1811037671881404851
1811038918810423489
1811049426179510403
1811113800084640176
1811114038115586369
1811166005378285779
1811216555902148974
1811221390072119637
1811225922533482555
1811235428860653965
1811237821224731039
1811237826438262922
1811244680958640465
1811245210913083897
1811245828532756749
1811248498995835142
1811248822074691662
1811248862214172899
1811248876390941037
1811252326570795335
1811252449807888403
1811252728607428764
1811255344204812418
1811260042760626353
1811262755128901978
1811263382399705223
1811264101626355899
1811264154117759314
1811269431114281421
1811271354626215988
1811271401057419382
1811272274483564966
1811275476779859997
1811277520488255994
1811279643300991156
1811279961648664592
1811280074811080892
1811280093966377303
1811280245728895471
1811280296253288569
1811280327471714460
1811280350389366941
1811280498939007305
1811280500126093409
1811280955627450496
1811281351196443092
1811281709746561082
1811282028043669582
1811282124085002383
1811283817740787991
1811283867883692204
1811287653553475761
1811288866491654289
1811289355451007107
1811289558765683019
1811291760074617086
1811295260724900263
1811295552266772511
1811295870622851167
1811296268968497338
1811296502880600336
1811296662872268902
1811297089491796063
1811298732589400484
1811300630209888346
1811300636559855729
1811302044600561770
1811302049054871867
1811302352818786639
1811302886514852035
1811302890566529410
1811302894500807162
1811303748221682092
1811304299689107779
1811305333597630526
1811306842624278640
1811308095290892639
1811308307422085217
1811308655624728854
1811308936639004812
1811309221918752970
1811309376122306621
1811309475812553141
1811310373003469220
1811310722652967394
1811311145699119184
1811311434795810870
1811311439472402568
1811311444052635838
1811311691512062454
1811312204328980690
1811312519967105051
1811313046238921130
1811313255400566811
1811313918926627039
1811314475682922937
1811315782237945977
1811316213785723270
1811316732843503632
1811316982492659734
1811317028675854574
1811317798997823689
1811318736756122009
1811318845388550614
1811319214952857868
1811319769586655544
1811320360245358601
1811320775326273901
1811321019086598580
1811321789081124927
1811322452137681059
1811323058361389295
1811323822068687260
1811327626314912182
1811329215645602074
1811330893887230122
1811331703027499036
1811332978699870267
1811334125917474872
1811338445383475544
1811340206756241779
1811341724960383458
1811341817348268048
1811342357419499902
1811344745949442224
1811347185071755580
1811348708887257368
1811350263027929483
1811352200385298899
1811359356752929023
1811360286609375402
1811360755029053748
1811362526686494747
1811363847694918045
1811363861225697769
1811364044902674726
1811366751000568099
1811368117492211965
1811378236401520964
1811379544697524392
1811380755110441226
1811381345429733792
1811382113221939612
1811383808073293873
1811384204598354379
1811385475329929236
1811386876118335745
1811389617578401935
1811390614073716854
1811391149984420301
1811391792815702466
1811392614760939923
1811392645757124845
1811393303642079300
1811399253954289891
1811421687243760043
1811422463387205731
1811428891711725676
1811429917130903990
1811434705767797021
1811444823947378956
1811448675778105426
1811448918447915496
1811449972908523973
1811543494265119140
1811609737169195168
1811624496534569101
1811625752082649244
