1914247372148003140
1914247391718293786
1914247415248331216
1914248578811166805
1914249259408560529
1914249460752040437
1914249585163403721
1914249601449906682
1914249636363243987
1914249678616744157
1914249730168885481
1914249758505591258
1914251490530857166
1914252379932762274
1914252405140574507
1914252436392341542
1914252466205470827
1914252519150178730
1914252538641015291
1914252560929624297
1914252585956942240
1914252617917571404
1914252637584712003
1914253943955247151
1914253963639013544
1914254646635368887
1914258253111832694
1914258397676847611
1914258408146100467
1914258512093598121
1914258693706727704
1914258825835892814
1914258964235387188
1914259075535376756
1914259224651014555
1914259403454484965
1914259537772544013
1914259649504686199
1914259779788173316
1914259918494007795
1914260065911283804
1914260181007097941
1914260334744895736
1914260420745113676
1914260592157745204
1914260936069988515
1914261204295729340
1914261367307309082
1914261784959324285
1914261893952266604
1914262150874333531
1914262236698124547
1914262920051187922
1914263056840048859
1914263223911805375
1914263324042428730
1914264209350685128
1914264366259622006
1914264504839659649
1914264649354412230
1914264787351146686
1914265193032646715
1914265491763531873
1914265864393904641
1914265971889692676
1914266089531543843
1914266245555519652
1914266648812421230
1914266756891418848
1914266865607623022
1914267007874371634
1914267147775492602
1914267259138105406
1914267353417957535
1914267660902433267
1914267776312889424
1914268021889339808
1914268173630939251
1914268449276395928
1914268538958909480
1914268652032901554
1914282224146375159
1914283118372278783
1914284421991243823
1914295378775777626
1914300376347791576
1914300403367506271
1914309906859168202
1914330449394208850
1914331516941046106
1914333106066391325
1914341971537306068
1914344806857474290
1914363428958851353
1914363908678386053
1914379930051518927
1914379970241290633
1914529595707285739
1914537268003459431
1914539308314140775
1914546769033359704
1914560338202386852
1914568959174819894
1914575603476418915
1914592095391686852
1914592111917179037
1914592117973823870
1914592997980954658
1914593035641401575
1914593516178882729
1914593695678054561
1914594146427519136
1914594364665553232
1914594368528507067
1914595278197547069
1914595302960718109
1914595978885452266
1914596857487220994
1914602230558429637
1914602974162379093
1914603117557256522
1914603194363338991
1914603399754211345
1914604740669006091
1914605134715478384
1914605196556312783
1914605297928122431
1914605417906495884
1914605517990977977
1914605610894500147
1914605708353659329
1914605819204919635
1914605941489610940
1914606053565825413
1914606152249483404
1914606286270022093
1914617331332080001
1914617857218142647
1914618236051890617
1914619531965902895
1914619912410292267
1914627353994780979
1914633460100051060
1914635252758417499
1914638835931308248
1914639298928033888
1914639315805884804
1914646743674995047
1914646773718827475
1914649870520213831
1914654178288324788
1914654716262555744
1914655388269498590
1914655468385116649
1914663639593664785
1914666219724042490
1914667276294611388
1914669768449179831
1914670007658930351
1914671001222438975
1914686801421181196
1914692738303570340
1914692743382884618
1914692748952920468
1914693888776003786
1914695132978536471
1914698575730368562
1914700743711580609
1914701312022945954
1914702486637781363
1914707873260818600
1914708001463919034
1914711420652151253
1914711991907967075
1914721484653912518
1914726996195889245
1914732561672364487
1914733814292865454
1914733885210173685
1914862876579520722
1914891986492121554
1914904777504469420
1914905900437090498
1914908161380950427
1914911174610620677
1914911620008169719
1914913242360795173
1914925657441636554
1914925690622783610
1914929608363061586
1914933600900014330
1914947455214608773
1914947886602936345
1914949709539520857
1914951513509679474
1914952744198144447
1914955547478302785
1914956663385210907
1914957615060410662
1914959548282233141
