1453201261759655940
1453224313633615888
1453224434068770822
1453237899982409736
1453247042571079682
1453252100675223559
1453252132690440192
1453252190609543175
1453252280355012614
1453252438664884226
1453253349529243651
1453257645075443720
1453265213663453193
1453266046144684042
1453266367365488644
1453270686676443138
1453278609037217798
1453287629017989127
1453296817794342915
1453297791934021641
1453301383734743043
1453313774539075585
1453314512245837827
1453314962479218689
1453315155912052736
1453315208751902720
1453315265811255299
1453315948794941440
1453319094120243201
1453322384362987525
1453323272683065345
1453333779242618882
1453355635194486791
1453358784126935045
1453358803424927748
1453358810140082184
1453359160939016205
1453361404681986056
1453361642394189830
1453361947655557126
1453362126865666054
1453362308210515972
1453362510157942785
1453363739994976263
1453365112765501442
1453366439633514502
1453369122520125440
1453371889322131456
1453373119347847168
1453374250165800964
1453377505654571009
1453385380737085440
1453385815510319110
1453386368202117125
1453386563736391684
1453387448868749319
1453390250135285762
1453390263586484226
1453390289863806979
1453390321153286149
1453392905356251137
1453395706622795776
1453402016860966912
1453406674337742848
1453406991578140672
1453548178838470658
1453548564827676677
1453550931975413768
1453566765036752900
1453572764699222020
1453595573739671559
1453595607185063936
1453595856339300358
1453598725528453123
1453603348951625734
1453609111354941440
1453609117487038465
1453609488192212994
1453611929151291392
1453611935572758531
1453614219438395392
1453620726888493058
1453621095030874115
1453623662955749381
1453623842664960003
1453624396937981955
1453626541531799552
1453629053785632771
1453629156596486147
1453629235231293447
1453630348101783552
1453631697874944004
1453631829878063110
1453632125823901696
1453633892087332869
1453634019845832707
1453634113483640835
1453635833915871235
1453635877247143939
1453637091384987652
1453638107522211844
1453640060973113346
1453640400078454785
1453642375209754631
1453642416607481864
1453644669091385346
1453644803850133504
1453645174165237769
1453647429174108163
1453647663295987716
1453648009363820549
1453648832919588864
1453651891867439105
1453663854097883143
1453663955805560835
1453663976072511491
1453664051561517060
1453664201679925249
1453666441182412808
1453667206613454852
1453667389631913988
1453668233047732231
1453677597603233797
1453678363873144835
1453682925484920836
1453684450978525186
1453685267420774400
1453686705563725827
1453687646178349063
1453690666395922432
1453690821694214145
1453694219139174401
1453699321845596166
1453700178733457417
1453708747046481923
1453712426386419715
1453714968654716931
1453724838112071682
1453726878196322306
1453727905414975492
1453728618727706625
1453728677477318656
1453728724419956738
1453732169277272069
1453732477659320328
1453733100752543745
1453735870956146696
1453736082613288960
1453736701986099209
1453738563632128004
1453740500838608896
1453740544849440773
1453744085504704516
1453746184498003980
1453746305713336324
1453746529529851908
1453747640642932736
1453747671403884549
1453755355838627844
1453755423392075779
1453764537472086019
1453773195970891776
1453776839629946880
1453787255680552960
1453787294662463495
1453792938727641096
1453794205797519362
1453796953238556672
1453931873059573761
1453932053318156293
1453932096452390915
1453934551374258177
1453946400291491842
1453947944047038466
1453952969209102344
1453953071411654665
1453953347795357705
1453953433707298820
1453953764923109386
1453954197242593284
1453956768128659459
1453961207291858950
1453963101389279237
1453963236286492683
1453965024599285761
1453969960091275274
1453976019996532741
1453978711619870721
1453979777627394048
1453984023043182597
1453985372132630533
1453986765182681094
1453988894576287747
1453993139417403393
1453993490388377602
1454001205072457735
1454015291369738248
1454016107262595075
1454027465421037569
1454029637500035079
