1396893361139712002
1397011435989864449
1397012816972812289
1397023866476634112
1397024294454980609
1397024439800270850
1397050768654356480
1397060351452016641
1397075474166128641
1397075677157888000
1397076055962263552
1397078091730620416
1397082349167280128
1397082442704453632
1397093506363977739
1397093814062354433
1397102657714540544
1397106356507709443
1397116619839610881
1397131669014937600
1397140111247089666
1397147820923052032
1397148344275791872
1397152902980915204
1397157106495590402
1397158776642281472
1397159406895210497
1397168575836659713
1397170260344664068
1397171536369393670
1397173076807217162
1397176285076492294
1397176458275999752
1397176483869708300
1397179541936766981
1397179986432299015
1397180253164904455
1397181530594848782
1397182136705290248
1397182242368233480
1397182306532667401
1397183286255005699
1397183454647836673
1397189455665111042
1397190467108974601
1397191787253481486
1397192802983989262
139719336406425600
139719370363518976
1397194616923897867
1397195452030803971
1397195526391705604
1397196726394671110
1397197871355674627
1397201297242271746
1397202934786662405
1397205884569276420
1397210308456878095
1397218570455617536
1397218584556867592
1397225129780858892
1397225659831832581
1397228375568261133
1397228768222187521
1397229719058329607
1397230406794194951
1397237807056314368
1397237888010657803
1397238338394984458
1397238927875092484
1397242957816811521
1397243368565002242
1397243638552350727
1397393596416856064
139739928279007232
1397425977429348354
1397426576241750019
1397426601063698434
1397426787047546881
1397427102081708033
1397427140857978883
1397440358150119424
1397440396616101890
1397448025161666562
1397448904417832960
1397449544749572096
1397453762344546306
1397455525453864960
1397461817039884292
1397473494867140610
1397473520708243457
1397473615063371779
1397476032790233088
1397476518461202435
1397486036301737984
1397486268771049477
1397488672526585858
1397501889168642048
1397502053631463425
1397503560066248704
1397504025084366851
1397504638333591554
1397505340489363460
1397506004116332544
1397507676184084483
1397507679942189058
1397508802488930312
1397521108304158720
1397521119104491521
1397522441639845898
1397524688360722432
1397525037591060484
1397529917298909188
1397538697441021952
1397550410177474565
1397552388471357443
1397556103706136584
1397557900743036931
1397558043483598854
1397558797632098304
1397560837196288001
1397561818940252165
1397562828777615362
1397564289125257219
1397564705611284480
1397565329694334978
1397565533776584705
1397565824538320897
1397565870352728064
1397569731394031617
1397573223600951297
1397579897451597825
1397580195058438144
1397582066137501698
1397583378325463043
1397583690000044040
1397585154051170311
1397587743547396097
1397587745736847366
1397589067714371586
1397594694201221125
1397595714432102401
1397607573193302016
1397613441414696961
1397613443973214210
1397614228266119170
1397618169582211074
1397618551951826946
1397620019832360960
1397620066372308992
1397621263716130818
139764348292837377
139771043370897408
1397773155142307845
1397773247878369280
1397787662983917570
1397788515329462272
139780122407473153
1397811358524006406
1397817898618425351
1397818776045850624
1397818779950669827
139782369015111680
1397826961238499330
1397833096314056705
139783848216100864
1397857526331285506
1397861565433405441
1397870839559692289
1397871567174918144
1397872179329466375
1397872947272896517
1397880953708548098
139788168345034753
1397881841302925312
1397882373102993412
1397889686702493701
1397890866497220608
1397895883602100226
1397895886248681473
1397925540871368709
1397925970363916295
1397925975053148170
1397933825196380161
1397939002880126978
1397939055061397507
1397943128347222019
1397944012422615043
1397944292606312450
1397944327842648070
1397944732395794436
1397945526318878721
1397946106521165824
1397952624184348672
1397953754083692550
1397955231292354562
1397958024476598273
1397959126282473474
1397966986127183879
1397976273851281408
