1830810448100217063
1830825547569811576
1830832044647030861
1830834140934975961
1830834244605608070
1830834659833299115
1830837086712406135
1830837328111087739
1830838175163654357
1830839419999605243
1830840834683740595
1830841414646648853
1830846940092760272
1830847153381744656
1830847436862181379
1830847982289461382
1830848373953569089
1830849798154731988
1830850455582449881
1830850913642389547
1830851206048333868
1830851776997929143
1830852026147930338
1830852287042126014
1830852565224812581
1830852616546640320
1830853787579498767
1830854344394039657
1830862203685388316
1830864052366778787
1830874696922824793
1830874989911744540
1830875675848241571
1830882982594269591
1830883866283819512
1830885937867297258
1830887279688135096
1830888422233309281
1830890020070182925
1830898311068557332
1830899005124956532
1830928063707619412
1830928999880491507
1830929295436587178
1830930224076247139
1830931028330062204
1830931618334417193
1830933112869769234
1830948267439333518
1830949784297054356
1830949788659110047
1830956086372794416
1830967034274021430
1830971781953274284
1830971864711065619
1830972353368727869
1830973327189352506
1830973376086818999
1830973968339419388
1830975040856133648
1830977753224749315
1830980337859731514
1830982109437304942
1830982948067385798
1830988784772768152
1830990151234769037
1830995302662148320
1831005437845508237
1831006839800242656
1831007940888977575
1831016326347071682
1831020913405596102
1831022471576752260
1831023455590088957
1831023831781384273
1831027026032992743
1831033585060753470
1831099805327569352
1831100030859485374
1831165462731997456
1831171556275626094
1831173923783766218
1831173961519923676
1831174078692053409
1831174174456369599
1831174244559966369
1831174727093592477
1831179596982587876
1831179973995991385
1831182317781762495
1831183534557659592
1831185914787164383
1831188387547775246
1831189198201569613
1831189225427137016
1831189369824403640
1831189534370845084
1831191152298696781
1831191674325983548
1831192867932672474
1831196078835712399
1831196099551310312
1831196196964045264
1831196215905497260
1831196248830857596
1831196290979356693
1831200964579082533
1831201003279995383
1831201711282671802
1831202191547191402
1831202204918657172
1831203813614833829
1831205481823740048
1831210118874317068
1831210149488271737
1831211294944366766
1831212660873933080
1831212680725848305
1831214478811430954
1831214756222718027
1831216218889699716
1831217046149042219
1831217752465715272
1831219588777820258
1831222587231248404
1831224789576597853
1831225215474336055
1831227007096463430
1831234482227028236
1831236267079540766
1831237689066090971
1831238665399312645
1831240956273713552
1831241244846002340
1831245442085962126
1831246852920054056
1831246857689079965
1831252927631053017
1831256186362147110
1831256555209347158
1831261394525937916
1831262423313269050
1831269027282633167
1831269030965191000
1831275779243589780
1831277595070967921
1831280355841593506
1831281911651545462
1831284326538850634
1831306579951411656
1831309945154965968
1831311247725178901
1831311600323629525
1831313570526630335
1831314612781719886
1831317787702120777
1831319396763218108
1831321315007238221
1831321580338872386
1831322774809584100
1831328112455618829
1831330484820853027
1831331382074695738
1831335586340426036
1831343881964703923
1831344059966693652
1831348964441915568
1831350257927565394
1831351097325199447
1831356057760710948
1831380466450174046
1831383239052947671
1831383277430829151
1831383705023344707
1831384416649932922
1831417321560404104
1831417573839401024
1831418433243902290
1831454452454396114
1831459072891351077
1831459089932808579
1831459166290084280
1831482374720479715
1831530899328180407
1831540745859428448
1831543154539180272
1831544621702184972
1831545817846399066
1831546546913210518
1831549268701950454
1831555521658175708
1831555709219004894
1831557934586667397
1831559181855346867
1831559674245656702
1831560291542306956
1831560370865029559
1831563845229220167
1831564791984292105
1831565088911917094
