1493876606787801089
1493877586229084161
1493880819685130241
1493880846318997507
1493880875997855745
1493881110375600135
1493881338436648961
1493881835541397509
1493883604346171397
1493886531391524866
1493889616159866880
1493890779760136192
1493890801503399940
1493895644762996736
1493898442027896838
1493899156305285120
1493904230905647104
1493904269195739138
1493914691529482241
1493916231136870404
1493917783541035016
1493949609328078848
1493953332523589636
1493953339993690114
1493956004513718272
1493956040588595202
1493956583188926465
1493957505675718660
1493957708273561604
1493958014000193536
1493958638783766528
1493959610625302529
1493960793599414272
1493961506852982787
1493961677213417473
1493962958661046273
1493963685907156996
1493964858177769477
1493965841691725826
1493966408434450434
1493972056911728640
1493972549856038913
1493979203426926597
1493988293175767043
1493988355087818753
1493988398591139841
1493988463439269891
1493988683296350214
1493991440526888963
1493991993365524480
1493997546200760321
1494016555343966208
1494021080553787392
1494021184937402369
1494021202914217984
1494164703320604675
1494201671299207170
1494202362252361728
1494210841222447106
1494215155307380739
1494220381418573826
1494223408938491907
1494230422116790273
1494230718998024193
1494233904337027072
1494234938643664896
1494244499903578113
1494249683317039104
1494255238962102274
1494260229399519234
1494265197057347588
1494269993004929028
1494275276754210821
1494275797909061633
1494277133736165378
1494277215021768710
1494277308823195654
1494277360534757377
1494277416507699201
1494277626357190663
1494277730837225473
1494284297028571140
1494284980905656323
1494289802488782851
1494294679944572929
1494295377767723009
1494303069106221061
1494303195111526400
1494322995179188226
1494326062050058247
1494330318249394176
1494351411898818562
1494493479564898304
1494498177172795393
1494498400242659328
1494500575580463104
1494500788236087306
1494500841201762306
1494500952996737028
1494538889289035776
1494538941839536133
1494551221759201284
1494551780922773505
1494564138600726529
1494565556220948483
1494568032869367809
1494589641760342016
1494589749331640320
1494600114588958726
1494601067538968577
1494601679982895107
1494602234348584961
1494602902253748227
1494602931714560000
1494603252050329609
1494603287131455492
1494611421002289154
1494612394823225346
1494622741445890050
1494625604544901121
1494626340565549058
1494626596489424898
1494626626931691520
1494659006001922051
1494664640822792197
1494664646392905728
1494669092908716035
1494669099120545794
1494705952058011654
1494707459453190144
1494733060939857920
1494851944640253953
1494859014575775746
1494859165612707843
1494859219828293635
1494859338665508865
1494896145323413505
1494907719152660483
1494911811379818497
1494916389798248449
1494925012427440128
1494929105107943424
1494952691210289158
1494953205142552578
1494953278563442695
1494953312265080833
1494966684515713025
1494967210892480514
1494967437812715521
1494967562282872833
1494967588321099776
1494967606377611264
1494967754591698946
1494968784012312576
1494968838458585094
1494968886449827845
1494969290298380291
1494969322833608707
1494969411777998850
1494969461451157507
1494969513418592257
1494971959804760069
1494972244707086336
1494972333232033792
1494972464492793858
1494972495782244359
1494972520478351366
1494972584194048003
1494972609120784392
1494972631128305665
1494972662224875521
1494974018817966080
1494975104450588672
1494981587448270855
1494981590245855236
1494982720082296832
1494982953663107072
1494985309200609284
1494985508396564480
1494986981478055940
1494987072750252033
1494987096955637767
1494987756522459138
1494987832347090946
1494990351458656260
1494992106091278338
1494995998170497030
1494996028407234564
1494996501759594497
1495002518484844547
1495016131106467840
1495017259613360130
1495020689069248512
1495034156111126528
1495037004312051712
1495057632599900161
1495089700750561280
1495090110089789440
1495090181258772480
1495090248464105476
