1226186358001106945
1226218580452216832
1226327596654153729
1226328308213665792
1226328994150174725
1226330215757934593
1226333365550272513
1226335228530085888
1226338802391601152
1226344769221091328
1226344776305274880
1226358580015591424
1226359385049292800
1226360879387512833
1226361623129911297
1226361981159923712
1226365074672979969
1226385201195970560
1226385240500817920
1226398776719368192
1226399434151317505
1226403502819143680
1226407883404742656
1226416852714192897
1226416904366985216
1226424379455594496
1226427729836331008
1226434752514678785
1226438320051257344
1226485568038563842
1226485753183522817
1226485883039178752
1226492530880987136
1226494022505525248
1226495442113851393
1226495541548240896
1226500011245989893
1226505959888936960
1226512716417814528
1226514930439864320
1226515273177432066
1226524157808168960
1226671930868039681
1226683672822075393
1226686289614819328
1226686528904028161
1226687963653795842
1226687994347708416
1226689133566840832
1226691113357996033
1226692547713454081
1226693301987762182
1226717301359034368
1226721831425413121
1226742325080031232
1226742385222144000
1226743665994788865
1226745662210863105
1226751195521245184
1226766785468198912
1226827685210386432
1226860305755467782
1227062080659812355
1227065582442274817
1227066087067402240
1227087832243507202
1227091116899500034
1227092231225364480
1227093140525305856
1227093142815424512
1227097238452596737
1227099266327306240
1227123170638872576
1227128122518069248
1227150696480309250
1227153165323161600
1227154815534297088
1227156854196670464
1227158391086170112
1227169145956945921
1227177702521597953
1227193913229754368
1227221436328099845
1227221438706245632
1227222912458874881
1227269985690513408
1227270740510044160
1227385267805274112
1227410678891200512
1227412219400351745
1227416354459766784
1227417208776605701
1227429834227191809
1227458226788106241
1227458249672265733
1227458380505264129
1227464156208680963
1227488192938434560
1227491585027231745
1227492248197066752
1227517567150899200
1227517594246111232
1227566515186098176
1227567322015002624
1227569219266416646
1227570193787801600
1227630893616914432
1227631327383416832
1227634830109577218
1227636300464812033
1227651705459761152
1227789100935041024
1227806073098129409
1227827761105866752
1227838444702818304
1227839974734626816
1227842255362252800
1227853065664880640
1227884390916579329
1227893681559965696
1227895504643620864
1227943764921966593
1227949123820646400
1227949651183095808
1227954957694849024
1227956504633888768
1227962435178393600
1227963216677883904
1227966111968137217
1227979717573103617
1227988492577173505
1228007383743361024
1228014677386379266
1228139007877378049
1228141275041288193
1228146320587624448
1228149663720542208
1228232019001266177
1228232098860814336
1228236457623486465
1228239807718912001
1228247027672207360
1228247174913245184
1228247252692422656
1228276672555696129
1228339076413022208
1228538793600278529
1228548262392516609
1228554735386390529
1228592831167483904
1228592964785459200
1228602742177820672
1228652639115567104
1228659751942115328
1228664860445003776
1228675158283390976
1228685781088129024
1228687206748844032
1228691304361512961
1228691605369978881
1228703919439630337
1228737147605176322
1228737574430101505
1228737645129240576
1228873119290408960
1228873445967925248
1228873504486899713
1228880487390670850
1228899044908339201
1228947885691031552
1228947898110337024
1228953082299478017
1228979882140397569
1228980181911523328
1228983828678463490
1229003143922376704
1229003238076080130
1229003278534377473
1229029674627424256
1229032768002084864
1229033556233449472
1229069496490455040
1229083096374341632
1229099726269636608
1229107202419412993
1229119382275547136
1229221065617883137
1229232338917154816
1229245735066984448
1229271361748529152
1229271647498072065
1229271732759826432
1229272112533102592
1229272351532969984
1229284467199504384
1229311769136357376
1229335264406847488
1229337809737023489
1229337843144675328
1229348821202694145
