1872186967359992286
1872187795055485004
1872189957831614551
1872192553367527689
1872196761940594860
1872202143513583927
1872205395810451507
1872206723735540046
1872209749590307121
1872215971211210914
1872219708633862163
1872228172370260063
1872228694003265904
1872242888920420620
1872257863013548230
1872258857311113712
1872259988686790903
1872262825856623070
1872265040868655611
1872266826283164096
1872266998354493514
1872267817611149611
1872268921816146066
1872269747561304252
1872271390524793155
1872271393993445417
1872278882713546952
1872281043375440056
1872286558457585949
1872286561926271218
1872289706135986238
1872289756815708359
1872327436937068574
1872327571125440528
1872329956170342682
1872333223340257537
1872340550831272293
1872340836286910960
1872342495197356163
1872361987566633159
1872362113030885606
1872362164423700555
1872507208631746916
1872507959416336782
1872513333339029872
1872515033936367699
1872516603616940409
1872517352082071673
1872517966170030110
1872519736661315633
1872520892523417753
1872544236429865298
1872545673738129764
1872549863575228854
1872553998290735594
1872554517449044347
1872555443094159870
1872557254228197466
1872558740664377782
1872569212381925408
1872571253799968868
1872572598326055208
1872576120912273756
1872582387990995102
1872582480932532310
1872586366460272857
1872587428449706133
1872588747218575824
1872589581633405292
1872589828212285900
1872589856079290879
1872590131364004133
1872591296847827455
1872596115667010023
1872596723325120622
1872597421840388326
1872598849258496277
1872599999760195635
1872600280405291125
1872600280409460867
1872602160602738968
1872603705528512716
1872605624401617227
1872607111919845562
1872613054934057199
1872613202808480216
1872622299503034437
1872623978214510599
1872625356823535875
1872626939498017153
1872627170474094650
1872632243342229614
1872632855249203265
1872633390387859700
1872633591538290772
1872634978049351715
1872636849954640227
1872650786171461850
1872650792039223447
1872665272429260904
1872677967832465410
1872683695905317169
1872685123755491811
1872686035345522888
1872690203770667367
1872691161493848102
1872694461287018730
1872697216214941750
1872699220429537631
1872699306656055777
1872700078592541118
1872700753523212402
1872701048873468104
1872702739240960358
1872704671045042597
1872705743708930236
1872707292975775970
1872708681428811983
1872711242651189663
1872801117903700236
1872832458032623958
1872876152190320855
1872877982555205801
1872884335973679257
1872884506757349492
1872885088050135384
1872899109105107331
1872899936121217403
1872899952709677302
1872902244036935713
1872907398312235013
1872910106465321213
1872911019867299860
1872912210403704903
1872913941292302831
1872914728009515368
1872914814877716988
1872916502657286449
1872922022663340105
1872922933661974753
1872924303056060437
1872925321063960944
1872949850368819521
1872951943452323942
1872952917373878769
1872953737926590683
1872954672413278246
1872992048498069681
1873002384215163092
1873002389864841482
1873008569068732920
1873010199147233681
1873022018406449603
1873034047422906607
1873044580318494925
1873088562960449607
1873088635278639477
1873088708033069562
1873204520265920800
1873217381386080701
1873221347691905505
1873223412019306755
1873252501505671499
1873257362913673573
1873258433736262115
1873260358758219896
1873260366849040724
1873272835831153106
1873284477432279047
1873288756532531324
1873289084833345743
1873289895353217490
1873290524943364334
1873295057727721785
1873302830431564235
1873323079025185248
1873345793014575391
1873355770794062047
1873357892608299123
1873358018311835939
1873358024334860668
1873360004105097709
1873360008001503394
1873360035398537557
1873362259378069798
1873362373328933023
1873363828311998582
1873364545550365085
1873365061642932249
1873365567354425403
1873365966652096601
1873365972708655499
1873367858618700059
1873373578353401905
1873374107515199490
1873375891801485408
1873376860564062364
1873376864494112837
1873377855331340390
1873378902456107366
