1956263589309759645
1956263771229548821
1956264502531428585
1956264649240011235
1956264841724739818
1956265060676043250
1956265816066023550
1956265841298956722
1956265914048868712
1956266739471147241
1956283315746418710
1956285325703028945
1956286836579389808
1956287266512425181
1956287523736461579
1956287801483501983
1956288196871962702
1956288256401715235
1956288877141897697
1956295026570404008
1956295492813644165
1956295847282446743
1956296337110262088
1956296936127934796
1956297348776075764
1956297765782274477
1956301248212156491
1956301806792749489
1956302759092707735
1956303155366428924
1956303168385524122
1956306290289848648
1956306296585466000
1956306302864409053
1956312166178705845
1956312719520657719
1956313566501552316
1956314750750527706
1956315114325549258
1956315880607924340
1956319578964828364
1956320685329899543
1956321773378523611
1956322912186622167
1956323638258397370
1956326082962923965
1956326979340280081
1956327887784600059
1956329419880202632
1956329753667154216
1956330056764297548
1956334067148104021
1956336235703664691
1956336313634099534
1956337089684840592
1956337396632474079
1956338434261278952
1956338775933571305
1956339275353424221
1956339857875169526
1956347649218539863
1956350402774917162
1956359634245091734
1956360867467157709
1956370806545723881
1956374909128687795
1956383393572434205
1956383646656479311
1956383813787144414
1956384728761901299
1956389504786538642
1956389735427129509
1956390355336589516
1956391168205336782
1956393047534735827
1956547388610597266
1956547551257317445
1956565789210722747
1956579997675856066
1956585913582264577
1956594654326948146
1956598094163808727
1956598117274619961
1956598155589423441
1956600627573698966
1956603031971356792
1956604806329675963
1956604946604061158
1956605019727511647
1956606518154920211
1956607696377102637
1956607872122667099
1956608503193460917
1956608519081254955
1956618230854041826
1956627929561227764
1956628989637992594
1956630366879674820
1956632638157963612
1956647074570629579
1956647252019257618
1956647380184703057
1956647408030355504
1956647921509937545
1956648015780856039
1956653746601041964
1956653753072746589
1956710032739041772
1956714508044353923
1956714932206252074
1956717517428392075
1956745308182114658
1956745313278206374
1956746417978147304
1956747021739815160
1956747210621661425
1956747341068980286
1956759031705718800
1956766588121620629
1956777057230500162
1956777429865009386
1956876322288054420
1956928976808497633
1956937466939924926
1956937954091290632
1956938010278457819
1956938748865704333
1956939044367258004
1956940561887514918
1956943543781458430
1956944199376625740
1956944619876528195
1956945057325678782
1956946451961196959
1956955607908634726
1956957558037721169
1956964612177600979
1956966715222282308
1956969496352109040
1956970142908235961
1956970587743539294
1956971040959082587
1956971277924601904
1956973202308993226
1956981100074426413
1956986716142842017
1956987874777407731
1956988346099511463
1956989442591195367
1956989864605581433
1956989872398361022
1956990497291223511
1956990828184015303
1956991807365284022
1956993564745105691
1956993995571376172
1956994996516868291
1956995002976145523
1956995009447899533
1956998236981674141
1956998697193205959
1956999236773699650
1956999455959601625
1957000962339721640
1957004790254194789
1957005419009679527
1957005910951301250
1957006419623821640
1957006970310840418
1957007754062643309
1957008182280159265
1957008609184801160
1957011446514004120
1957021147460997622
1957021700576440752
1957022656575791223
1957023237155762249
1957023799452320165
1957026850200252512
1957032119676661866
1957032245677473898
1957032276023464371
1957035377568456812
1957035593839645084
1957036139669487730
1957036382343381166
1957036730915442698
1957037112949363012
1957038239828922419
1957038942878044541
1957041289712832616
1957042294630289777
1957042996840710146
1957048306535633183
1957056290544304252
1957058413755801749
1957061105299476799
1957066017060057135
1957072421959152081
1957075598397800713
