1826886291772112991
1826886674816831626
1826890825319809463
1826891084464840843
1826891295018963452
1826891611068137668
1826891909643509790
1826894346118926525
1826894592484000093
1826895081883726208
1826896687941779585
1826913685777871064
1826916183804629231
1826929840240431536
1826930087419117894
1826930838623154375
1826934692869705748
1826934971006685285
1826937029109670193
1826941202887000399
1826944906155401695
1826962691799335093
1826963649019183259
1826963937771876686
1826967915503235289
1826969929184100723
1826974232997159285
1826974442653990983
1826974447019917337
1826975127940030659
1826975153030357018
1826975168859885950
1826975173280739343
1826983025005228238
1826984506320097573
1826985924120756394
1826986928027164948
1826987030976385508
1826989026009927877
1826990963333447941
1826992918751547766
1826994428659085716
1826995547477078099
1826997499342487701
1826998826789478407
1826999967707218343
1827001707160649773
1827002668159791433
1827003458727395567
1827007204194697409
1827013371612233874
1827015076890488894
1827017255667839082
1827018421600465380
1827019403168264602
1827024713983652168
1827032657034932321
1827034142518788363
1827034297708249306
1827037116796112943
1827037815844004291
1827038105641119891
1827046952292298977
1827047173764079718
1827047237282677219
1827047429746950488
1827050618110058633
1827052187136225526
1827065029662847209
1827066934438826245
1827067831684419643
1827068602995929443
1827069302131810419
1827070247641530560
1827070437685158085
1827072616902828213
1827079364392968312
1827082367439364405
1827103270495777061
1827126170950729959
1827148387273068740
1827179546808062074
1827180539348185493
1827192444456464698
1827192474038890573
1827193459247141342
1827214227658174746
1827215516358078618
1827219346852089887
1827220825763934576
1827222878028280088
1827222892850860163
1827222904586506336
1827223596714094861
1827223780965613761
1827223939996905844
1827230686522306678
1827233345362600216
1827233568629911710
1827233883617697956
1827234349588119744
1827234650051256660
1827235035784593798
1827235553437217091
1827235831381152172
1827236722645623169
1827237541570908545
1827238254413758928
1827239968630046740
1827242020085088262
1827242708240388450
1827250868149739553
1827253441284002273
1827253457470026118
1827253464390627713
1827254494260031637
1827262139800940677
1827262733819244613
1827263005819858968
1827263707107487836
1827264082946486704
1827264785328791620
1827266496810086769
1827269313348153387
1827270504799203665
1827272104674521451
1827273520788992198
1827275264759337352
1827278199220531691
1827287109180518424
1827301642741682566
1827306643346092292
1827307365781119114
1827308394283463047
1827309602079195524
1827309632559206695
1827309641040069056
1827309722271182941
1827310035325874409
1827310461903093939
1827312630022676648
1827313008898408495
1827332784756609271
1827333971824579049
1827334956345094377
1827336869392347230
1827343906033562002
1827344299878662617
1827369837146075620
1827373395992047957
1827374561941463092
1827374594057236777
1827381300384178586
1827381336165757428
1827382195608072627
1827382294421651461
1827382885617172864
1827382902922883236
1827383972545855726
1827386071082320159
1827386737443926191
1827386741571121632
1827386745958363196
1827390154970906867
1827391686177182168
1827391827072143835
1827391869237535216
1827392114130289015
1827392176663228881
1827392413473636428
1827392431920185673
1827393673480257886
1827394373656383582
1827398039247396896
1827399024602718645
1827399221009428506
1827428862881624127
1827465007044685954
1827478169211040092
1827488560179769440
1827506048380350619
1827569943279497397
1827571858197344370
1827578975037878615
1827579677260837073
1827580063795310957
1827580421632356523
1827580695654625473
1827580976991711372
1827581177789870490
1827581560893399497
1827581938506592584
1827599322470404323
1827606567417511989
1827611439634509871
1827611574934368384
1827617360242733482
1827620856618741921
1827620865443557680
1827639284171513966
