1903423541107917225
1903426816179912739
1903426879899529615
1903427914101821906
1903427946859417808
1903427971630948665
1903430739695431880
1903442264422301951
1903443333617471814
1903446909408399380
1903446915175555244
1903447101851545670
1903451264584925391
1903452850375499938
1903453529894707570
1903454599832555822
1903455689990914302
1903457178633089236
1903457805379727832
1903458475398910334
1903458761152553302
1903459332911710350
1903459342575345830
1903459350149988388
1903459364767449148
1903459373252534514
1903459381800222796
1903459389765517715
1903459402084143355
1903461305937490166
1903462827664519566
1903462853706936460
1903462893582172467
1903468093160268158
1903468118820970954
1903481603457970541
1903481705912279517
1903483211482829260
1903494191965233366
1903667703199805629
1903676844865728735
1903689708695425149
1903725534258864411
1903725774475346202
1903726689840201860
1903742058663485911
1903742352034058262
1903742400662737373
1903742816486048182
1903742850938134941
1903756037313683598
1903760827251110189
1903769657842029041
1903793744681554311
1903811429058412805
1903812993999405346
1903855817067200603
1903867972726485052
1903868024865919261
1903869681553039599
1903886236353482989
1904005966414389570
1904012799682007467
1904036490906398949
1904037074577314094
1904038602750980127
1904056952319328699
1904058343959957720
1904059113551831342
1904059843297861988
1904060052035842185
1904060838660719092
1904067759673127090
1904070167145095350
1904070766016291025
1904085625479020594
1904088577375404400
1904088582610100643
1904089158609486249
1904089229417971764
1904089409680797829
1904089568732668086
1904089750752940277
1904089881846133112
1904089887097131243
1904090207848456482
1904090271706730531
1904090366670000222
1904090494793379852
1904090657964052902
1904090771269280079
1904090775723659644
1904090829700116977
1904090962516652399
1904091069353951702
1904091191790199235
1904091492936745361
1904091657018224783
1904091774089334790
1904091827302703189
1904091866695364888
1904091971507110015
1904092081813098941
1904092101689921677
1904093007734776259
1904093735618830350
1904094129765962023
1904094277367443803
1904094532683301223
1904094664472576029
1904094771007680621
1904094902348353849
1904095024784056457
1904095088642585080
1904095169810681963
1904096320429977943
1904104348764016944
1904124589954990575
1904139143812403236
1904146498251784670
1904147920024441242
1904148531214168395
1904149346180022341
1904151409270075846
1904152323288600879
1904152571222114671
1904153038534906155
1904153653927088214
1904156344678322463
1904169270373953539
1904173981764386897
1904177663012720886
1904188018225012841
1904188521771844061
1904189144533745795
1904195072868098318
1904311064491405331
1904367861000552914
1904382735000404025
1904394957902987280
1904396211207143813
1904396698430124540
1904398635334508838
1904404224383090926
1904405090150363598
1904427246666023375
1904432996226330844
1904440341287272779
1904442123631702196
1904443308572918261
1904445385789383032
1904450711028445533
1904451306812735655
1904452537589313638
1904454491401077096
1904454508874457336
1904455770625736969
1904455989665145150
1904457178435788895
1904459136353349884
1904459458211627049
1904461165696299456
1904461788290183676
1904463355961643120
1904463362127204379
1904465911425433726
1904465916563271791
1904467465096331695
1904467476215185411
1904469813163901282
1904470234368553438
1904470500220317872
1904470705573618099
1904470913946354168
1904471125947494606
1904471307821236595
1904471776018498032
1904471826085937539
1904471928221409427
1904472017119625610
1904472103291683193
1904472332413895098
1904472454422008309
1904472546138821046
1904472685540757873
1904472690871902277
1904472824162467900
1904472909470470454
1904472997299151045
1904473118241956023
1904473218561282141
1904473305521807436
1904473401474904209
1904473504633807155
1904473602680054145
1904473718065086956
1904473957274911014
1904474084949344446
1904474211537551664
1904474306689503537
