1431261280032018432
1431261392619802628
1431262230926946305
1431263348239200259
1431265991976095751
1431266049958178817
1431267695308120071
1431269579855056902
1431280337229918208
1431289563117355010
1431293281795665921
1431433239747383297
1431440037724377092
1431441365422919681
1431468281693544448
1431485716412858373
1431487618101891079
1431488422619742208
1431488676056363009
1431489012074627073
1431489267889422337
1431490518358405120
1431493758235799558
1431497307627810821
1431500981217345540
1431500987437445121
1431521974866505729
1431525776369676288
1431526328688283653
1431538765332291586
1431546143247196162
1431546434461913089
1431546916928589825
1431547840006799360
1431549926039719936
1431562050577125383
1431564800723587072
1431566040475992064
1431576489057603591
1431579486680539138
1431580543037050881
1431582563450056704
1431582575026270217
1431586042021253121
1431591253825646594
1431591856429625346
1431609687464550405
1431612147243442182
1431612601398562822
1431613164215439366
1431614850493399041
1431619238079332352
1431619338725777419
1431619374373224455
1431619405960531970
1431619467763539971
1431622794895233024
1431630399688429569
1431637120842547205
1431652325521719300
1431656175293005828
1431656361230680068
1431665462463512581
1431799889004937219
1431807573334716416
1431807643836846082
1431807832723099651
1431807916693024768
1431808041557499906
1431824866408222731
1431850926176804867
1431885255552634891
1431898327407161346
1431900624874971139
1431904566744805383
1431904637016166401
1431904741806669831
1431911754716516354
1431913278758789121
1431917464556748800
1431928884996415489
1431929253499588617
1431930865479667716
1431963088673288203
1431965549831987202
1431965796163416070
1431967409385050114
1431967931005472774
1431981194300690434
1431982003646124033
1431985366387462154
1431988356540362753
1431988659276828672
1431988735416025092
1431988820820459526
1431989160638750732
1431989575497310210
1431998294385823747
1432027082809176066
1432034439337414660
1432180096735928327
1432202150008877056
1432202731595309059
1432211572034727938
1432214689891553284
1432221752491347971
1432222509378662401
1432222754254688257
1432224749975785474
1432225870781968388
1432226421103943690
1432227796722466817
1432228857709350912
1432230661746692100
1432230743401381888
1432231176891105285
1432231839050002437
1432232936850411524
1432234185234681863
1432234666174476289
1432234890272010240
1432235674212519937
1432236530555183105
1432238275964534788
1432239124459655171
1432239618838065155
1432240932078817280
1432242300923506689
1432244574034956291
1432246340092719104
1432246658830536710
1432246737985425408
1432246904201510912
1432249701399613440
1432252308465745920
1432252607234330632
1432253229044146177
1432254587856048131
1432256619702673410
1432259246112980994
1432260156989997056
1432264134121299973
1432265313429585922
1432266528951439364
1432267624432353291
1432273179670581250
1432275117925564416
1432276599949324293
1432277843191336961
1432279910299566083
1432280486437482496
1432280779803951104
1432280956761563138
1432281164782268417
1432281185179222019
1432281425886154753
1432282244287131650
1432283500380520459
1432285844463775748
1432287533191204865
1432294292316295170
1432296171951722500
1432306667853520900
1432306945596084234
1432307662536929284
1432307997082980354
1432311788209524740
1432320473765797889
1432320557266001923
1432323604197175301
1432324075448254467
1432338000399122435
1432338075506540545
1432343396891254784
1432343403853860872
1432345821295513600
1432345836256522250
1432349066071969793
1432349276961603592
1432350604421046274
1432353484561477641
1432359046191861770
1432381218364878848
1432382764192468993
1432386197272231938
1432386248514027520
1432386462482264066
1432388398174507009
1432389730734264327
1432529830264782851
1432545580689985539
1432546325115985933
1432557125037748230
1432567566719803394
1432567997000863745
1432568511738507269
1432569730288652298
1432574530510147587
1432574757195509761
1432575032220213249
