1863497178175689191
1863497927173493198
1863499388397703597
1863499450242765257
1863500271596298529
1863500274788339879
1863500795540586889
1863503969177473368
1863507931356160132
1863512503969603939
1863514377225425062
1863517649323598211
1863518671060206006
1863519069007482932
1863520066253603276
1863521212007174383
1863522792697655799
1863523933028274617
1863525903223156842
1863525907492925844
1863526467826803136
1863526473312928193
1863534339201315204
1863535376666640795
1863535399773081758
1863535429712032084
1863537359498744293
1863538173588168962
1863539186319724945
1863539191113793934
1863539966699094444
1863540737977254331
1863548458084512150
1863550371765137804
1863551022179950696
1863551998643359943
1863553097081205173
1863554646801084548
1863555252542415320
1863555460345020600
1863555462819635315
1863555553311826300
1863556138387845394
1863556829512667393
1863557371458699348
1863557884191334703
1863557946141290739
1863559359797813328
1863559478266016246
1863560890345480665
1863561055680786757
1863561853886210399
1863562375124918400
1863563030203883740
1863564608507908351
1863565411071180886
1863565921920717208
1863566515787972707
1863567734136807571
1863568794465276094
1863569224385601809
1863569444385313265
1863569622844469523
1863569626434843047
1863570059475730935
1863571159650042277
1863572674875888027
1863574364995924045
1863575841323843930
1863578334271025188
1863578583354179886
1863579543786918031
1863580276800045561
1863580406387187768
1863580762261668151
1863581469547106694
1863581695385223344
1863582477421539657
1863582863222075649
1863583064661877066
1863584390955348443
1863587358555431257
1863593110166716772
1863593636698656973
1863595430967411044
1863599322736033921
1863599584267907190
1863601290082939326
1863606283028599188
1863609135784435963
1863609381444796724
1863609534767620337
1863610553870217532
1863610558425251910
1863614473283543203
1863619250180817286
1863620110319325473
1863621166805704766
1863621781866832209
1863622333912748285
1863622946968965285
1863623438071701586
1863623931460280446
1863630823163039918
1863632648205373547
1863636630449557571
1863639552126226852
1863639684993388585
1863640025503871243
1863640951983641032
1863643729850204512
1863658657268850878
1863659205049065644
1863663076161073555
1863663096369131875
1863663639779070265
1863664134488797424
1863667109114572824
1863787067974811828
1863788190198534655
1863792593626394715
1863793180942160269
1863794689172033903
1863795539974017530
1863795542381531455
1863810848722166200
1863813308224274713
1863813569357504992
1863814642692481289
1863820465866944806
1863821956669481454
1863822861783421176
1863823443583758760
1863823937760883041
1863824996650684756
1863825912049111308
1863826520911081578
1863827559932461254
1863829204355469611
1863830486898106539
1863831104622608781
1863832117043712328
1863833869675589857
1863840154143674795
1863840273182142785
1863842854721957957
1863843426959307109
1863843637685039324
1863845261476507996
1863845745918701723
1863847711327564126
1863848237196816596
1863848607541014853
1863848791725822245
1863851126409609687
1863851804548645025
1863851809615544681
1863856690694918378
1863858766711853389
1863859424433143809
1863860054203785262
1863860866619486322
1863863031001944096
1863863805887025264
1863863811465466010
1863864218128400759
1863864223690113160
1863865890825286020
1863866821767774635
1863871021230731413
1863874044690596188
1863875522390077775
1863875528811573604
1863876061987246421
1863878201409470698
1863878760162038237
1863880920127918145
1863881854081745117
1863882920345190598
1863883390300418302
1863885383316263035
1863886730006495422
1863887001419727329
1863891821757448412
1863893243685110224
1863895548237054005
1863895843587387531
1863896576655327694
1863896799813251330
1863897349397049436
1863897613638291840
1863897984968315355
1863898787166769478
1863901031626948714
1863901790921699620
1863902173303820576
1863903081593032981
1863904648727564593
1863907878522036238
1863910076844814350
