1815256880727625767
1815256885194522995
1815258885151728012
1815260064741273851
1815260575406129308
1815261752663355523
1815262045417439694
1815262549648306589
1815263813861843296
1815264072637771942
1815264937033527630
1815266460023095757
1815267119581327572
1815270982963359908
1815271231895097374
1815271500418875694
1815272064510836998
1815272629391241292
1815272864028979229
1815273270431842550
1815276606765801627
1815277775273725995
1815278495532241230
1815279394514190825
1815282446243692972
1815283073489002572
1815283695697510584
1815284576337661973
1815284587737895184
1815285978606825885
1815286290574885107
1815286944064233958
1815288210777620824
1815288395645792390
1815288400334967108
1815289564963168691
1815290077737803884
1815291337262178440
1815291341364207909
1815292527940882563
1815293100212043794
1815293257833726126
1815294300701225042
1815294303943774709
1815294689517682818
1815295202141049282
1815295940284338269
1815297607683698899
1815300510028546115
1815310209998581875
1815310896740397205
1815311562363805763
1815315326323888170
1815322071506850016
1815329187881791577
1815338982823391536
1815342022041202821
1815342121622380815
1815343231322017923
1815343391401705882
1815343742666301944
1815344654042439943
1815344702251757978
1815345255425945694
1815345610058576333
1815345915764621367
1815356120392708319
1815359890849771765
1815362005949104191
1815364954263810172
1815372481374634463
1815376248211665022
1815380096032629002
1815381281334546586
1815387069788926209
1815387141867712520
1815388272433955161
1815396002591117526
1815396009150927060
1815398141140603230
1815413090847953038
1815413436395688442
1815413457229066655
1815413486320554155
1815413870288085231
1815420003518124470
1815423109316354369
1815434151002312845
1815456361129669030
1815529760942100684
1815611217437978753
1815612064674812333
1815617912377360663
1815618371150631149
1815619913656234406
1815620784917745823
1815620989432250583
1815621527259476366
1815622606407766436
1815623588759953827
1815623754112016774
1815624001835987124
1815625266401821003
1815625389714358722
1815626024656437341
1815634671088377959
1815634957752299741
1815635625917465049
1815636065195106634
1815636256220676176
1815636933697257804
1815637285930692702
1815639073585062174
1815639633176535301
1815640345885176037
1815640363601912243
1815640570791924175
1815641154085654565
1815641961883136506
1815642318906732642
1815643727681266081
1815645161399177500
1815646407090700608
1815646410894901422
1815654019349541198
1815656078949990514
1815657755270906317
1815658955764535557
1815659979522900014
1815660492456923260
1815661472023994843
1815662409488683166
1815663068510376034
1815663517338579006
1815664954151985624
1815665351679717498
1815665570471436496
1815665656320118929
1815666715940032692
1815674380976054412
1815674900440596673
1815675636700299557
1815676130143396233
1815676581832261955
1815677479190700508
1815677986802385201
1815680751373078964
1815681347324961035
1815681365071032598
1815692102027866146
1815692158973948248
1815692614383108223
1815692737754108194
1815692755722752041
1815692954314670353
1815693040792829989
1815693114134213068
1815693144262119679
1815694074055393738
1815695034622017825
1815695475724390884
1815696135849431449
1815697211931639854
1815697261176754257
1815703100243767405
1815703132682506663
1815704468542960115
1815711277135626246
1815712211769159869
1815718504320090502
1815718693676163097
1815719167288586585
1815720039997407466
1815721969993879831
1815722546056360329
1815722781306171726
1815723550621519956
1815724253431673060
1815724607783235768
1815725898202804369
1815726054306148650
1815727889175990560
1815727915629514908
1815727927805505587
1815728150724391414
1815729773416497361
1815729827875602925
1815730037125259753
1815733603491614929
1815734575865479185
1815734580097548738
1815735408061534239
1815736506243485754
1815738690657755219
1815741153246871813
1815743388383350885
1815744026894881279
1815744096188932544
1815744140115837276
1815744242288849169
