1875444900462047358
1875445104695291908
1875453869934964952
1875459792648728998
1875460104121876757
1875460429406990368
1875461094661316891
1875461722242478217
1875461981555323146
1875462417729384773
1875465304119374122
1875465382624162171
1875468487055045032
1875469750752702705
1875473317806870911
1875474680469188870
1875477622123327686
1875480926903529617
1875482505736003919
1875483399445434796
1875483892469354636
1875485919719121109
1875488657400066131
1875496907222782169
1875502856285122608
1875503094030856500
1875503918723264585
1875504860621369725
1875508816567218420
1875511016467132515
1875526697619223047
1875527214441381994
1875528145618792744
1875528990242566437
1875529638539358443
1875530367731691981
1875530374501343611
1875531140989383140
1875532391349153841
1875534491701408094
1875539987422437595
1875540545831153871
1875544627564179618
1875544965692190915
1875547631709253852
1875569350717141274
1875576068817793532
1875579334737719657
1875579354153152611
1875579653949419816
1875580872931647603
1875590031924248976
1875721204742680968
1875721219124986205
1875755860871561330
1875770817403089202
1875772288572018704
1875777464355713053
1875784051174653999
1875785448532148278
1875787229039358046
1875793729828909385
1875802308065612226
1875804052023611552
1875804158223380708
1875804984400605411
1875805525742645643
1875807734324719643
1875807908287672421
1875807912557515062
1875807916827275507
1875808461856096443
1875809078292906412
1875809781954515348
1875810821496041554
1875812691224490334
1875814112648983021
1875815818107482385
1875818869090308206
1875818892846940663
1875818913168253221
1875828840641237291
1875828867166081189
1875835754402001149
1875835769442718090
1875837274145075360
1875842880696467479
1875846507192353099
1875848928438132983
1875851399042585047
1875852770324226103
1875855409921347996
1875878927341855208
1875885425023402460
1875889710322839978
1875902262738055358
1875906451459448881
1875910449323196447
1875912750482043344
1875914271701582101
1875924479874109846
1875924747306832339
1875925771576910188
1875935979888087497
1876131900684927230
1876134406961996115
1876134840078413875
1876139838950572168
1876146228012138804
1876147598631031203
1876148267979100577
1876148334064476306
1876148512850870361
1876151621807382534
1876152440523051356
1876153836349653408
1876155190447096178
1876158483965559133
1876158644892705214
1876161773881163887
1876162752546480544
1876163478756773987
1876163614786392423
1876163924388983037
1876167034075287568
1876167886060020062
1876168961236308183
1876169131281776668
1876172322329206825
1876173136468811779
1876174145853210903
1876174432156455356
1876174435675447513
1876175149340463134
1876175219913834605
1876175671875293681
1876182177458933885
1876185561343688918
1876187138678804625
1876187700358938700
1876189527829840224
1876192127048364046
1876192170539209191
1876192418653167811
1876201737721434567
1876201776267067721
1876202470013333910
1876206194211344798
1876217810759930240
1876217986048270544
1876226022779355221
1876230557425910236
1876231708175139177
1876247875396801001
1876248645378646291
1876250247552434646
1876250800089145620
1876253069513801919
1876256329121268073
1876256340743802957
1876256341876146487
1876257456340512786
1876258248124485811
1876258252922724763
1876259209093976474
1876260653238980994
1876260732792426869
1876262562209399099
1876268231213900267
1876270055111172145
1876275870249484678
1876275874204635330
1876278566939414623
1876282415293063362
1876282418874982894
1876301049214259306
1876302187728720148
1876303282773307563
1876304392363835457
1876305245405671581
1876306166470660480
1876315163349180447
1876317055592562773
1876339970652463469
1876342211874623970
1876463307617718559
1876463902399271110
1876464107907633519
1876475093955604499
1876482643690443213
1876482902608978078
1876486244441653331
1876487244971974786
1876487933806678242
1876498984887570726
1876506652016558354
1876507125373194397
1876507423877538092
1876508690603516402
1876512662907203911
