1992924998122783134
1992925003919380716
1992925008516329792
1992930688652493140
1992932215970549861
1992932932206637424
1992933595368030632
1992934299851780428
1992936528830746953
1992939777705083084
1992940440941986108
1992941073858170897
1992941900203249926
1992942776145924359
1992944104595194239
1992944575359635942
1992944628543418716
1992944870990962953
1992946202053390593
1992946658817294380
1992947449141543096
1992948820754264188
1992949285391138969
1992958688689279430
1992960668497297656
1992988405651964128
1992988616210174401
1992989753827115311
1993004263895974241
1993006228008763796
1993008274023862440
1993008336934256764
1993009639433416736
1993009758274724315
1993014216211718187
1993020866360459465
1993114913938485382
1993122463710920900
1993130013466530095
1993137565432791532
1993137668948115672
1993141069702455346
1993145113741254934
1993152663039435183
1993155943451050388
1993156398717505811
1993160015088435300
1993161931205800419
1993163603286147282
1993165320337633360
1993165412641738918
1993165444832977053
1993165583580643801
1993167001108521281
1993167762097631508
1993173859374407758
1993174433822130487
1993174481343594810
1993181851872281000
1993181925952176620
1993182863437508882
1993187549863686616
1993190411326964052
1993191134177509428
1993195530839900387
1993196617890250777
1993197466808991838
1993197961476764068
1993202439697449086
1993202705498882556
1993203669870035217
1993204937954934829
1993205664198664234
1993206209428832740
1993206691744432535
1993215761192743255
1993223322163986606
1993224368512811413
1993226339470782629
1993227172107149544
1993227815433678915
1993229276628599262
1993229579448955215
1993229660386476469
1993230287019688285
1993231095882727705
1993232066578903510
1993234770969686088
1993235710531277131
1993238674340036886
1993238681029841109
1993239853337919572
1993241194608939125
1993241561920876972
1993241569718120863
1993242899967062466
1993243392130826359
1993255410330169370
1993255779693146594
1993256214827041277
1993256215594647935
1993257977521057806
1993263597166706690
1993265803056029821
1993266340753555962
1993267301626601726
1993273461603811756
1993275763190296810
1993276716853362799
1993276907824332974
1993277428186440097
1993278105696575502
1993278331308196010
1993278335410135350
1993279621484495221
1993280402224824638
1993281018170929230
1993289389972373657
1993289616020193528
1993293123360059595
1993293416021868564
1993294316681474458
1993295254112575993
1993295679888961988
1993296306136400320
1993297410274328822
1993298060152389813
1993298123419164721
1993300858130645222
1993300917777772822
1993307924748476894
1993308948083228767
1993309605938802936
1993310547522330784
1993322405293629451
1993323887044841686
1993324785015964081
1993325771436458277
1993326774302953947
1993330255898329467
1993331562252005533
1993335104027103317
1993335107898556496
1993338276233855343
1993338283569606762
1993338953639031169
1993341030280917400
1993341500663714241
1993343059548160042
1993356911614607845
1993356961178673532
1993356973333791125
1993356985333682211
1993357072130535744
1993357144050278802
1993357750940868782
1993361479626879283
1993361723311673441
1993362168516169827
1993362562646417843
1993362876686651708
1993363252303347727
1993363547305525689
1993365033364209849
1993365573263307092
1993371629385322738
1993372230039093697
1993372805745066136
1993373295060951167
1993373907165102471
1993374616476434841
1993375276622037489
1993375605463957860
1993377201543430242
1993391766293319746
1993401741073953130
1993405275823603988
1993409713795744208
1993419290129973544
1993477301456318660
1993484852281389151
1993499076332339513
1993499952476307937
1993500076426269042
1993500529746669876
1993507500076003797
1993515062619676804
1993516733945274398
1993522599502995483
1993522996624126439
1993530149174710456
1993530150424825983
1993545250111930774
1993552798839980223
1993557364033962425
1993557383063433279
1993558124297642024
1993559819765329994
1993560348654440762
1993560623813476414
