1540218946661810181
1540218952164712451
1540218955104948224
1540220775978143745
1540220779853643780
1540226360995487745
1540229245020274691
1540230824418631681
1540230831527981056
1540234514169237504
1540234517759524864
1540239577360637952
1540245224558952448
1540248931744985088
1540250110075883520
1540254672908197888
1540259905948774400
1540280040746717185
1540280840823140353
1540281585500467200
1540296338524364801
1540319284509167616
1540337348981821440
1540378960734724096
1540385232905715712
1540546703056437248
1540567064188190720
1540572405693022208
1540581201009713152
1540582052424486912
1540582057822519296
1540582992992542720
1540583423752142848
1540583956264804353
1540584311316918272
1540585439262027777
1540588719392010240
1540596822410149888
1540607299114659840
1540608314135830528
1540609326175232000
1540612493663342593
1540612576924487680
1540612910027665409
1540613426761715712
1540623870885232642
1540630989986181120
1540635251000877056
1540637501492449280
1540640116208992256
1540643822735982592
1540645863957348352
1540648152214056960
1540652258307715072
1540654214522646529
1540674320342876165
1540703912243564544
1540887709816090624
1540915330276802561
1540934810880790529
1540950302605443072
1540953504524935169
1540967056794824704
1540983050536128512
1540990088968286209
1540995379000659969
1540997211013906432
1541006457000579072
1541017808792068097
1541018923365441536
1541023154327683072
1541029458433687552
1541033748661096449
1541036182829953024
1541047486496010242
1541050522228051968
1541050863996653569
1541071720005521408
1541091349524381702
1541100259539304448
1541271303927525377
1541283107013537792
1541295023282565121
1541303199927500800
1541305392214720512
1541307189100683264
1541309603400392705
1541313044034097158
1541316036242186241
1541317973134102528
1541341754481209344
1541345059156951040
1541358065550630913
1541363161487421440
1541363666548695041
1541363807078887424
1541364985053319168
1541368321211105282
1541369423151345664
1541405499467661312
1541416470374420481
1541424888577028096
1541429505335914497
1541433597273731072
1541436227387240449
1541440638725394432
1541441135578447878
1541441285352960000
1541449282758144002
1541505497290792960
1541993741829173248
1542010340963385345
1542036132061679617
1542039581993816064
1542039589153411072
1542051343925649409
1542051654744571905
1542057880685522944
1542058633147879424
1542060858393497601
1542067733625376768
1542069832408920064
1542122756002959362
1542157303310434305
1542368540652900353
1542380528166649856
1542384246882709505
1542393935577812992
1542397625952903169
1542399059175940097
1542403555142750208
1542406430946234368
1542408357591777281
1542409404821426176
1542469415966748674
1542476385439993857
1542565578329665536
1542688906822291456
1542735116082249728
1542749748637364225
1542755526265958401
1542757603540738048
1542759182965035008
1542760469559414784
1542764548704579584
1542765919130492935
1542766483490553856
1542767623863431170
1542769200334155776
1542772593924935680
1542781468661149696
1542783965584834560
1542785066337648640
1542785250287202304
1542786508729434112
1542793389288341504
1542795165034639360
1542797005717524482
1542797081286365185
1542797091935645697
1542798375481131008
1542798379885150208
1542798860921483264
1542800550915633153
1542802795098931201
1542802798773161984
1542804137091313664
1542805237542842368
1542805241112174593
1542806148964790272
1542806459267686401
1542810095507058690
1542810346494144512
1542810445580406785
1542813329000828929
1542815173068480513
1542816627334361088
1542819045522649088
1542823854904852480
1542835457242701825
1542836574991560704
1542860616675000321
1542880553942130690
1542894028437745664
1542908402526932992
1542911340058005505
1543093835781537792
1543095458339639296
1543108387868930049
1543119094878126082
1543122395858292739
1543123522297294848
1543152976654905344
1543153800433004544
1543156011368087553
1543157261182177281
1543184793659375617
1543212557699203072
1543249583462969344
1543253570300309504
