1953091566853112243
1953091786718756903
1953091858994778445
1953091996467511812
1953092251598696835
1953092636140544208
1953093526985830828
1953093816086610412
1953096330764816463
1953097860393910581
1953101924204724321
1953111131914158175
1953111136590758320
1953111697973195184
1953112424967467103
1953113155418337668
1953113709183668367
1953114519812927587
1953115167807754315
1953115673250677121
1953116418595070145
1953117216318296064
1953143989336719833
1953148483281797625
1953149293805932609
1953154154140176615
1953267351262220453
1953273044937703606
1953273188613562519
1953273265646125169
1953273408424427545
1953273447989297254
1953273533540515940
1953273556542079192
1953291598034551123
1953295093336609267
1953295154875400453
1953295309754568709
1953295381221028070
1953295796570669551
1953295950442614904
1953296007157928221
1953296103131996498
1953296237387735463
1953300462376996937
1953302205399695822
1953306393097728426
1953307288116117634
1953316561181393235
1953319340398236021
1953319576772723117
1953320780420309490
1953321726735241226
1953323858859028724
1953324290180321631
1953324507575533582
1953325295039119540
1953326903562994129
1953327811659538874
1953331894457630923
1953334724274831739
1953334805807894676
1953335311968117237
1953336501967696216
1953336506002681962
1953338928234467771
1953345814270767142
1953349450383917344
1953355855107146227
1953356379499946327
1953358330174316672
1953358444968222988
1953360554002674122
1953361085475565955
1953361781658710403
1953363065933533486
1953363359715266945
1953364019319828745
1953364664756080899
1953365103530648063
1953365649670942780
1953365722169495739
1953366085736251748
1953366504831119454
1953367243955310803
1953367526223589494
1953379176448184361
1953381537606451533
1953386686286598438
1953390609055568294
1953391929166557529
1953392676084351183
1953393552647446610
1953393598273073527
1953394070933364990
1953395058058657796
1953396376626401617
1953400344433594680
1953405324964339936
1953405857808683056
1953405992353538519
1953406013706842357
1953414056423076163
1953415149139939617
1953417862267187581
1953418744820064621
1953418749802901807
1953418781377671354
1953421128262644185
1953421135283917230
1953421612771848359
1953423265365414141
1953427015073136948
1953427315708625399
1953427785357160466
1953428055529005467
1953428108888936834
1953431440961781885
1953437549000794152
1953440384115175581
1953441600484331829
1953442060096229748
1953442542701146507
1953442904862527707
1953443310606950766
1953447078194999589
1953448415586578900
1953448419768340634
1953448621933826240
1953449624972226613
1953450394543136978
1953450400259998048
1953455804033495329
1953455807212761534
1953459646787637360
1953461394474496419
1953465713798025406
1953466290305183786
1953467413472714757
1953468794287899113
1953469638051819888
1953470193818075643
1953471222026534922
1953473886017691855
1953474602589413743
1953475997585621070
1953477531522261385
1953478430294446125
1953478976732635517
1953481851449852186
1953493567877316827
1953500129941721274
1953509775326818343
1953520665597788485
1953522896569348554
1953524302479077675
1953527038197084441
1953670573269430779
1953682371339071693
1953683382254362802
1953689188236505112
1953689530378371100
1953689966166651353
1953692750978986009
1953695833460965859
1953695978436861977
1953695985890156900
1953700482523840977
1953702089349378148
1953703986428883128
1953712428212265127
1953719203611259132
1953723092712534482
1953723449471549732
1953723568166253017
1953723811456856382
1953724662225285237
1953725868628496802
1953727309657370993
1953727606110793891
1953727641338753514
1953728084244672958
1953728784336925086
1953729798658043986
1953731583564792083
1953731598396113151
1953732766925041864
1953735901957566719
1953737417120456907
1953738559837655283
1953741546500895200
1953742759581692034
1953748597381517446
1953751069613601253
1953753150302957758
1953753163917296113
1953753896696091051
1953756352045813782
1953759188024537425
1953759223369642254
