1825556596799488478
1825559979216318504
1825570247794954536
1825570286756082127
1825573860617736332
1825577253641834547
1825580327672361371
1825582561550282965
1825584311342625039
1825587144049438911
1825588373215412711
1825589994267738615
1825612189828526383
1825656235326132561
1825723911692071128
1825734467522101351
1825739199900750128
1825755892295545009
1825758468617167261
1825760745058947153
1825764286045859934
1825764800699461799
1825767512203813344
1825767957332635858
1825768836974379068
1825769922590560732
1825774128713904451
1825775565292392762
1825777995094671472
1825779398999695795
1825779838227198205
1825780345817424300
1825780635321119159
1825781274314944926
1825781634693746937
1825781954676920415
1825783016834191389
1825783393176400216
1825783671909134759
1825787269107868115
1825788394766741528
1825789430415896950
1825790571312722133
1825791358591709278
1825795272175432150
1825795897420128329
1825797915240968346
1825798289326833666
1825799807585169435
1825800602468683970
1825806409096900661
1825808027410378882
1825810159886639597
1825811419448627496
1825811744071229617
1825812056966086936
1825812768383185077
1825813193374978210
1825813723187167642
1825814758886617111
1825815395997032503
1825815401177166063
1825815980888776923
1825816715143643453
1825817167000117322
1825818699330367996
1825819248708694116
1825819905964519938
1825819988957012157
1825820928422588517
1825821699755094160
1825822359611457538
1825823015348932988
1825823073423208576
1825824270758654001
1825825272500990330
1825827536305271222
1825827538477928596
1825827542261182673
1825828152054264241
1825828818692747303
1825835171548922107
1825835224892162370
1825837949495189886
1825839175184118073
1825843359635874206
1825846388061778246
1825846954322247804
1825851361952698545
1825852121151082524
1825853127897317495
1825854143149519347
1825854724962398298
1825856365992226898
1825859207100309836
1825859717232734707
1825860447834112170
1825864133662880237
1825866482368262208
1825867680475127924
1825868278847377622
1825868620565721318
1825869490887995463
1825869826482487656
1825876848397685056
1825877108243206440
1825877999889031445
1825878164129853796
1825878516342337600
1825879477509042412
1825880902251000052
1825888352869982672
1825891406126178407
1825891817612783942
1825894321037390279
1825894567696380041
1825900631007310272
1825901170977812623
1825901875818078649
1825909662535004550
1825915266959651098
1825927023501385835
1825938904442458326
1825940975807827990
1825941034196677082
1825941082775109644
1825941196147139001
1825941277827039507
1825949067366838742
1825953898521309361
1825961449128354150
1825962201745694968
1825963226372227287
1826008557390860356
1826080613889376311
1826080635577848305
1826080713164124512
1826087405801316579
1826087411170046000
1826110730212438453
1826124943861624846
1826125791614349669
1826126240933359761
1826127890242469922
1826134031869632943
1826137209616900284
1826143787586039861
1826144119585956325
1826144253476507648
1826152860108861736
1826153195430953060
1826153586071580761
1826153830238556452
1826154206262407528
1826154593216246269
1826157429320765751
1826158167702622448
1826158514840158533
1826158966214369346
1826159233441882114
1826159567954395371
1826159587969434059
1826159762695926238
1826160027599622389
1826160305250119875
1826160602831794196
1826161520298115366
1826161773227233757
1826162273293144360
1826162822176223489
1826163283243708764
1826164313775813054
1826165016677986701
1826165377094791626
1826165640010543303
1826166127472287851
1826168129996861696
1826168140985696286
1826168742302343441
1826168748622889103
1826169399226601520
1826171338710462652
1826173011835379722
1826181157551305183
1826182028234293360
1826182757560807787
1826183411402481821
1826183719381790987
1826184462742524107
1826185239280161125
1826186101931081891
1826186106070811123
1826186122328002849
1826187013265195238
1826187080046714949
1826187714431156544
1826187917037068504
1826188389772562817
1826188448236995033
1826188480700895674
