1329015150980915201
1329024116695785474
1329024840011898885
1329047921707216896
1329053291804672000
1329058874934972416
1329062044738306048
1329066146172080129
1329070636094767105
1329077651366002689
1329081863588048901
1329090662168367105
1329096293742833664
1329100713729818625
1329103608952938496
1329114517758873602
1329117602971406338
1329258445850099713
1329342921766649856
1329353523033587713
1329353608085733377
1329385079810887681
1329387510120648704
1329393428090605568
1329397456312754177
1329405781091917824
1329408557859520512
1329434530407739399
1329468542043840512
1329502262402564096
1329541082636423170
1329608393238056961
1329608409008599040
1329619407975247877
1329631631850696705
1329633634244993024
1329634705507971072
1329635632310697986
1329672895837081600
1329687460025049088
1329688560320929792
1329699579546140672
1329714342065967104
1329723309861134338
1329724088273682434
1329730723515748355
1329739920227717120
1329751508846399490
1329771424060297217
1329780084635361285
1329782905279692805
1329788308650541059
1329793712235266049
1329794038992494592
1329794387463729152
1329795940069351429
1329796828057853952
1329798247888547840
1329798336094748672
1329800897568808962
1329808003214704643
1329808456191078401
1329822781463277568
1329832414663778305
1329839287286648832
1329946017051992065
1329991862942199809
1330004858246627328
1330008337451139075
1330014907538972674
1330020245919055876
1330042016164683776
1330046500299304961
1330047551672868868
1330048543260815362
1330048585984045061
1330059020116369414
1330059106309304325
1330063143440093184
1330070028822212608
1330078198638534659
1330078296768471041
1330080762285187072
1330083647525941250
1330089428275040262
1330098196836741122
1330101792269627395
1330114186597314561
1330116728123240455
1330117547186909185
1330126365866274820
1330131753386827782
1330138517201104907
1330138521244463105
1330138537342197761
1330138620716601349
1330138849348096002
1330139105561374722
1330139656441180163
1330145515351240706
1330199294129782784
1330201812272619521
1330204327412183045
1330206843625373696
1330209361659093005
1330349749267017731
1330382645759418368
1330386812381130755
1330388474323755013
1330389606630531077
1330389807265026048
1330389997946429440
1330392829282168832
1330404433579057152
1330404451572535296
1330420352216862723
1330421334648745985
1330422307244818439
1330424858812035078
1330424956686135299
1330425814765215744
1330427070099329024
1330427072955682816
1330446888156487680
1330446892199710720
1330448181511929858
1330451299607998465
1330457057552642048
1330457422540931073
1330460754462568453
1330472644869754881
1330473675473244164
1330474101048152064
1330478237286326273
1330480710352850949
1330482282713366529
1330491917373747202
1330491921064607744
1330530052442791937
1330530055261360128
1330539844863451140
1330542301353951232
1330546356205867010
1330549169136627712
1330571334665994240
1330571972669960192
1330574877602902016
1330581293902438400
1330581626959527937
1330592421294424064
1330797278596976641
1330797613126356993
1330800733935943680
1330801809527455744
1330803388208975874
1330804305486495744
1330808075175948294
1330819335502188545
1330819899027951617
1330822184462295043
1330824462137081858
1330826892132319232
1330830673205071874
1330831251675115523
1330844845338886146
1330867401156554755
1330903224048525312
1330903731869630464
1330907591057162241
1330915806033526803
1330933014021373952
1330936214908596224
1330940250911248386
1331057810889601026
1331084903568400385
1331084906357616640
1331095214325264386
1331098880654577664
1331098972375580673
1331111900654968834
1331131094628929537
1331140339558535169
1331140380931223553
1331140456420241409
1331140663602122754
1331145836902850561
1331177769451937794
1331178378225860608
1331180549554094080
1331183601505898496
1331184712434388993
1331188017738878979
1331190943874093058
1331193997881085953
1331204467568480256
1331236421131149313
1331239564183158785
1331240908545671168
1331244842379341828
1331248402844233736
