2015014357437120909
2015014441914716326
2015018124870123570
2015018449769267568
2015019781620171148
2015022850579866104
2015027744380420266
2015028141983728013
2015028229090996413
2015030045937729655
2015032470295744779
2015032475240869983
2015032480693428510
2015040732067979511
2015048050792907184
2015048354364002314
2015048394683904378
2015049413937537347
2015054018914205853
2015055018794332301
2015062936063291834
2015062989322486008
2015071437946855439
2015095722878910907
2015095740050387216
2015115911984996782
2015116134996201945
2015123130776539595
2015220572742103450
2015246996907655293
2015250773379293341
2015274651300298908
2015284911939404010
2015287181217329319
2015288673852617101
2015294492216340918
2015301994047733770
2015309628918338019
2015309675508736023
2015312562561421581
2015318349664923756
2015319038797525348
2015319369593868656
2015319784255365181
2015320396166525231
2015322696582922340
2015348274262409234
2015353316587499971
2015353936300171389
2015355801410633852
2015356092298281025
2015358670964695327
2015411904999838034
2015414677740933475
2015415760508858875
2015419382823026967
2015437574878417036
2015437598488216043
2015440191750857170
2015440290178564454
2015455112333037984
2015478952471765059
2015480644328182258
2015480783809757375
2015485793192853900
2015486384132567106
2015486390314885203
2015486396358905987
2015488193517559860
2015489367041794405
2015489372997681475
2015489803081671060
2015504838323478720
2015505238267228262
2015583088735355270
2015603126905250300
2015604636976357638
2015612615540806051
2015612691940081845
2015613652620230687
2015613914948788587
2015614009496719585
2015636559001968883
2015665277493739604
2015665520142667783
2015665682529313227
2015667971671351729
2015668942359126459
2015669867412918498
2015672268882694377
2015673543284166669
2015673547272896681
2015673603996663831
2015674797863367129
2015678956880707938
2015682806731727217
2015682822061899930
2015684382263292068
2015684422188872067
2015684542271807950
2015684958933913700
2015686780201337297
2015692377017692628
2015699627375505600
2015700815735079271
2015701957965709764
2015704026969735404
2015704712658764149
2015708678272454666
2015709104074010964
2015710659481399363
2015711597407470051
2015713482562523592
2015714181635510454
2015717781829001715
2015718752445501562
2015720538166194623
2015725550892114226
2015728209523011631
2015728321976586410
2015728791755297216
2015729850036994174
2015730653124596103
2015735647131324876
2015736061985693952
2015738592304480389
2015744790168797412
2015746382867665002
2015751836863799658
2015752865042825219
2015778438330921023
2015779230349697060
2015779256714858604
2015785700386644112
2015785733114790225
2015785775674388933
2015790549652189319
2015794879100866567
2015810048136773859
2015812084509073498
2015843034504859890
2015926672152047809
2015926712983564674
2015979604121722960
2015979836838445497
2015979876822770017
2015980604949660122
2015981145088000293
2015982576884974013
2015982598879903887
2016002344752943274
2016003243927896151
2016004388326932911
2016006173242388675
2016006212824055814
2016006324166000794
2016006352800514288
2016007805153771761
2016008038000558585
2016020044967546922
2016026467038290152
2016026591160369168
2016027965109502180
2016030621492248687
2016034184444395862
2016045769028260260
2016051845467406357
2016055287732699136
2016056998207619350
2016057583333998791
2016058081273381004
2016060704051417287
2016065620945895675
2016066019408937098
2016066388264419571
2016066775579062588
2016067754135322930
2016067824566075837
2016067953050189979
2016068336141144505
2016068388565745678
2016068411311456388
2016069017157697653
2016069693204005099
2016070289646616983
2016071060836516127
2016071446276239545
2016077091595514120
2016077096377057781
2016078283709022322
2016078288129819056
2016078753999511740
2016079563202416788
2016080378306691377
2016082584758046755
2016082936689525057
2016083459194986538
2016087491066134925
2016088234523296107
2016092499698450650
