1951122784920211674
1951130769503461841
1951131343682769349
1951143469289971917
1951154258528625076
1951154818929795359
1951155252792795321
1951156329789399210
1951156565463146674
1951156889661919356
1951156941423812810
1951163836360433917
1951164095241265462
1951167040108261488
1951168711978852555
1951168811182465439
1951169928549253239
1951173451777188136
1951178023031677101
1951182980535427125
1951187316262969740
1951191402345537618
1951197710306226176
1951198789206696004
1951199671734685712
1951200732482273570
1951201366489358786
1951201708819751371
1951203609472897319
1951204092954427792
1951206184578331123
1951207913034584485
1951208149375193461
1951209189583249883
1951209502587371871
1951209777574416529
1951211664281383407
1951211947602371028
1951211953298280541
1951213818572320849
1951213823874007513
1951214644674097295
1951216571826971006
1951216960005378195
1951217320283554169
1951217787495649394
1951218356633145736
1951218360944902613
1951224626442280977
1951224875005169782
1951225107336273990
1951227034438394180
1951227203443892412
1951229686052237487
1951231486092251434
1951236149252337694
1951236535187022083
1951237221220229337
1951240192981151821
1951241695313473913
1951242128555757907
1951243258090164674
1951243955078656337
1951244324676456861
1951244987556921836
1951246172640993350
1951247171803820126
1951247520920654051
1951249005402530008
1951249467308724513
1951249796330901835
1951250118717612335
1951251535775801742
1951251978287456601
1951253224822022519
1951253714356019511
1951253797197717720
1951254573273981207
1951254846494970289
1951255435266367952
1951280344185053479
1951282790219075833
1951283603721060677
1951284662216826969
1951285130116346037
1951285137238340072
1951302657840410657
1951308061173338175
1951324160283779331
1951325920368926860
1951474282720329740
1951479764881121473
1951479916354216237
1951481360595526056
1951481819771314228
1951501120641323184
1951501188379320610
1951501216997122216
1951503830644068513
1951504469105250381
1951505146875150556
1951505784191549727
1951506107131916583
1951510151988478283
1951512835399324150
1951515609256386999
1951516432946319506
1951519013852578131
1951520634963370355
1951525046503026752
1951525139545301365
1951525477065302223
1951525621630156861
1951526595098763622
1951528947365052591
1951529998340284757
1951532953017999471
1951533874368094560
1951534920842748078
1951536987992993971
1951540641772740895
1951542772777029852
1951545363929899086
1951547619039441357
1951548217365242005
1951548490091471155
1951548600582070597
1951550973249552446
1951552273622126824
1951557562840784922
1951559846706246052
1951560830450811055
1951563211985100958
1951564692293578891
1951568783828795821
1951572831105331289
1951573195552608536
1951573224841441734
1951573671471980830
1951574204220068291
1951574496542085168
1951575747484860558
1951575753436594488
1951575759895802249
1951576415272415599
1951576677970067907
1951577591263141982
1951579040323911868
1951580722881515599
1951581196632371653
1951585916079714688
1951586841217364097
1951591690491597238
1951593315436257779
1951596425302745314
1951597192613093501
1951620072629498297
1951620078522548649
1951639464327164287
1951639545927344570
1951640066704760997
1951640381868908582
1951640959990775984
1951646770666312059
1951649468564275481
1951661308857975084
1951671217229816266
1951673597380218905
1951673905619607574
1951691361914429892
1951825350620561680
1951849315179364447
1951851307901595668
1951852028508196947
1951852505648033957
1951853028400591010
1951853386048938295
1951856122715103549
1951871042789789733
1951871287728431577
1951871406880301565
1951871516674506824
1951889005185822789
1951893294759178327
1951894914901418107
1951896734185242925
1951904047281119261
1951905152434069760
1951906437463998556
1951908534272016606
1951933744626999403
1951947673235579067
1951947726973001835
1951968792830951490
1951984925688922523
1951998991547216212
1952001929707671806
1952002085874262203
1952007677443264799
1952008431881318648
