1932059253470277901
1932062575791124772
1932062676370489651
1932066811287314848
1932067697422184502
1932076094477508684
1932077534457541088
1932078964140589443
1932078968028688522
1932080114487230852
1932080134229762478
1932080517652054285
1932081619374096570
1932081626684731543
1932082639550451859
1932084133267919291
1932084462986379732
1932088770956017826
1932093083933716576
1932093470640078970
1932094589202202795
1932097978686451751
1932099881403076925
1932116152333033714
1932117478890737711
1932117524138824033
1932117578295706000
1932117651167613233
1932117736504857054
1932126042862583909
1932126043902808254
1932133097258283505
1932294152588562877
1932298043589833045
1932301175787012140
1932305745476981140
1932308809277718954
1932313024641008012
1932317634747638013
1932318594039505254
1932321496917242123
1932329919465533763
1932333175356997694
1932345682175881367
1932351414262813007
1932351594890416397
1932356797127647629
1932356837069967834
1932360367595999739
1932360755359121691
1932360849156673581
1932360920979693943
1932363441119101353
1932364268428812612
1932365035399246199
1932365040331772337
1932365624543690959
1932365960062832753
1932366816497861046
1932367278261367094
1932367713453944972
1932368077116907607
1932368082473042160
1932368560804024789
1932368676960993765
1932368734653657348
1932370393580671087
1932370436098310477
1932373445591117921
1932374051030499837
1932374465675182505
1932374815601815733
1932374839123440088
1932374995159904577
1932380793093120240
1932381952499401048
1932382363079802932
1932385590382936140
1932387632715358299
1932389055213568102
1932389939871895766
1932391070354243994
1932392232235172332
1932392792900378936
1932394722456457363
1932395189626343782
1932395903694102588
1932396684321181944
1932398340077174801
1932398968342012123
1932401379257315343
1932401995190817012
1932403360235409559
1932404902833324239
1932407190490649047
1932407259331797039
1932407319108976743
1932407388512117089
1932408482214576418
1932421731555455176
1932422050507100235
1932423370454482977
1932424012292141503
1932424870979133689
1932431117292056612
1932435835837890968
1932440395897848031
1932440612953108646
1932447024131215449
1932447424116658395
1932448435749450172
1932448800414785713
1932448985593327634
1932457176897126512
1932461319212478506
1932461531465216164
1932461713850535952
1932461779218554965
1932461895870501162
1932463002181108040
1932470515454918669
1932477293483733304
1932493711289823658
1932565769356730678
1932566267157750152
1932632350544048287
1932632366599844151
1932644899893227901
1932668772080595407
1932669349426286674
1932678405805453776
1932679122251313367
1932680310808006719
1932682961851187359
1932683183054860405
1932683826935021588
1932706606539837632
1932706611975573905
1932706762995712450
1932707892769312802
1932710624959869207
1932710740495913368
1932711131908550699
1932712004806164505
1932713289441476636
1932713573144539295
1932715052370702731
1932715433402249382
1932718869577413112
1932722709047185518
1932723097754341589
1932724778470945091
1932725836077281357
1932726281528803381
1932731016684154924
1932731714851234178
1932732309901287831
1932732315022594240
1932732321204986099
1932732671811014753
1932733295533432860
1932733785776275883
1932734658451493200
1932735346493579580
1932736249481343409
1932740053446627398
1932740859973279890
1932741735110811702
1932742898497564821
1932742902981276105
1932743402006966568
1932743854341693761
1932744494971302392
1932745231696605205
1932746909883760900
1932748331673096658
1932748822465388935
1932748910482894906
1932749279275491370
1932750087215841748
1932750877871481216
1932751084826804415
1932751091185430580
1932751594158010403
1932751868976845099
1932752027513430101
1932752621212930375
1932752782098096422
1932753106175197387
1932753224668451244
1932753457028759810
1932753963780354102
1932753994851525097
1932755017393713481
1932758294667411800
1932763259968610653
1932763264045494334
1932764009855660514
1932767243601117524
1932767249406046597
