1450761861427695617
1450772024339550213
1450796618362474497
1450817626683281411
1450817704600895496
1450817900084744194
1450817916207648769
1450818591297720325
1450823279229366272
1450844490722275339
1450844730565140481
1450847085926903813
1450856435084980230
1450862453701570560
1450868679239819266
1450869395488587781
1450869460802281475
1450880755895181312
1450882880637333505
1451022936576434176
1451046748302942208
1451052894489231360
1451057030773366785
1451063128150581251
1451077376159350788
1451082550261157890
1451094955372339205
1451110477543579657
1451127187722018826
1451169251515981824
1451181823095042065
1451182078284886018
1451186525945798674
1451187708752138251
1451371625564102659
1451371876924608515
1451373316468400129
1451385116207431683
1451441255154552836
1451444412853088262
1451446886083153924
1451449221492576257
1451450638840205312
1451451063966392324
1451451781574103040
1451460814787940355
1451460842331918336
1451462158240210944
1451465954420871168
1451467106537459715
1451489958615662594
1451496304773787651
1451496331768258562
1451496404661137412
1451496491046948867
1451496502300270595
1451502302380978176
1451503210166841350
1451503928667881474
1451503934967672832
1451506723747889156
1451514656778960901
1451515614107877376
1451525450308620288
1451533895350976514
1451548304651653123
1451548829342257157
1451550723968172040
1451556311087255553
1451562959222628355
1451564157812178952
1451564181010849802
1451564200505999364
1451564213164408838
1451565309773578247
1451567699327217664
1451576770361135110
1451577003807678470
1451577176948572166
1451577222628732930
1451591804462067712
1451797343171272707
1451799763758698499
1451801932184506370
1451809937437253634
1451819281755246601
1451820891965251592
1451824657070313482
1451830319930245121
1451830893803302913
1451830913935949824
1451831094748143616
1451831163396390912
1451831277661745156
1451831454753689605
1451832497151508481
1451833037549817861
1451834103368597507
1451836379965452288
1451841959216123912
1451849573022924804
1451849761087049734
1451849918574850058
1451851722842783744
1451855020144541702
1451855773143748609
1451859195418972160
1451860330682875906
1451874939863109640
1451875695907332096
1451883470976741384
1451892841156734983
1451893106639466497
1451893248960577542
1451893320565735426
1451906277219586049
1451909639981862921
1451909754771570703
1451909808202780676
1451909917825134592
1451912465248251905
1451913507079737353
1451918175302402052
1451919967742423049
1451936895814942725
1451937551426600968
1451939881718988819
1451952541512585217
145203530851024896
145203864327557122
1452094432275099654
1452096902191669250
1452109866835709963
1452109921776852997
1452110286341566468
1452113825742811139
1452118436016840710
1452120977685434369
1452127107954274306
1452149760605839366
1452150501231849477
1452154194371121153
1452262056405704708
1452286602227724288
1452288343824285705
1452293043609116678
1452294560651091977
1452294565118070794
1452294867887984649
1452310885385621518
1452501472747286532
1452508501490552839
1452524188783157249
1452525888667410436
1452528085329330177
1452531958014042113
1452535743046307843
1452536697111990274
1452538882646413316
1452539359756836866
1452541801466761218
1452542588234264576
1452569058931400707
1452581268365791234
1452630908255629318
1452633682653581315
1452634476823990272
1452636008994902016
1452644298357235724
1452646917398167553
1452679010584969217
1452679017794981889
1452872628922769409
1452872883940720647
1452873605793017864
1452874139161665540
1452876086237224962
1452910497141903362
1452911909439565824
1452919683640803330
1452921305494216708
1452921312398110726
1452921318739877890
1452935441938714625
1452936866496274432
1452943511473385478
1452949507138744320
1452986139120336896
1452991381656514560
1452993376245194762
1453016837025792001
1453045140973494272
1453045590992973827
1453063238606675975
1453184429128437762
1453187062480265220
1453200309979734017
1453200933177872392
1453201051591475207
1453201137398550529
