1978122081947488452
1978131129841414190
1978131273550811388
1978131446452596904
1978131547539546216
1978131865576906816
1978135537358692650
1978141826046410964
1978142251550126158
1978142856523956299
1978143295294345574
1978144008682577948
1978144579879682311
1978145138065998027
1978145574177189913
1978145736492568977
1978146623738761461
1978146968116355461
1978147478076584117
1978148604691845216
1978149443061895575
1978150201337528670
1978151352648818692
1978151865318588665
1978164730293375059
1978189825481310287
1978259275475493353
1978272111887090156
1978297679256945081
1978298469061198066
1978299123846545843
1978302310229917983
1978306084436672782
1978326354064982423
1978327152178139314
1978327933837025646
1978328348892815475
1978328761989804054
1978330142775652732
1978335587716264167
1978337433667162436
1978340476731134422
1978341914358288503
1978341918766477464
1978342527678730420
1978343607942660110
1978364621707743533
1978365307853865021
1978371063625977863
1978373038358831520
1978373627423691000
1978374098162958396
1978374392628347168
1978375379912954260
1978376507572515325
1978376519987654724
1978378602723881320
1978379363952308224
1978386866672963938
1978394762190471420
1978403945769746930
1978406413425684860
1978414015702266366
1978416758911390119
1978419242543313059
1978428240973746498
1978428949114781788
1978428959147565203
1978429833588650403
1978439011715719488
1978440525590991333
1978441035115106318
1978441662079570040
1978444666304426124
1978444968143257835
1978445119528251430
1978447734873964887
1978447848610959623
1978450591614423349
1978451612097011777
1978451995066347648
1978453222923661606
1978454449338409100
1978454638396666186
1978456676446380256
1978458923100262453
1978458928670289982
1978460695902478599
1978463192234762619
1978469436668424311
1978475547781894436
1978476749718769819
1978478686312780237
1978485716901572788
1978486002651128204
1978493757822517402
1978495995622101421
1978496005508141103
1978498959082451208
1978500849165844856
1978504693979742461
1978505417039790121
1978519094912516504
1978531937175097585
1978619399423799777
1978649597594697998
1978652987678695492
1978653425803178065
1978653685069775009
1978660922454388836
1978664699194376371
1978672175755247935
1978674157802975293
1978683886793085321
1978686415212007675
1978690752168223186
1978690759994814898
1978692369580003830
1978711875975061646
1978720774392262733
1978721390074200073
1978743876060889287
1978747211161952662
1978747870279770158
1978748557864906900
1978748666916815113
1978748866527928728
1978750014160548338
1978750291559502275
1978751102142259559
1978751291108278616
1978751665126981894
1978752032891720100
1978754963619610867
1978755057798525147
1978755348975501413
1978761991066972662
1978763013374058786
1978763509430169673
1978765945490255894
1978767476407116066
1978768151727767777
1978768879816962192
1978769028010135602
1978769649824133161
1978770059737579625
1978770432057606318
1978770824673829194
1978770828163477870
1978771597780541703
1978772741412061288
1978772746407485604
1978773412500619276
1978774982277623990
1978775451771293940
1978775911827702173
1978777651591455183
1978778083692790144
1978781882427814336
1978786615746072803
1978789372003557623
1978789377292611639
1978791606426951842
1978793351664071131
1978793928678687131
1978795900030816580
1978796360150188132
1978796377548152991
1978797257878041087
1978797742068580804
1978798157547905194
1978798576001016047
1978799501100945830
1978801267129422091
1978802253478723659
1978802663174119648
1978803020197449947
1978803250036929022
1978803536486879611
1978803738250018928
1978804590918123784
1978805394647466190
1978806638082404419
1978807086134747569
1978808291808461078
1978810150208131220
1978810386875916435
1978810507579580553
1978810749595042236
1978812562360684573
1978815359495946751
1978815595291275514
1978819050219205019
1978819545260339444
1978819656530932177
1978820190604271956
1978820299937272171
1978820514157306061
1978823161312362496
1978823867498967470
