1497852857000685569
1497853937298259975
1497856465369186304
1497859283760779264
1497860784088498176
1497889188837924866
1497894836325662721
1497904782102581253
1497928993948909569
1497932216542064649
1497946108579827712
1497950821606391809
1497951586634846210
1498005773128900609
1498009033361719299
1498128982201737217
1498129091450785795
1498129168697274369
1498129307319017472
1498129414277955587
1498129441381548033
1498129461828816897
1498129549586214914
1498129760073183232
1498129796790091777
1498129827668590594
1498129967171141642
1498130011421052928
1498172450047422465
1498172520037765123
1498172598106357765
1498172664531550212
1498172682168602624
1498172705124007937
1498172948704034821
1498175684833071104
1498175705536163840
1498175791196405760
1498175819004678152
1498175900558725120
1498175965687848960
1498176006863360004
1498176224258322432
1498176364142542848
1498211095689199622
1498211178635751427
1498217885512388612
1498226329954643968
1498228776034992129
1498229638295736320
1498233616161116161
1498236409152348165
1498241357193768960
1498241610580373506
1498241852411383809
1498251726066835457
1498254344067510276
1498254497646211080
1498254774398980099
1498254813301121026
1498255504245604357
1498255566509993984
1498255578245722115
1498258847722782723
1498259175591518211
1498259669554728960
1498261038625529856
1498261432877543427
1498264984555458560
1498267015567462405
1498267266621657091
1498269954465955848
1498271676722679808
1498278475152916486
1498279925048315904
1498281945318703104
1498282402468495366
1498287785455005701
1498288730834370560
1498305771112525825
1498305778729451528
1498305995365179393
1498326798945615874
1498326816037441536
1498327068924203008
1498327100431863808
1498327236482519042
1498327301863268356
1498327434260746250
1498331419579346946
1498331475988520964
1498331680062332930
1498333283372859392
1498333301337059328
1498333345289150468
1498333363144323077
1498333514890039296
1498333601712144385
1498337483938885632
1498337489433419781
1498338322413883395
1498338574642540545
1498339454951428100
1498339488262594560
1498339682614054914
1498340250480832512
1498340287818584065
1498347612487176193
1498348084593831937
1498349763061714944
1498351349528145922
1498364894449520640
1498487376565669894
1498490432568774658
1498490439174819843
1498505214785056770
1498507509501284352
1498508208758919179
1498509101915000834
1498509494858305536
1498509972870549509
1498510875400892420
1498510998570881028
1498512310591422467
1498512807507423232
1498512973408923653
1498513803570745349
1498517617887571969
1498517766009405440
1498517785080905728
1498517798175506432
1498517829645369345
1498523061598887942
1498524492108234754
1498525161208778752
1498525969241370624
1498526329343733761
1498526937274195971
1498527831810195456
1498534255882010625
1498534844417994752
1498537492055662595
1498538119431221253
1498538189681610752
1498538208094687233
1498538233000390657
1498538277585838082
1498538336759140354
1498538410650128385
1498538425871265793
1498538550148558849
1498538615365726211
1498538684903149570
1498544835686395909
1498545664665731072
1498546949489782784
1498548206913069058
1498550431827382274
1498551181949370369
1498551427777835008
1498552214859956227
1498552579554353152
1498552593509142529
1498552665714085888
1498552935953100805
1498553087186726912
1498553231609569280
1498553532420550661
1498553584468004867
1498553873849454592
1498553943521382402
1498553974974468098
1498554073339285504
1498554322904567808
1498554509886636033
1498554566194855940
1498554932739280898
1498554983276740608
1498556036852203520
1498556746285326338
1498558079952392201
1498559636433424384
1498560552590721029
1498560900466642946
1498560984654303233
1498562019813134337
1498562196787236865
1498562925375623168
1498563249821814789
1498563715578626048
1498563763804327939
1498564144236167173
1498564648568000514
1498565103133675520
1498565561193689090
1498565904526761985
1498566436385878018
1498566562286309379
1498567803502473219
1498567825824567296
