1421359106460323843
1421359275272589318
1421359415152631809
1421362806591397888
1421366078375030784
1421372581462953988
1421372651780464642
1421372867447451648
1421372921650421763
1421379585350930439
1421382442921840640
1421384396565749764
1421385201800777729
1421391586181541888
1421393138975870977
1421393336905080834
1421408809663139843
1421409063426920455
1421433290423115783
1421434434054541317
1421435638675435526
1421435848847810567
1421436148019171335
1421436688245555201
1421437365973749762
1421438556837343234
1421445132902014979
1421447003582603272
1421456064545910785
1421456168547885056
1421460272858861574
1421461714046885896
1421468970935222280
1421469019085762561
1421469151885873152
1421471811724713986
1421477130609692680
1421508890420600832
1421510267645480963
1421510284196212737
1421511766744305666
1421513642659303426
1421513770568802306
1421516680014884866
1421522937757065218
1421523583206006790
1421550705748238337
1421552126136774657
1421646162424066049
1421697946735702018
1421703660413743111
1421703727161831426
1421729489508204547
1421731829455880194
1421742049510920194
1421759888099659776
1421829132485226506
1421839188249300997
1421839689963610121
1421841505522642949
1421841696468267019
1421846531297013763
1421849208923955200
1421852582708846593
1421866079710715909
1421867134091599876
1421867786695974919
1421868330810413063
1421878517072007169
1421879728084905990
1421880141215453184
1422035236687282177
1422036982104952833
1422038810142068739
1422039883883814912
1422050164169056267
1422061325493043201
1422061732218904577
1422087772693692418
1422094942294315011
1422099085289353225
1422099177345937408
1422106457722425345
1422106807309201410
1422107582248873985
1422107965482364929
1422108149469782018
1422108261415669768
1422108764480573440
1422118524353355778
1422119710007566338
1422126864785575939
1422143710591021059
1422143793810137089
1422150117130326019
1422161048744783874
1422177146764632076
1422177364503527425
1422180905326505984
1422182136941989888
1422182426910945283
1422183759634337792
1422183766680735749
1422186309200662528
1422186568547127300
1422187041429757952
1422188352061591555
1422190862243532805
1422190923987836928
1422191324552339456
1422191330667556871
1422196859871760399
1422196947310374914
1422197146003017735
1422199238004330508
1422200456193843205
1422201063541673991
1422201131023835139
1422208755253452810
1422210146814468096
1422211942433783809
1422216941201100804
1422220132068118530
1422221475545640960
1422224278234095618
1422225138079072258
1422226467379765250
1422240554604109831
1422241756880379928
1422242073307090946
1422249398277316645
1422249579831910400
1422249733263794204
1422402792589709314
1422406186331099136
1422430818387992579
1422433255278608384
1422435321082380290
1422438621437513729
1422439441956622336
1422442072829612037
1422442754546622467
1422457798957305858
1422463493886803968
1422476978125373442
1422477290810707968
1422477819326566402
1422497829612781568
1422498888833855491
1422499301289127941
1422499880799412224
1422515816755388418
1422515896170422277
1422518690461798404
1422525107688247298
1422525163598274560
1422533090820321285
1422544385258909696
1422551559234330637
1422555242906931203
1422573967932489738
1422574945251467266
1422578191642681350
1422582302345863169
1422589290907717639
1422589852743192577
1422590105638760454
1422590510493945858
1422598995960991744
1422607097020125186
1422607371503693824
1422607451472334851
1422619998783041541
1422770884633264135
1422792399173021696
1422794074965217281
1422810790936018946
1422812487381000195
1422813379903692802
1422816245200551943
1422819412428554241
1422821511652466693
1422821568711823364
1422821656804868096
1422823578966237185
1422824571518914560
1422827467958456321
1422836083016966144
1422838695065886724
1422839665778839552
1422872634371416067
1422881275300368390
1422884319920492544
1422884650821644290
1422885908114599936
1422886524392067074
1422888021804806144
1422898665035689992
1422926731602657281
1422930855530356736
