1883423413366313342
1883426009980305630
1883426018595385670
1883428278993895854
1883428282097672340
1883431139618205863
1883432223145423142
1883433078619779122
1883433842352308455
1883433872328937480
1883435231967170928
1883435806976864576
1883436116743008300
1883436672265896385
1883437070745829602
1883437271883612581
1883438488718377003
1883439008526766387
1883439827070398673
1883440917719470445
1883443215661166702
1883443219817771414
1883443944115298814
1883444135941800076
1883446979394703647
1883450795724865542
1883451034250748004
1883460706122788927
1883461592584687934
1883462325870776649
1883463059106394504
1883463959241716218
1883465379953131728
1883481524051575146
1883483140246896713
1883486378220257303
1883487828124090655
1883488885411545155
1883490669366333953
1883491095327219913
1883491811328733537
1883494301105303754
1883501513051697661
1883503415403413648
1883506067684159759
1883512042642133438
1883514048115003666
1883516810248741307
1883518400808522191
1883518432479682662
1883518454474629286
1883518469108560308
1883519701281865900
1883522989091930370
1883526742461292689
1883526879509905792
1883527966518607883
1883528206373761052
1883528694486192597
1883528931707375953
1883530832284922055
1883532810985808346
1883533016867512422
1883534312735486106
1883538702020063739
1883538726212731106
1883539055205597344
1883540017676771509
1883540021090930989
1883540962951213076
1883540971226595651
1883541808128700848
1883541813535097273
1883543765811650836
1883543780433006623
1883544084876529912
1883554986833125414
1883554990691946726
1883582951679729757
1883583191853994472
1883602825672114190
1883602954906951775
1883603000868135050
1883603126978224626
1883603503110881381
1883695953770848451
1883696860755575024
1883697629189877884
1883698962135445913
1883721061310902487
1883739970462257346
1883744591398203399
1883744997029396822
1883757711072071909
1883758358454546445
1883758690794422762
1883759348335432061
1883759508369141842
1883760877964562493
1883766026980241766
1883766150582128644
1883767865809277290
1883783974654480669
1883787027289919871
1883787123528208529
1883787126703366531
1883787963957698660
1883788130278646124
1883789026752430145
1883789033043890339
1883789171799785476
1883790242999923167
1883790453486891239
1883790487343255931
1883790884241846390
1883791579737137546
1883791881525715104
1883791980247019693
1883792797247111247
1883794053625704527
1883794581650866198
1883795258313728448
1883795878609346840
1883796155202769353
1883797889660690802
1883798273204650258
1883800580688367717
1883819876894245037
1883820398913134685
1883824296541499513
1883824934788743585
1883825495026069870
1883826914781237479
1883829428721267136
1883829641879891994
1883831471548600761
1883832435861057719
1883832506199506991
1883832707869974741
1883832708843122959
1883832972048322734
1883835766339752141
1883836568957571324
1883839082650022085
1883841012176740845
1883844598382149920
1883845779653382252
1883846828556533946
1883847591844340133
1883848065372831935
1883848616760209697
1883849412918853838
1883849662375113070
1883850592055103676
1883851020813639910
1883853479476875736
1883855769143222596
1883856789718061197
1883862042098209004
1883866354480242888
1883866372536717777
1883866393252425885
1883866418783141899
1883866476572033279
1883866521845514439
1883879197879533945
1883880442711142467
1883881299380760955
1883881494630052134
1883882159607611823
1883898725862654291
1883910722478112824
1883911279544619477
1883913105320923199
1883913630032547926
1883914816810840242
1883922374996942912
1883922958454083784
1883931009940611420
1883940297580949596
1883940821608866001
1884060833086570902
1884089015261179909
1884110237399146896
1884111032756654115
1884112334614151491
1884120017396171207
1884121818925260855
1884121852374827086
1884121926345605563
1884122622679736816
1884123723332255921
1884125973312090159
1884130681250594830
1884131323981488469
1884131546250240408
1884131699371729397
1884131862538510504
1884132155707777463
1884132317893161140
