1983483275529371990
1983483559961932203
1983485187578302759
1983485291659976986
1983486622483300548
1983490491900682377
1983491757099946132
1983492051493691895
1983492233803276637
1983492289382252596
1983492356621140471
1983492586204774744
1983493085519548669
1983493346355020188
1983493583119237278
1983493730930974845
1983495150782292149
1983495236073521497
1983498209440797147
1983500310631891010
1983502118695694379
1983502123753975956
1983502368952979785
1983503147927523430
1983503716981355003
1983504712910397510
1983506189527716129
1983506875099598986
1983507077659017535
1983507083178692860
1983507466328424650
1983508342380093886
1983509709379568063
1983518344650383624
1983519277853589698
1983523574133776606
1983524921054818517
1983525434168881315
1983527386709905770
1983531450482970938
1983531993389568321
1983533610096615703
1983533624604688725
1983533670771417097
1983533804427059222
1983533833883729975
1983537752240017702
1983539363226243519
1983540398204268739
1983540997872333013
1983541005145010606
1983541030659187055
1983547861028786669
1983562133607457111
1983582513017843841
1983585172957360394
1983586206882689418
1983586787500159419
1983588629990805971
1983588706092261747
1983588717215584693
1983588731492897162
1983589190249148497
1983590115579719930
1983590513761775818
1983591038062359029
1983591048619421806
1983591065312751988
1983592869064802771
1983594880757854632
1983598440530767938
1983599613140726084
1983692828447269263
1983707508691915228
1983723028623049024
1983725184432664607
1983730401064710617
1983735683224395804
1983736653727650016
1983738126901375378
1983738130021937637
1983765987884413368
1983766201806549171
1983767355525374159
1983770322705977718
1983772613181895088
1983774446424093147
1983775157606084625
1983776370829488349
1983779373506556093
1983780195732533608
1983780349155930383
1983781348344217978
1983782536300974324
1983782542034792625
1983783453280649616
1983793055393292319
1983793857713381563
1983795277308838157
1983799274497569271
1983803487139066176
1983806089889247636
1983807774011355516
1983808799493517792
1983809078989402186
1983810126609052076
1983810477244477633
1983811579008425996
1983811634184515594
1983811805651796421
1983812280572899611
1983812556331565101
1983812766373966004
1983812999048462638
1983813412431000055
1983814185235705996
1983814701932073468
1983814816205557826
1983814821846909205
1983815058124894339
1983815989855649793
1983815994683306035
1983816198149304738
1983816709078446188
1983818515498049946
1983818519977304185
1983819668956557545
1983820780199932201
1983820903382446198
1983821536009343135
1983822091448447182
1983826205133644276
1983829599252574588
1983829695813841394
1983833756214673841
1983835547253796962
1983838186674724955
1983840988432081081
1983850145805692952
1983852298427404451
1983853161283776814
1983853166870556733
1983853830086521176
1983853835966935442
1983854380958019633
1983854528513634644
1983854635061539143
1983856471101338116
1983859262372917490
1983862404024037475
1983864413485678757
1983873563552837672
1983875419326837221
1983876813056254386
1983878822824177851
1983880698349187444
1983881715295908002
1983883085516300565
1983883748971311491
1983887255350735212
1983893866790187442
1983901178640613532
1983903191961067750
1983903196193157158
1983912222054330577
1983919610740015478
1983921714741297400
1983931184783749477
1983936305861161197
1983937233670566310
1983943723005452763
1983944696872497597
1983946116069818710
1983951810122731866
1984055216304750893
1984085417272979605
1984093551999988120
1984093889838657843
1984094240964845785
1984096562700509658
1984100516058603737
1984138272571060442
1984138319115251721
1984139009241837724
1984140347572941059
1984142122824691963
1984145769918763179
1984146206327447761
1984153740056961218
1984154704147100049
1984155441576997339
1984156241719963762
1984157686532075774
1984159622069194831
1984162268205215871
1984162575312154689
1984169154409377976
1984170250661982273
1984170348099600520
1984170353468608798
