1971630963487920391
1971631530444534144
1971632235834232841
1971632613598417298
1971632846398964154
1971634776865231062
1971634959162241049
1971635392383500432
1971635565566259453
1971636444042350649
1971638322352345559
1971638534491824450
1971640231519773109
1971640548508553268
1971641808599060814
1971643431698248120
1971734029172133989
1971743445116244299
1971744513376084438
1971745676418777179
1971746144137937088
1971746676735099190
1971749129836490946
1971750430368846058
1971751397210329166
1971764230253633943
1971766989367738700
1971779328192266559
1971787378596687929
1971790652636549565
1971799205284118557
1971800205189435621
1971800595435761961
1971801439019372683
1971801711489831040
1971803197577769346
1971805751611216231
1971816997383295059
1971817700122153028
1971820994030625158
1971822208571134369
1971823312096616669
1971824357556285696
1971828852570968325
1971830215002542565
1971830874221273211
1971832261910954223
1971833391101497427
1971837252482617491
1971837774744768597
1971839350838382887
1971842166034255944
1971842932228686044
1971859119218086107
1971859188960927912
1971859197953532031
1971859208338657324
1971862840983409108
1971862889784135723
1971862963327049866
1971863307415179524
1971865093874110804
1971865099918102606
1971867321636700224
1971867327600922826
1971867333246570837
1971869299209130169
1971871718542303689
1971871724552782180
1971872551803802008
1971876651186491643
1971878553777238065
1971879213889396747
1971879908684320944
1971880874703778170
1971882087130321363
1971882134504915054
1971882574403527079
1971883368137855103
1971885133956583871
1971885392254361662
1971886349839224980
1971887520326766622
1971889183825580120
1971890245512863778
1971898846977614287
1971900305500680249
1971909575520801253
1971910906348265870
1971911087819051462
1971918285060083758
1971920615377612983
1971921929427947892
1971922577108226137
1971923236494758238
1971923839778279855
1971927828703928538
1971929851876856030
1971929952250736865
1971936432303624572
1971941603410653460
1971955367522550165
1971955467225276635
1971957732115886492
1971959613160673697
1971962949855334905
1971963174867103781
1971977221129822551
1971982719581377001
1971989340550320206
1971989863965901021
1971990711081095279
1972001956475687361
1972004432431976685
1972004561738256521
1972005019584266524
1972009229360984308
1972009362832159141
1972009666097156538
1972010491720683657
1972018637457469835
1972018752125595876
1972021291600564262
1972022023187816897
1972022861419483168
1972028611940307391
1972028855318876305
1972029104578089393
1972031031831302563
1972031260290941342
1972031348148994246
1972031408018542707
1972031513870192813
1972101240478999028
1972101545446822055
1972104408155746605
1972110492476101008
1972133626713460753
1972133717868195930
1972133992637124641
1972135188659687618
1972135942631969180
1972152618727448795
1972152624469467248
1972154600800374881
1972154777573413121
1972155621886792163
1972165630771319107
1972173095428673548
1972173644618256559
1972175165800042660
1972176169803174209
1972180146082730224
1972185742135992804
1972186232206839878
1972191574768714225
1972192211338252734
1972197688566538527
1972197778303660237
1972197915805536706
1972197998932512924
1972205252746281348
1972205793903890912
1972205819371589974
1972213945714069885
1972215668482494807
1972221683210879137
1972221704467562656
1972230335078498327
1972231067399864512
1972231254629290336
1972231297541235129
1972231932785361246
1972233015817626094
1972237315390234726
1972237321526452627
1972261897010610182
1972262801554256303
1972263290471592272
1972283143098175721
1972297533163749782
1972297670799847933
1972297782527754685
1972303070311960964
1972303132458955188
1972303219020992743
1972303385396383787
1972305256588706099
1972316726101766466
1972317081124385269
1972317086073700355
1972323283749286266
1972323322764611950
1972323334756151478
1972323361058672769
1972335730761560494
1972339018521301151
1972344140584353806
1972347327961825305
1972458805041541544
