1980551031374446646
1980551040090206269
1980551947255173462
1980552982258442725
1980553952178700418
1980554121477517363
1980554460054319612
1980554540736000401
1980554859880538417
1980555587030249515
1980555601404129771
1980555795923374278
1980556361919566098
1980556372715712685
1980556643332219187
1980557116286071258
1980560367542800411
1980561046785216859
1980562930199589086
1980569001152708953
1980569736657433020
1980570211603632556
1980570232390631643
1980570568169861318
1980571063730991527
1980572678022148147
1980573614178201989
1980586171131662402
1980586473461281261
1980587547517718721
1980592222044319973
1980594803156066780
1980595938914890214
1980596557130133685
1980612547859583322
1980616489888891148
1980627634460782805
1980629029469528531
1980629793952718961
1980629900458619356
1980630159649874286
1980631919185584420
1980634800055812102
1980637355469094972
1980639144478122060
1980645942882889902
1980645947395961284
1980647052448264630
1980651709333676309
1980651714224205838
1980652857687974134
1980654144320065892
1980654239170064831
1980656808973988193
1980657534416642066
1980674350673179077
1980682057983709394
1980682063453012395
1980683031741690325
1980683039295566313
1980687729437602149
1980714343760294166
1980719443677528174
1980721615076987244
1980723357088903599
1980725228377624679
1980848044334879205
1980850039275811272
1980850107999498636
1980851167677861922
1980851963941253409
1980860143366778936
1980862837934436730
1980862845941346561
1980864481698967701
1980873408763326795
1980874295971876899
1980874716660613370
1980882067262173444
1980882319650218236
1980882445387067661
1980886831614029917
1980892761734963211
1980894172749132078
1980894351996887225
1980896378873344283
1980897283823792543
1980900291026518135
1980919131424834019
1980922185410859485
1980924887876399184
1980929829731278899
1980939216331903327
1980939221692248190
1980940129037664335
1980940516108963913
1980943346920231306
1980943350535684564
1980944563964616949
1980944716578578488
1980944720408059975
1980950417384353888
1980950764001632455
1980953179001958683
1980955060395020436
1980957380524581207
1980960118998220802
1980960927425187945
1980961637571112975
1980962303270179264
1980962950291886348
1980963541910978627
1980966391479214406
1980966397133115452
1980967498876113400
1980967505473540200
1980968391264620982
1980970975241081038
1980971621491040665
1980974524188537009
1980975452811665725
1980979161188704486
1980981185921855535
1980983287066845382
1980984029689373065
1980984785179943412
1980985947413188628
1980986887713222926
1980989091891327313
1980993652202803228
1981009587378835619
1981013306900205666
1981019128367604033
1981020625834480042
1981022667751784591
1981024257153941912
1981027893191885282
1981028052873203907
1981031243891290573
1981033619100713137
1981034111570764172
1981035091431137512
1981036102883610925
1981036615184372115
1981038005864497609
1981038228858875953
1981043831496987017
1981219611346686145
1981222109860024716
1981229928260784246
1981230686502867445
1981232066927989168
1981241525322600725
1981243027948785874
1981244898830667985
1981246503550406821
1981247879533785506
1981250728686706692
1981250734747447514
1981252052853645384
1981254284231791044
1981256776789217331
1981259209720418696
1981262903451021755
1981266321083171158
1981267113890501005
1981269404995444943
1981270544969601219
1981271044272116209
1981292136306991453
1981292140144845109
1981292777830044054
1981296494079856922
1981296500769746975
1981304154464407711
1981304158176280740
1981304712910819587
1981314006293024919
1981315026574332077
1981316195409416307
1981316924987539822
1981317613277057326
1981319804188533006
1981320554373402850
1981320758912839685
1981325823472005182
1981326500935979226
1981326961214705845
1981329652162712061
1981330658472710531
1981331263647789133
1981331332820344907
1981332545842401647
1981334939036766265
1981335470723481891
1981335606568636685
1981336070773231870
1981336468460359951
1981337278929916302
1981340324414050755
