1442712250649776130
1442712288230719489
1442712499615244288
1442719017458814976
1442736375904681986
1442738560436629511
1442739846057906179
1442778130494595077
1442779190269394950
1442779276860813314
1442779355663384576
1442779525645942784
1442779675097382928
1442788958757216256
1442790296811569157
1442791676838244354
1442793293675319298
1442797388838539266
1442805620202094597
1442806604009664516
1442806885216763907
1442816088987684868
1442816214800080897
1442818083328905217
1442818570921017345
1442820437046485001
1442823187780100099
1442825550704230409
1442826813290340354
1442833937059880960
1442834439659081731
1442836940600987648
1442840896827842568
1442842285385736203
1442842695802634245
1442843003064778758
1442845277417877511
1442845439271882752
1442853564578209793
1442855084560424960
1442856389613744131
1442858157106085888
1442858222432387073
1442870880271437824
1442876376931913728
1442876485337972737
1442877277319041034
1442879827200016390
1442880058163531778
1442882248928161796
1442882431002939397
1442884666365677568
1442917400173678597
1442919035079823360
1443089401509150720
1443090675600281606
1443092294639390725
1443092857368154115
1443092934308425728
1443093230887727105
1443093287238201345
1443094907401371651
1443096377295183873
1443097131112296448
1443097262956023809
1443110549735161856
1443120817563262982
1443122180443631620
1443122677594537985
1443123420762238977
1443124406511800322
1443125373571526658
1443127042711515139
1443136220419149835
1443138706940956674
1443153296550596614
1443157929700433928
1443158615737528324
1443158717378093062
1443159739030917128
1443161107128930305
1443167770892406784
1443168439011401728
1443168514760601612
1443171761277734917
1443172728052207617
1443172885531480066
1443173032160206853
1443173836275404804
1443181913670242304
1443183631459971072
1443183823747829771
1443185267037204482
1443192988427952135
1443192995746959366
1443194948392656902
1443207801417842705
1443209032399876106
1443214731716661248
1443217410664787975
1443217417966997505
1443231889049882626
1443231975993602048
1443232003344666627
1443232262309363714
1443237106004807683
1443245159353761795
1443249519852867588
1443250098134077446
1443252392909148173
1443253936329093128
1443257584492834819
1443257689488777217
1443383560040169472
1443440598539669508
1443450081256960000
1443459445527220225
1443463438886268930
1443465025402773504
1443465841320685568
1443469708385079299
1443471714369769476
1443472338557681664
1443473338425249796
1443479734277447686
1443479883665973249
1443479963999490049
1443481926287781890
1443483485650313217
1443490168955027459
1443491522880544770
1443493271267799041
1443501106374463493
1443514815754895362
1443515557001646085
1443526542890397705
1443529671203692553
1443540559210057728
1443548105740210178
1443550386216861696
1443558068755722245
1443559467270881285
1443561605531422726
1443565777714483211
1443566971312750602
1443567172022726663
1443569183929733132
1443569574377517056
1443569696268161030
1443569767881732098
1443569820364988424
1443569862224142357
1443571524804354050
1443573342703742992
1443573592709427215
1443579937739317250
1443580219353227280
1443580346537164806
1443581719278276616
1443582953208963072
1443584506359803905
1443589048963010565
1443621447486763009
1443779436516495372
1443781377107791889
1443781496817422348
1443782199744995329
1443782578704584715
1443782722397224960
1443791499653615616
1443791502413496326
1443791505387257856
1443791507731849220
1443798482238664708
1443812283184943105
1443812924481425411
1443813189339127810
1443813373389328384
1443816900270563328
1443817411673681920
1443819296468078594
1443819781669359619
1443820804051853315
1443821119715233796
1443821880838737924
1443825296646361089
1443827801610604545
1443836994669268994
1443837620476268545
1443837626801287168
1443838296145100802
1443840306558889989
1443843492296359942
1443843571740602368
1443847654853599236
1443847715478114305
1443850312310165504
1443851711018254340
1443852750001868803
1443853797189570564
