1172485276087664641
1172500781792018438
1172512134682464256
1172563039456878597
1172738019842871298
1172738720056791040
1172748352972214274
1172795152429010944
1172799179225096192
1172814122326429696
1172814373506572288
1172816068152197120
1172818693710995456
1172821710141181953
1172832972250107910
1172843888651849728
1172852385401593856
1172860704342167552
1172861113035194368
1172867227529297921
1172880914583412747
1172906812204408832
1172916097181306882
1172934088493162496
1173067777139044352
1173089578728579073
1173116744426082304
1173123570181922816
1173124045312675840
1173125922133663745
1173152144045662209
1173176441313218560
1173186346220867584
1173198638832476161
1173208953527816193
1173209889700634624
1173212297155633152
1173236881015726081
1173464979623706626
1173466758163812352
1173468967777619968
1173475786793222144
1173497941572481024
1173521860203442176
1173528455339626496
1173530783337701376
1173532473013047296
1173579895445708800
1173790149404004353
1173816176511574017
1173819234507341824
1173840050896769024
1173905652252467200
1173956828914434050
1173960722167947264
1173961429050740738
1173973108530659328
1174193699619778560
1174232982862860289
1174263103883829248
1174263866932498432
1174303003764903936
1174308702280486913
1174531688950456321
1174568717532856320
1174609228461309952
1174616290348036097
1174617176050782208
1174624087986950146
1174624435166314498
1174625042551885829
1174636134204198912
1174662781699641345
1174667275875471361
1174667703702843393
1174669186871615488
1174670337709002754
1174688959777181699
1174690670818340869
1174713272102113285
1174714283596251136
1174720204619702272
1174905296646361090
1174924923820638208
1174985000543899648
1174987001537261568
1174987339736612864
1174988084347228160
1174988899837329408
1174990350902951941
1174991380931698694
1174992424764002307
1174995487511859200
1174996628995887104
1175042595933736961
1175071668286287873
1175085650401349632
1175262972425293824
1175265169791827970
1175266449390063616
1175269260030963712
1175284990659006464
1175287433530724352
1175288478969413632
1175290368796921856
1175291544418471936
1175292137962737664
1175293506320863232
1175302786700808192
1175303713985945601
1175321819957514241
1175342749911904256
1175346575343636481
1175352182490558464
1175368409216774145
1175393620871892994
1175425311938236417
1175426038752395265
1175429184224555008
1175429929489448960
1175454956863672322
1175460569920393217
1175461292762529792
1175465179410092034
1175470095608377345
1175479021850611712
1175688088808374272
1175694194418937856
1175708325033328640
1175710164403359744
1175724566523498498
1175725281220292608
1175731082349535232
1175732253931892736
1175735638756184064
1175736294464352256
1175788971089002497
1175794590927880197
1175796631855173633
1175802936963686400
1175805700863221761
1175811442001379328
1175812162024927233
1175813088290852864
1175814021628325888
1175823582699479040
1175834937330548737
1175835430337429504
1175951374472769536
1175952381382496256
1175960120716455941
1175991355895451651
1176013924451307522
1176057458130702336
1176063034067845121
1176082786991476737
1176085072757149698
1176085426299260928
1176103393833566210
1176103830498336769
1176107128563453955
1176169574430994433
1176333967928090624
1176359412320980993
1176368118098087937
1176369827675426816
1176370228332089344
1176370578330017793
1176370927891709953
1176381079357284352
1176382595212275712
1176382606289457152
1176412816028270592
1176442417995583489
1176442751606382592
1176446881427120129
1176447117482577920
1176455922320736256
1176677888705224704
1176679503348682752
1176683036445798401
1176708314404704260
1176708923975507968
1176712615847817216
1176722525411135489
1176724918324477953
1176728657575833600
1176740863398961152
1176746600263106561
1176757752439308289
1176808853729468417
1176809296274681856
1176839016831782913
1176845520846737411
1176847697698967552
1176848693070139393
1176856730107437056
1176858448287264768
1177058650076016640
1177141793143476224
