1513190993478426628
1513191479824760832
1513208179219648516
1513327589217415168
1513327672092667906
1513338803838414853
1513344679060082689
1513345468633591808
1513353075473678336
1513353497835876356
1513353962883534854
1513354388928331784
1513355072482455555
1513355199213375488
1513355337990123520
1513371843545104389
1513374556370923524
1513375672512974850
1513376432243675138
1513377791139790848
1513377979866689539
1513381738030190594
1513381792442888192
1513381811640225794
1513382144168853508
1513382331427725312
1513382405578854400
1513384903785607168
1513385632659169281
1513387811713720321
1513387894257643522
1513393942577881089
1513395208443990016
1513396246899146754
1513401934664794113
1513403294810443776
1513404352680980481
1513405664298631170
1513406312243085312
1513411621334310918
1513411624580763648
1513412475139420164
1513413989014773760
1513415988489850880
1513416588640210945
1513416957617352704
1513417685454884865
1513417775921831936
1513417890011090944
1513420053181468673
1513422563128479747
1513424062017507331
1513425718230675458
1513425902549430276
1513426113087029250
1513426166157570050
1513426189767307266
1513427973382189056
1513428969416130561
1513434814803689472
1513438037035794435
1513443349121830912
1513450814320230401
1513452672434638855
1513452767179796481
1513487142588063748
1513487981218172939
1513489294572195843
1513490171051741189
1513492493504954371
1513492536353951750
1513492550782312453
1513492736749449220
1513493452209614850
1513494222157987843
1513510648629501955
1513511316706656262
1513512557163679750
1513513113382912005
1513515853555200003
1513516376027066368
1513521427424575488
1513533040735109122
1513534473878474760
1513539697313603586
1513549739513442306
1513550535030636545
1513555619105878017
1513736586483347456
1513739511842312192
1513744924650672133
1513746735067451392
1513754364674195459
1513755640396906498
1513755673183793153
1513757206306381824
1513757209460568070
1513757892360667137
1513758334771376130
1513759569796755460
1513759822398717952
1513762047745728515
1513762279199698947
1513762282752204800
1513762528626503681
1513763716621549568
1513763865653571584
1513764662176718851
1513766327135002624
1513767268185874432
1513768049207173122
1513769060302876674
1513769889248387076
1513780268443717635
1513783212828348417
1513785546320928781
1513787807470284800
1513792133936807936
1513793307020718080
1513795716652871680
1513796878164365312
1513806116781584384
1513806702436569091
1513831893090795523
1513832499155140608
1513834881473601540
1513840076026880001
1513841919709057024
1513842213830082567
1513857797125189638
1513857868575166464
1513860286209437704
1513860957545836554
1513861066824241155
1513883416596729861
1513883423760580610
1513883501111689224
1513887271187107843
1513888139072491531
1513888391913684995
1513888414697136130
1513890462788108295
1513897920252186625
1513901465332756486
1513913404238733312
1513918861154058240
1513919482234023937
1513919538479636480
1513921662097719296
1513922768869289985
1513923123346780162
1513939800004653057
1514092015759155202
1514098713215451138
1514101613765410821
1514117759042752512
1514119272532148225
1514121840490586114
1514121845293056001
1514125044364222465
1514127008401281024
1514128223012982784
1514130213306699778
1514130785724342273
1514131281528778753
1514131382255362049
1514131589147492353
1514131946787377153
1514133142222737411
1514135210664681473
1514136467802828800
1514137128598339591
1514139814303768581
1514139945560317954
1514143688590774273
1514144219723857921
1514145468196225026
1514146609525063681
1514146931312033794
1514147449295994880
1514147635602817026
1514149746964762632
1514150807339380739
1514151902895697920
1514161337643184131
1514169648446550018
1514172248185204740
1514172577681666053
1514174777207840768
1514178190389899266
1514180153127026688
1514181118722932739
1514197920655966212
1514208596636041216
1514230675339374593
1514231307114807301
1514232276695269378
1514232397310889990
1514239553431044101
1514239708335079432
