1403988034660442116
1403988734077325312
1403997306618216452
1404019502010945536
1404020238148980742
1404021863798370310
1404043213350989837
1404043815762100228
1404046322718547970
1404058819827617797
1404063040018915337
1404063815059136519
1404102676799840259
1404104204323475459
140410876963471360
1404109113483677701
1404120607634067457
1404121687000371205
1404126045184270338
1404127044745588738
1404127744586260480
1404128307113644032
1404128768541659139
1404129239599702019
1404129396978376706
1404134824659460099
1404248231819628549
1404253186555219969
1404253830422794242
1404260062948827140
1404261444359647232
1404261713751330822
1404263855220424704
1404265681974038530
1404266955922571269
1404270827823001604
1404272503891972105
1404272985050009602
1404287957054361606
1404292719522979845
1404300189855207426
1404313584666963968
1404317477903867904
1404345431316860930
1404353626038956034
1404371948289748999
1404378532638191622
1404378567765491713
1404378697134604291
1404378904060522499
1404378942702645251
1404378979121852416
1404379275243888641
1404379300938227715
1404379440725905410
1404379491393183748
1404379535517249538
1404379696855322627
1404379767848128513
1404380079036067848
1404380389972451333
1404383079980879874
1404388125678346242
1404392413729234948
1404393295564861447
1404422570984706048
1404424187662372865
1404425752129413122
1404426343337451527
1404476862953263106
1404481472841453571
1404483058804269069
1404485298608754689
1404492597465280514
1404492957047091200
1404493048843673603
1404493196491575297
1404493387659571201
1404505518434095113
1404505792074506244
1404707340566233088
1404722077588885510
1404729089685037060
1404729955640958982
1404732716688429060
1404733121010958339
1404733121204035584
1404733253626433537
1404733419578302471
1404733773833334791
1404733773879541761
1404733847904784385
1404736698345353218
1404737839233859585
1404741711557906434
1404743453687259140
1404743956080992256
1404744582999408644
1404744835681034244
1404748403838361600
1404783250128572419
1404783977068519429
1404784719695212550
1404787424442478603
1404796044748017664
1404798382179242001
1404798400122474496
1404799208843001873
1404803840826908672
1404804061665316867
1404804216510631943
1404804434606149640
1404804665074753544
1404806387524325381
1404806573722066952
1404829733917904903
1404829827744485380
1404830967823355912
1404831844642672643
1404846506167832579
1404985997620760579
1404986489998479362
1405071471639105537
1405075051217489921
1405089966678413313
1405090272749363202
1405090342328619009
1405090486629453828
1405090511640096776
1405090720671625218
1405090928839184391
1405091002906341382
1405094957988282371
1405104492400447489
1405107757380866054
1405109629802094592
1405110039149367298
1405122224915320832
1405128321793335310
1405128339178680321
1405128382417756169
1405128416718835714
1405128436897648642
1405129998734794753
1405137858713722885
1405146559440855040
1405146705117401093
1405149457084162050
1405150422713593864
1405150706017792008
1405162677467377664
1405168809313378321
1405190225475751936
1405193647033786372
1405193702289547270
1405196953185521666
1405202478077906949
1405206571672473600
1405206934525939717
1405207146837413892
1405207724409819136
1405207879993356289
1405210199284060160
1405220613136936965
1405363459798142978
1405363539397599232
1405363598914777089
1405363962317664258
1405364662875553792
1405365578995404801
1405377809334226950
1405427876166397952
1405444293574070273
1405460345779474433
1405469994016657409
1405489772521431042
1405510556174274565
1405512093806125057
1405516701597192200
1405517292809555978
1405517646548799495
1405520773402423305
1405520786123677700
1405522749028634638
1405522800115281924
1405526156929998856
1405534496296882192
1405537510101458958
1405537591932321800
1405538709378768896
1405546426155683843
1405546754720690178
1405546940155064325
1405548972186378241
1405549258179170309
1405553185419272194
1405555589015425026
1405556705270779904
1405558351224721410
1405562559692820480
