1958838826161365344
1958839928143716690
1958840886999105919
1958841491994157195
1958846627864608936
1958846632323108896
1958847579019485391
1958848471601131860
1958848712899527009
1958853648840327172
1958857176711406039
1958860377644834841
1958862999973753151
1958863485917364280
1958863945625747863
1958864507536625742
1958864931333300501
1958866582517567681
1958866757763973402
1958867189340967344
1958867476566929672
1958867797020230031
1958868762662211685
1958868766764224593
1958869240821227595
1958869761749614770
1958870235320086795
1958870646277972048
1958870651696984178
1958872099470065685
1958872193359618216
1958872603621204146
1958874581021721065
1958876262002303233
1958877677076500816
1958878354590912804
1958880914131357881
1958882254320455703
1958884053282959379
1958884545563869295
1958886194416152577
1958887587159912649
1958890979618169240
1958892010565509560
1958892828979077288
1958896391570510127
1958896399174734136
1958897050055004448
1958897512091459685
1958898208211706095
1958910540472098905
1958911353047196043
1958918864299073616
1958924083787448682
1958924287454347393
1958924435651768504
1958928246646694340
1958936957008191543
1958947270549745990
1958948803299422414
1958950461484277989
1958950653587570721
1959108335816646908
1959125629539844168
1959127556697022496
1959131221033984497
1959131500341076050
1959136113127309576
1959142167756124592
1959150388969378154
1959151224910954589
1959151763962871983
1959153866748088764
1959156808393924908
1959158787816005908
1959161410010980369
1959161687397081471
1959163323762843739
1959163328397205698
1959163828425695658
1959165141578391676
1959166710524809567
1959167148301181166
1959167596030566494
1959168173309370607
1959168180011901123
1959170623629918519
1959175283161894983
1959180285255340207
1959180508166058466
1959180733429535156
1959181633057107976
1959181934531383384
1959183756214034447
1959186364009951369
1959188991359742086
1959189234709094455
1959214490299564336
1959215898335813726
1959220105117622601
1959226037583392822
1959228122064429165
1959228125751226765
1959228297193062856
1959229878328549409
1959230838727753989
1959231927019258191
1959238362851905588
1959238897524932903
1959238941858730373
1959239289440747901
1959239397020508356
1959239897254088821
1959240737431662707
1959246815678648410
1959250810887680268
1959262381164658923
1959262460302721126
1959268432404508948
1959280625229451379
1959286925874893048
1959288026586357962
1959288674572529776
1959288682222850344
1959291196746154141
1959295141438439488
1959299102665273586
1959299716145102882
1959301410253869311
1959427943584981242
1959462181826883699
1959462721336021477
1959463862467702867
1959464148267680180
1959464536525955102
1959465520673226854
1959465933879353428
1959466397161177098
1959467811513958836
1959469368380899453
1959473240956662258
1959478639470477500
1959479047659901234
1959481095092576606
1959481100398645756
1959482505536651723
1959482513081995729
1959512380251271598
1959531642646659347
1959555773345767491
1959556502735249492
1959609137383272469
1959618223248425462
1959622668430266598
1959624432672293054
1959624629171196407
1959633818823852505
1959645069608370533
1959646202548629512
1959654990089474379
1959664219437330555
1959668306153267604
1959706235495960616
1959822388280914405
1959835629027799281
1959843183329763630
1959851774061547765
1959855605113634831
1959864199774876134
1959865698039054713
1959866024611688954
1959866801015181496
1959868215590629636
1959872851202449524
1959873054487765446
1959873162637901839
1959873409103622546
1959874039733723239
1959876753033482617
1959885056475910620
1959885756345848277
1959887002058248346
1959890486128529452
1959893981279772840
1959895984458383650
1959896458657763722
1959897333182910950
1959897691363663995
1959898082826703020
1959898677054480731
1959901112389206104
1959904239431696747
1959904981542162649
1959905482547872112
1959906807541031422
1959909491807257008
1959909497100497278
1959911882157936916
1959912243887317167
1959912749305070037
