1659104514828533761
1659214120376504324
1659416273930047489
1659863285217505280
1660329511634997248
1660548575947034624
1660633028488749060
1660636153014546435
1660883998934204416
1660903771206225926
1661216834186792962
1661239549736136704
1661257300055834624
1661344216386252802
1661344220056256512
1661659459368943621
1661695342885339136
1661704155927580674
1661743993523437576
1661802539594158081
1662056179105935360
1662451400553660416
1662482147087892480
1662681812345442305
1662808346825564160
1663284762407231489
1663362736385069056
1663397597695086592
1663410013279502337
1663446407100112896
1663498966447837187
1663564763773939716
1663585141044969472
1663772477288488968
1663927096182448138
1663973623605137409
1664180564222693377
1664873011701227521
1664874017151655937
1664982945130504196
1665062251026317313
1665246267725971457
1665282219772870656
1665600631904829441
1666064375101423617
1667905786142654464
1669570239816953861
1669684007108513792
1671955828621070336
1672548015356416001
1672845334232399873
1673958444058165248
1674027187756990466
1674361111683170304
1674983982558248960
1675061553756766208
1675136515771633664
1675369619203452929
1675722848214700034
1675800345707151362
1675886767659188224
1676291353217466368
1676538915250143233
1676584197740281856
1676641022338629633
1677154434265255936
1677987891635470336
1677987903786328065
1678345277403717632
1678673398996647937
1679219283895947264
1679541556574040064
1679713046535749633
1679848194534932482
1680234636746833921
1680433237372305408
1680527607341744130
1680965052676079616
1681177754535075840
1681280060010151936
1681284272739733504
1681571385456590848
1681912520309866496
1681952775083798529
1682482215173906433
1682969381138227204
1683776658929778688
1684977708948942848
1685910557407457280
1686219805580578816
1686261549030375424
1686640203967160321
1687077851038892032
1687171850877775872
1687413981693222912
1687754635862523904
1688539071587790848
1688859667437686784
1688895109058932736
1689182613016293376
1689240228463312896
1690035371353235456
1690238900667908096
1690289941253939201
1690296760806301696
1690348038794121217
1690374535391117312
1690971601452548096
1691004616111190016
1691019188402577408
1691066038400815104
1691066912208523264
1691067531602296832
1691292296321626112
169131237359890432
1691358153966051330
1691366508872826880
1691466086456373249
1691815002259197971
1692445453533802732
1692460672062562472
1693248207852326989
1693664729804513601
1693840559570620853
1693958248423195063
1694356512267976976
1695323629104632091
1695671919583088748
1696091178746482987
1696610371057185223
1696792178805330393
1697110453242196209
1697870454005158023
1697936563320275338
1697995270615933012
1698012167994589221
1698032382077800748
1698415759108829618
1698917087937450461
1698958601824669845
1698968318151987615
1698972029754466648
1699108658574156123
1699640609454334143
1699641875836383269
1699842829072364016
1700078975220166825
1700382616871137548
1700501665840042010
1700510364004495647
1700525259475296433
1700561817616195862
1700788289371021569
1700802330638340409
1701119346809151816
1701488085731881061
1701913680760435119
1701949982214156683
1702231338034790493
1702253640982135082
1702587751345049608
1704025679569002650
1704515995925168331
1704763824640012703
1705525176480530574
1707683143107690811
1708484375246000306
1708673315286692024
1709570330275307658
1709819712312607052
1710328362273804714
1710634787684356496
1711295571326378020
1712016911465394197
1713106349670932923
1713284278245851289
1713820139475685637
1714384657192804798
1715012336707313731
1715012451526393976
1715404285801103776
1715638877418053834
1715650922163155288
1715675039142662452
1715781504893346211
1716439278543397194
1718172266255790427
1721777563507609668
1721860013990326419
1722189141075730497
1723293764465414613
1723322331060375619
1724682381976912203
1724694693051539796
1724737947382276537
1725159591850176694
1725605706672583088
1725848808628932934
1726860779364970653
1728428205823218021
