1919982312894431641
1919983113582604592
1919985113653510456
1919989290861289576
1919989334129754405
1919989337543811563
1919989996796444852
1919990526834524569
1919991227677643083
1919991238729621853
1919992031629476043
1919992293173403973
1919992506965434468
1919993451128541629
1919994617782768022
1920007093047763010
1920010856437579900
1920010994077900918
1920011825795760306
1920011874462269552
1920012490651390131
1920015633322070472
1920016002907308221
1920020069234651273
1920021944789041564
1920025842966556838
1920025849278996842
1920026444941369376
1920026452218552574
1920027653115150445
1920027988995018925
1920028097035788391
1920028169815654599
1920028774323913158
1920028789725352318
1920029561359618228
1920029862817104081
1920029867716051383
1920029939723796967
1920030428569677852
1920030900533772353
1920031655512936824
1920032205931430117
1920032492578603282
1920034301867077803
1920034307759800471
1920034596084916715
1920035766345908411
1920035771144364417
1920035916883939817
1920036549602804179
1920037139602952473
1920037144313090348
1920040179349279087
1920041546180591924
1920041550966591908
1920041793451966561
1920044226102067383
1920046133025411510
1920046140688400465
1920046231222718729
1920046277472944588
1920046324625314009
1920047341228462448
1920047494924505145
1920047835309109618
1920049867533209819
1920050907573862803
1920051411187814434
1920052669000958111
1920052717742862824
1920055253069676891
1920055257951822070
1920055381360869846
1920057147439608082
1920060670193660137
1920060676015632475
1920062013889552824
1920062902276592028
1920063363788554582
1920063647432520061
1920064914560864386
1920068370528887084
1920069115617911164
1920071321687367947
1920071692355018902
1920071826602131500
1920071920734924941
1920072655451132371
1920072983756104137
1920074045296669115
1920076130654003679
1920079307583693056
1920082276316217442
1920082669066465571
1920083169207836755
1920084396595708228
1920085821924716907
1920086071565836437
1920087855344300098
1920089743271805079
1920091447908511919
1920092062583865493
1920095022667677990
1920095400511328314
1920096204194447708
1920098841224675468
1920100169602810308
1920105764590633270
1920106521460937188
1920107005852741679
1920108213422448788
1920108226038865968
1920108494273089907
1920108762343624860
1920109684289163432
1920110270749544774
1920110541252755526
1920111203210187204
1920112683724234971
1920113316732797326
1920117475502702672
1920118479966921073
1920123060306186463
1920138798794691038
1920139549134438587
1920139604889677908
1920140278557712550
1920141179053642116
1920141873856860297
1920143438798049660
1920146307576127872
1920150205577785734
1920155828075594163
1920186285987410015
1920300985290740050
1920305911932899368
1920320535419875337
1920327596681630089
1920342574575084030
1920350757716386080
1920355129045270634
1920356076836557038
1920357016934957505
1920357303212998746
1920357803186647221
1920358518554587301
1920361774706254220
1920363543037108677
1920364579370016931
1920365743532634222
1920374643522691242
1920375519477940467
1920375539983855994
1920376002871435686
1920377370592084065
1920379862130569350
1920380186874544544
1920381360096563389
1920382730602262749
1920386662095290762
1920396380616392712
1920399713679101992
1920401244113547400
1920402274360156173
1920403601605935575
1920407205133578433
1920408661416968282
1920409892575457713
1920410915712749744
1920418574218256535
1920419419626311905
1920419712078688278
1920419743812759662
1920420769487532504
1920421124774445460
1920421766008098922
1920422102689030602
1920424055364346256
1920424912206115076
1920426376513085486
1920428132743451107
1920428328336449917
1920428347504447550
1920428511900156001
1920428687482110246
1920428890872221886
1920428976062767157
1920429658652250582
1920429822008045830
1920430692220936598
1920431466061643861
1920431571099664844
1920431632307163275
1920432710935257137
1920434064609202646
1920434121311928538
1920435124065501207
1920437712210767993
1920439802811593140
