1532948567161450496
1532951544769167360
1532961127415836678
1532979910037229568
1532981489826074624
1532981530544353280
1532982100869398528
1532982320428290049
1532982931672600576
1532984336336580609
1532985485198381056
1532986341989834752
1532987258327863297
1532988514601562112
1532989434777325568
1532991220137439232
1532992683630768130
1532993155473494016
1532997845350920192
1532998733448609792
1533009749406793728
1533009770571247616
1533015899577257984
1533019519694020608
1533021883243036673
1533040697565016064
1533040962401734656
1533041218820550656
1533041449998028800
1533041624569171968
1533043641216028672
1533043898678792193
1533043914034122752
1533044504055320576
1533078845636898817
1533080505557479424
1533084295954583552
1533089645608652800
1533090259688251392
1533096440859267077
1533098084791595008
1533099477938360320
1533099867199123463
1533100366250012672
1533100517622095872
1533101297947119616
1533102403590815744
1533103236839636992
1533111086937161730
1533112654809939968
1533139201012957184
1533139454260436992
1533147733388759041
1533148552683147265
1533157118844747776
1533157132342022144
1533321884665729024
1533328752922402817
1533340013793988608
1533341240602681344
1533362014877208576
1533362018907918337
1533362198688370688
1533378036779065344
1533379507490799616
1533379535114506240
1533381124986384384
1533384716912820225
1533405625912561664
1533407173350670336
1533407243978551298
1533407337054351360
1533412805034266625
1533419933119283200
1533454106941333504
1533454115397074945
1533454127866728448
1533454140760006657
1533464473100374016
1533502397800013829
1533506780461813760
1533512851372924928
1533521323435368448
1533624700169256961
1533624966780166144
1533625075530108928
1533625100872069120
1533646875370213376
1533646893246316544
1533646905359552512
1533646916117966848
1533646939270418438
1533649854257168386
1533671084800679936
1533679725205262336
1533679824530591744
1533697522190852097
1533697787891593216
1533697817021063168
1533700278318268416
1533703879954604032
1533705870063742976
1533705875365371904
1533711232393306113
1533711952341479424
1533716387507490816
1533721450481213441
1533722324246986754
1533722349215748097
1533723520689025024
1533723716378497024
1533724470191349760
1533725572483846149
1533725953850871808
1533731962653143040
1533732402501398529
1533732476107239427
1533732540993126401
1533732609851011072
1533733014718775296
1533733266104406017
1533735443019481089
1533740599290933250
1533742899116244992
1533742989079883776
1533743680636727297
1533744086850473985
1533744093477490688
1533744842530242560
1533745136370614272
1533747208046399491
1533758427737956352
1533765370515177473
1533765437334654976
1533765762942648320
1533765851643809793
1533765924507234304
1533772051860758528
1533772135600033792
1533772400852353024
1533772423354789889
1533772853833011200
1533773025430368256
1533773896075603968
1533777022207819776
1533777168538664961
1533777530888794112
1533777886339276800
1533787064394584064
1533791307650707456
1533792700951953408
1533793900321591297
1533824285433032705
1533835731231047681
1533835733860900870
1533835735786135552
1533837565039480832
1533837612300918784
1533849447968301056
1533991971131641856
1533992114786570241
1533992258940583936
1533992614214922240
1534029200176586753
1534029207923089408
1534029217268043777
1534029227355299840
1534049242704388097
1534054643969404929
1534054648406892545
1534056320797581312
1534058298554863616
1534059278968885248
1534064614199029760
1534064664237117440
1534065895517040640
1534066022789320704
1534066099481743360
1534071141857251333
1534073023145250816
1534074848929992704
1534076013218435072
1534077082455552000
1534077402208358400
1534079163618820096
1534085568711172096
1534121564454543360
1534130794272149509
1534137990024376325
1534138006579208192
1534157817803726848
1534169463754346497
1534177398538653698
1534180276846223360
1534190836548014080
1534193631703478272
1534198201057542146
1534231312697262080
1534231329155727360
1534232063607730176
