1801517501852860738
1801517829646336472
1801518188259316184
1801518627554005290
1801519207902790139
1801519589538599424
1801520112949989646
1801521915846398464
1801524079020884313
1801524142719762631
1801524146364629038
1801524769235603534
1801524988127941108
1801525196970725613
1801525714900160567
1801525920882430007
1801525942239826047
1801526313867743361
1801526473796522451
1801526489269289280
1801526738503221691
1801527331565224196
1801529452385403289
1801529507930902717
1801531120611430406
1801531170783695237
1801531186348757455
1801531539538513995
1801532503347630441
1801534001200644581
1801535362852077617
1801536254892196206
1801536481648934980
1801537287248912861
1801540450832289928
1801540541538254886
1801540579278602727
1801540627911569807
1801540740587393221
1801540752327197124
1801540883638325764
1801540982770373006
1801542164024807727
1801545091586343354
1801550489479258326
1801550871181865432
1801557511977275873
1801560196059377676
1801561916113867101
1801562499738964084
1801563212825170393
1801563402869088458
1801564040835305864
1801567296449823120
1801567379375235235
1801568463162589256
1801568515159376337
1801568659409932727
1801568696600560108
1801572838928757071
1801576761450500103
1801578511548956952
1801579220768014837
1801580160489021533
1801580972124868935
1801581354414707008
1801585382011646445
1801588113757901210
1801588839468909004
1801592091195412966
1801592608340476026
1801595513827115301
1801596477351072227
1801596701016281596
1801597636987723946
1801598082498310232
1801598639791554927
1801599292140097718
1801602413926711672
1801602532264874020
1801606220333060203
1801606992936714439
1801607201062048255
1801607302560027037
1801610779516342688
1801611322699735484
1801615819102949494
1801618625935380893
1801618747616334200
1801618829161992218
1801618845632795090
1801619100902560021
1801619816928973227
1801620321411440926
1801621992791281905
1801622156352360881
1801624405375668403
1801626069646381520
1801627851814539755
1801627971008270479
1801628220456112601
1801628240706212030
1801629614646972874
1801632043467739553
1801632612253110481
1801635274708979754
1801635735390577133
1801636181723214064
1801636518815219849
1801636940888084733
1801642158383870117
1801646208408006727
1801646718896787708
1801647952064094540
1801648242528292936
1801651043668754563
1801652276093735052
1801653072378147184
1801655561840116109
1801656880533741617
1801671952391880720
1801673545216626984
1801682567965643063
1801682670411477127
1801759021088837777
1801781672758628596
1801819419779191061
1801824728396742727
1801846815232491885
1801849619699405023
1801869611773673880
1801871183698178429
1801873033864560901
1801873256632156562
1801873701945897251
1801874249675903209
1801874908731031860
1801875332137685274
1801875924096532652
1801876428310646968
1801876720523612556
1801877141828866265
1801877558784598369
1801877844123128276
1801878169810780204
1801878930997084424
1801879077512520021
1801879266289733875
1801879817538965950
1801888462016008466
1801889192517243351
1801889502530515183
1801894787597168814
1801899119889281077
1801905699896607038
1801906240517263665
1801909258457387504
1801910169061748851
1801912545227510218
1801918139275334025
1801918291914445124
1801919515594211540
1801932670949073258
1801940525769195564
1801944204073136370
1801950269426835460
1801950276653559865
1801950578907762966
1801952470975082520
1801957897125122363
1802003740100112545
1802003760211722314
1802003986490462424
1802004237964267693
1802006154760884375
1802006156392419599
1802006199384129707
1802006214458368235
1802006226521199040
1802006244003131800
1802006254367265016
1802006300273856877
1802006363293241487
1802007994508489043
1802032190030496077
1802032202420494611
1802032339221917821
1802032505425481874
1802032616188625173
1802032686774862064
1802033874186186874
1802040178715832811
1802043212879757490
1802045255979876549
1802045810416525760
1802045953010180194
1802046127031689648
1802046379919126890
1802167096287326637
1802167123952947649
