1420053006918291462
1420055318294269956
1420064360852979715
1420071242292338699
1420087692700766212
1420215413133086720
1420215716012118021
1420227238566383618
1420227306040139776
1420232160418492418
1420256042680610818
1420266626277011458
1420267771078725637
1420270055456002053
1420270947559374854
1420272106760118274
1420273990531129350
1420274825319227396
1420276424007503872
1420277459992289280
1420283121660923906
1420285398392000512
1420291421378998274
1420302365194817536
1420313508982394882
1420315737881604098
1420342345166311424
1420345079638597635
1420345370962403330
1420347444869558272
1420347758850940942
1420362482367877121
1420362791966232577
1420363183135490050
1420372302265339908
1420373092027682824
1420377726603517959
1420379713977999367
1420395979694559235
1420397505032777732
1420397891626045440
1420398865925087236
1420398930173456385
1420399004513234947
1420399061845233670
1420399151313866755
1420399229118255107
1420399335884222469
1420406184268365824
1420408592352514048
1420409108289638402
1420410372981366787
1420410761227108354
1420411106179174402
1420411473793196039
1420412620218064896
1420415622509252615
1420415985203306505
1420416339391303686
1420422424370188290
1420433257699495943
1420434566196523008
1420434910922240002
1420435615703654401
1420435862022627329
1420444190119391232
1420615553018851331
1420618982944481289
1420619241888260096
1420620481196019715
1420620525836005376
1420624389876248576
1420625045529907211
1420643281948475395
1420648470717747205
1420651135606530048
1420655876805853184
1420664788800004106
1420664937970421766
1420671508351836160
1420676093548191747
1420677625052209152
1420682569377452034
1420692601280233477
1420693466183462917
1420693506465484804
1420693747168268297
1420698129687404544
1420699053034074119
1420704782436552707
1420714771884634113
1420717610656690182
1420718143249338368
1420719047084101633
1420722602549538818
1420724705057665024
1420732586683371525
1420732980276858880
1420733159512035335
1420733169519759362
1420733715689271300
1420734593821331460
1420735880130486281
1420736403952979975
1420739615233769477
1420740344249872391
1420740540757250057
1420745373484650500
1420749664140234758
1420756662579728388
1420757134824787980
1420758356520685572
1420762251166842890
1420762328350433283
1420762405848506384
1420762543031603202
1420762921311752193
1420767252731867137
1420768535878377474
1420768542757036038
1420772462447390720
1420772691234238464
1420775468089757697
1420793286298521601
1420793749756465158
1420795222804467714
1420800103766396933
1420800421350707201
1420800694605344771
1420962550938705920
1420971456402386944
1420971469757042691
1420975230403506179
1420985120555638794
1420987389690875906
1420997169406910464
1420998467212611588
1421001278973304835
1421010350808338436
1421024448530976772
1421032951651864577
1421035343306903553
1421038691598749699
1421044724417187840
1421060310073430017
1421060498846470146
1421067571474751489
1421070396095270913
1421070983138402307
1421071699588513792
1421084363370864640
1421086019911229440
1421086514813947906
1421086605196992518
1421086841080401928
1421090037454708736
1421092210083127297
1421093652642734086
1421099859126280193
1421103256705503232
1421103930029711369
1421104591274319873
1421108540924588039
1421116331793870851
1421119093973807108
1421119189159346180
1421120006771810307
1421120138581925890
1421120187063955457
1421120238943281155
1421122219858546695
1421124489824202756
1421129822802120705
1421133880321400835
1421134213202411521
1421134783761903627
1421134829391736834
1421135195495747591
1421135220766429185
1421136109052981250
1421136271687053312
1421136497877524490
1421136744745816065
1421136838752751616
1421136945283956739
1421138957585113090
1421141903832010756
1421147555409371136
1421153886929244169
1421153913349152769
1421156729400684546
1421161103795445766
1421184855778349058
1421193704937648130
1421354259560361990
1421355738660671491
1421357538633687046
1421358153447329794
1421358237689909248
1421358822111662085
