1394284458245689344
1394295752873021446
1394296085271568386
1394303065243623426
1394303352792518659
1394303395377283075
1394305274358341636
1394314043784003586
1394315259331022849
1394315305355145219
1394315404013576195
1394315890460553219
1394316001865437186
1394316610911969282
1394316666306056192
1394316962675658754
1394317937872314373
1394318713080336388
1394318719073980418
1394318727093522434
1394328528577990662
1394341504680828929
1394341506895384580
1394342575297863687
1394342578317774851
1394361055460028416
1394496023066595328
1394513245159837697
1394516624296742914
1394516646006464514
1394525015073124356
1394551375992745985
1394562700819144706
1394562849259675652
1394562851839242245
1394565958149177344
1394570345374371843
1394586886606245897
1394587840617467904
1394590603896188932
1394591896392011778
1394592367835942914
1394592798712623106
1394593636562571267
1394595630266273793
1394607036776652801
1394608960473235460
1394608963606310916
1394634202998444038
1394645032771080192
1394645116384473088
1394645738995343364
1394645933212594181
1394646025382490118
1394646523292438532
1394647841608327169
1394651104206413831
1394651106517553157
1394675151531220999
1394675518125969409
1394675639735619584
1394675769440292866
1394676173272096768
1394676176271011841
1394676321494601732
1394676392269291524
1394676518920458242
1394676633173299202
1394677864469995522
1394678680144662535
1394678714135302148
1394678869156712451
1394679167342370822
1394679168609099779
1394679386389942276
1394679553662996481
1394679606142128129
1394679685112504335
1394679873461907461
1394680105348202496
1394680167293804552
1394680613995569157
1394680850667638789
1394680917604503552
1394697654584500228
1394702219262365696
1394703226558025730
1394704100676149256
1394704303336484866
1394706409288200193
1394707018909315072
1394707187260268547
1394707705466474502
1394715066046423040
1394715301812469766
1394717333873074177
1394717544083116038
1394720917985533952
1394724727688630275
1394725079028621313
1394851074343849994
1394851345505472516
1394854201914761219
1394855696760459264
1394856547088359426
1394862215711182852
1394872960545067008
1394873663430840320
1394876169267286018
1394878833904340994
1394878880423440385
1394879009209552908
1394879048531124224
1394888699318472704
1394913602415390723
1394913641468628998
1394916042795675655
1394916850132164608
1394917064804950020
1394920211329871877
1394920481736695813
1394923378620866564
1394923394408144898
1394923419104202752
1394923468668358660
1394936349258489862
1394937167240044544
1394937357833359363
1394937432538112001
1394938498075881472
1394938562445934593
1394938698186170369
1394938975282864130
1394939020820422659
1394940785364066308
1394944933446881284
1394944935791534084
1394948251749474315
1394948508713578500
1394971792041730049
1394971811297832961
1394996854895439872
1394997398569578503
1394997824371130373
1394997902133530625
1395008757021560836
1395009110647525380
1395009282739871748
1395009423064506371
1395009616371621894
1395010048640749568
1395010132585582596
1395010144157638657
1395010255185092613
1395010305730646017
1395010497896800256
1395010666684030976
1395015834146275330
1395022905914793986
1395026782328213505
1395029135072710657
1395034668014084099
1395034697336442880
1395034729552891911
1395034817964642306
1395036963757977606
1395038639046856705
1395043248851226624
1395044678383267842
1395046352896155651
1395048984234782724
1395049111129182213
1395049143807070208
1395049218956476418
1395049314414567430
1395050142592475138
1395050171013103618
1395050185877717001
1395050190072008705
1395057913543024640
1395058145509089282
1395059121573953537
1395061939810627586
1395226940173283331
1395227431036850183
1395247814079250438
1395249149470146561
1395260363076108292
1395261399002058757
1395261404974886914
1395263066565013504
1395263368043188226
1395264986033754112
1395265348836859908
1395275735040892929
1395275925671972864
1395281776398913536
1395285713126494208
1395285743585562627
1395286019302297601
