1291574430657679360
1291579553232502784
1291584539802796034
1291623286061686786
1291624126663155712
1291634883287068677
1291636313381171200
1291640989312888832
1291649714052456448
1291653500921815040
1291654637892726784
1291655448739770376
1291655451579265025
1291678652988448769
1291687840359694339
1291688365528514561
1291688368611319810
1291701029898055682
1291723230127038465
1291723233012535298
1291733330908467200
1291734243219894272
1291753914577035264
1291757646358302720
1291774332503339008
1291780066033057793
1291791742102953984
1291951511845576705
1291969734947139584
129198123233972225
1291986477421744129
1291990722149679105
1292014322885865473
1292014325490577410
1292019525831938049
1292020365309353984
1292022377937645570
1292056928361656320
1292057502150823937
1292093910559256578
1292102512502116353
1292102514012114946
1292102521712861184
1292113250486632448
1292126395955437568
1292126913964646400
1292127448079822848
1292128070531346434
1292128386345656323
1292128550363881472
1292131968893833216
1292141701088210946
1292141703562846208
1292144457765097472
1292155980537454593
1292157016736055297
1292157506370670592
1292276370660179969
1292276585626705920
1292276621852856320
1292276660302036992
1292276751712698368
1292276993833148416
1292280485800886273
1292281008302075904
1292289325523058689
129235274189373440
1292363396994568196
1292363517425618944
1292363574451376136
1292363785072599041
1292364442085203972
1292367909981831169
129237838008041472
1292410904991023105
1292411795173281792
1292411811531128832
1292412257243025415
1292412627973312513
1292432038029455361
1292432040185303041
129243515136901120
1292445484062138368
1292449008661573632
1292449587790110722
1292467316739805184
129260499912245248
1292648713752424449
1292649157669216260
1292649213184970752
1292685873847267328
1292685938791837696
1292685966117752833
1292685998510338048
1292686063694045184
1292686124435927045
1292715894582329344
1292717567593705472
1292725639934427136
1292725709060751360
1292725990154616834
1292738965967998977
1292764773885476865
1292767247081943040
1292767707583012865
1292768349428973568
1292769207550009344
1292780546318168064
1292785817409052672
1292786006714806274
1292789164908273664
1292789209590165504
1292792440651280385
1292796475798298629
1292797431646572544
1292798735852814342
1292809432305295360
1292813807824146434
1292828422570250240
1292832102384246784
1292836635587960838
1292843850055086080
1292843853116928000
1292870013594918913
1293008230369525760
1293008720264224768
1293008911146999808
1293012761446735872
1293012897463902209
1293012990606716929
1293019067591192579
1293019256376791040
1293034728132497409
1293073609024397315
1293107488770756609
1293116135236280322
1293122450822008832
1293123189749379073
1293123355235631106
1293131025602641921
1293133603228889091
1293133605380661251
1293136714844651522
1293140002046709761
1293140004533829632
1293149194618728449
1293151362805448704
1293152422798319616
1293152491110952960
1293152522278846465
1293152641879437316
1293152896591310848
1293218891506708481
1293227316122759168
1293229284836876289
1293230387716530176
1293400579067191297
1293400932894400513
1293404363486982145
1293426247704301568
1293426359579025408
1293427033020592129
1293430101644685314
1293430635726426113
1293434970992553987
1293436677684211712
1293450585144844289
1293479950494732289
1293496254152941569
1293508801216172032
1293508923429777409
1293512175118557185
1293543000295890945
1293544178601713665
1293560454195814401
1293570141456752642
1293619229028020224
1293737368197816323
1293737696888643584
1293737775687020549
1293737929290858496
1293738013176946688
1293738716704288769
1293738816927223810
1293750360784297984
1293750488291086336
1293758731461644288
1293763006271074307
129381666639712257
1293832615615533056
1293866548604493824
1293866551297208320
1293868107593740288
1293869829523247104
1293870357409959937
1293875326053834754
1293877628437278720
1293940249874149376
1293945344716242945
1293946099833610242
