1947276717501923411
1947277280717279395
1947277578156355876
1947277847716040709
1947277912786522328
1947277916837953840
1947278453675340106
1947278815241122124
1947279231655796854
1947282147372302412
1947283685994082379
1947283871696904699
1947283932686229887
1947284010096369747
1947284390402290063
1947284910428832145
1947284920792990140
1947285141153529891
1947285318530445438
1947285664401084888
1947286052260942054
1947286412706902126
1947286754190393465
1947287103672353007
1947287428869320946
1947288004394922078
1947288164680511599
1947288438874464666
1947288732014416187
1947289094700118430
1947289414234698112
1947289675363729580
1947290122354864380
1947290478233186674
1947290831100022961
1947291179852140754
1947291567758155926
1947291904405618871
1947292366760526326
1947292667806720483
1947292985332236734
1947293297573060820
1947293561214677192
1947293675622432778
1947300037517844697
1947301115944374740
1947301443494392101
1947302115417706793
1947302769603608956
1947302833100898529
1947303397054419269
1947304073784602742
1947325015604777469
1947342532339503200
1947342813634425244
1947343337788223784
1947344142717096008
1947354907553509521
1947354958518427929
1947356280928301224
1947469142212378653
1947474424489496658
1947502089858650189
1947502654394958335
1947504123555025023
1947523211178217839
1947524313789436425
1947524690903474627
1947530882279215397
1947531605528158537
1947534517591544069
1947538684926169474
1947542894635847831
1947546009082728497
1947553314276839923
1947554255918752005
1947554894929662246
1947557296311058817
1947558159205159129
1947563506737537178
1947566243256385987
1947566249195495535
1947567400246968577
1947567915517235677
1947570099889594373
1947572748664115453
1947577953560498452
1947580087676899778
1947580682097590645
1947581515057271032
1947582340294971863
1947583374706839888
1947590308751151225
1947591768557687209
1947592858862817512
1947595447083929841
1947595449046888727
1947596756230791459
1947597092962373894
1947597616252129444
1947599448512831968
1947599522290339855
1947602043784310953
1947602205940584807
1947608903543411017
1947609066425188384
1947610632766865610
1947611195847889044
1947611721209901072
1947616714822455429
1947618599138410811
1947620862523543879
1947622009036574915
1947623226726613029
1947625387435167999
1947625423933747309
1947625435824587248
1947625478623227998
1947634835906039954
1947635068350173378
1947635738071183400
1947636749972443391
1947638575413293524
1947639082060026257
1947639254101987699
1947640015359713364
1947640429907735020
1947640434853036477
1947641311776931899
1947642199207735322
1947643888241643820
1947648321369346427
1947650305883312596
1947659570945397090
1947660096768815277
1947660493247697240
1947661136561570215
1947665060622454903
1947665509430005768
1947667191358492786
1947667682905801180
1947667931782873319
1947668247689760803
1947671614944096629
1947671781650927664
1947671923095441925
1947672109335122287
1947673731121172501
1947673886625337758
1947674630216360294
1947674810672095291
1947675015924621466
1947675182812041392
1947675354891489343
1947675523405988163
1947675711608918510
1947675928412160442
1947676111627800717
1947676311591301140
1947676583105597604
1947676743608705401
1947676904343146917
1947677110245437470
1947677265673719879
1947677425162478032
1947677638522507537
1947678139334705282
1947693034340307249
1947693752115659236
1947694888067514710
1947695377219784804
1947699082337653170
1947826496724472090
1947870390480412694
1947885526465581096
1947886043258327179
1947892847145095267
1947893855824842924
1947895978876670334
1947896053040353680
1947896899513774193
1947898087412035887
1947898468560691289
1947899044497658197
1947899302191218876
1947899397326397694
1947900516610277829
1947905654511047164
1947906186910830616
1947916039830049243
1947920771160150352
1947922429659230226
1947928482693980542
1947928485181190364
1947928585173667960
1947928619436937683
1947928675950989797
1947928958420586509
1947929622949343605
1947930654936862967
