2012069234998984709
2012069430235447635
2012069740458754549
2012074715855405526
2012076568273961195
2012078073609621749
2012079635459416126
2012079638831640798
2012082516828783009
2012085463449026863
2012089190503391391
2012092139157778542
2012092810699456576
2012093098751615137
2012094461883641939
2012096893443301646
2012097474069176440
2012098127600243019
2012098179513368827
2012098846348968308
2012099603160813746
2012099616955859097
2012099803195609100
2012102442742362411
2012103471735169289
2012104361904890039
2012104428157804687
2012105098420535743
2012105331980308730
2012106048577098081
2012106607266808043
2012107863938978108
2012112167278178415
2012113311907914165
2012118533996781908
2012121552167579842
2012122369973002663
2012122532758089882
2012123273220460600
2012125120396152982
2012139063944552550
2012140898747072946
2012155376192622729
2012170345177088504
2012185097789939891
2012200688801939900
2012217577057943802
2012219532505436435
2012219591460565096
2012219635706556837
2012219664156201216
2012230609566072958
2012231462506967522
2012239565730545992
2012336571094380976
2012351364085461265
2012351521439047949
2012352257954558146
2012370660379459850
2012382587587821789
2012392075614924996
2012404552369062308
2012416795781562860
2012419581588173099
2012426156910551235
2012426193388105927
2012429002951307509
2012431939102290179
2012432947744325796
2012436543227699394
2012436718822072686
2012448356367569204
2012448437900279960
2012455251056685561
2012455376017613229
2012456252102656204
2012457083409498329
2012461343652126814
2012461598963634413
2012462014958883027
2012462874048811033
2012464309042086388
2012465874259640423
2012466510737154453
2012467168257229242
2012467782907285545
2012468356121526395
2012469003252281655
2012470523448709374
2012471087804944586
2012471274346623098
2012471887914475936
2012471902108025054
2012471913243714033
2012472731187687494
2012484549163253795
2012495913718063221
2012502700915613858
2012502813365199349
2012502939294654712
2012503504594850052
2012503523959996763
2012503539172667490
2012503562140496085
2012503746584940682
2012503758098317430
2012503771067433155
2012503782760812864
2012503793892835403
2012503957692973145
2012504000894038032
2012505548114231557
2012511218322301051
2012517131926323521
2012517763395547562
2012517790247473216
2012518272982454588
2012526270551367875
2012528999256518869
2012532380901527840
2012539538690941162
2012540088970858923
2012568071366656436
2012589240744579457
2012737097820438711
2012748030819336368
2012769380149674180
2012790563930787887
2012815082540171374
2012815479308455952
2012815821421326724
2012816934283415770
2012818802908823582
2012821568339210466
2012821599800766549
2012822720984264937
2012824113363173764
2012824846091141373
2012825669496172929
2012825676127089002
2012825681646981209
2012827800609116245
2012828213932667175
2012829171085676835
2012830462310228194
2012831946553057746
2012833769481441779
2012834836117872851
2012837462058647827
2012880528807178747
2012904925613764990
2012905475680145453
2012906566895493326
2012934352955421064
2012934359612035559
2012934364834005064
2012934371729441248
2012934378360553731
2012934387608752196
2012961646524658022
2013061346305196215
2013091545830801641
2013094937839993103
2013110418646987140
2013114193826783593
2013120750283284837
2013123722845335636
2013123730734514589
2013124419435016427
2013150612448489613
2013161612946075870
2013164071449976893
2013164453387506059
2013164840232128561
2013166484474990932
2013167070914228688
2013167816279757079
2013168150108623358
2013168914558341191
2013169736364826688
2013169741532422336
2013170452466974812
2013172847460684215
2013174173028507803
2013174180104085984
2013174363210821645
2013174873477275726
2013181208054956334
2013188081956909319
2013198948606095853
2013202352266715343
2013206238142603268
2013210105869664667
2013210438025072871
2013210898807259195
2013211292677611994
2013211991263867023
2013212825859305820
2013213981524009262
2013215731392143751
