1411170968446193667
1411171368243138563
1411218885840281602
1411219895069466631
1411234624978624515
1411243675191963653
1411245565522845700
1411247494718058499
1411247807369912321
1411251592595001348
1411254192325349377
1411254834221654017
1411255171976372226
1411258088242302981
1411258749600231431
1411271840987697155
1411272185184878602
1411278606026743812
1411278753066483713
1411281082742284294
1411309532588896257
1411318843184615431
1411319847892307968
1411320426769256459
1411323057285726212
1411323545829793794
1411323890215776267
1411324235062992903
1411324847737610240
1411325184825454594
1411327929074655238
1411328275406725123
1411331689201213441
1411333693268926464
1411338882474381321
1411348000434130949
1411365097222463490
1411365980480016385
1411504882574524418
1411506320130285573
1411518138298945536
1411525853167509512
1411528127864467458
1411532030244888580
1411536175467143168
1411544582601330690
1411550394912632834
1411568387461849095
1411577417588568065
1411610600040374272
1411610628993609729
1411611891181314051
1411612222367813639
1411617500467396608
1411618705155387395
1411622800201191424
1411623147351068673
1411626199478988804
1411626430148976641
1411628002174144517
1411634460722745344
1411647580602204162
1411676271508000771
1411680396853448707
1411683312033144834
1411683442056564738
1411705655853871104
1411709759867146240
1411710593103392777
1411711405938515971
1411712081892548610
1411712917666340871
1411717437762924546
141181548220264448
1411871909243850752
1411874880295821315
141188745146802176
1411907515210616836
1411915706082365443
1411969661403484164
1411974639341891586
1411980256441880578
1411980508515373058
1411980866327179265
1411981180195332099
1411987875600560130
1411988794237067265
1411993119109783559
1411993993932464132
1411996313202266117
1412010445142040578
1412010752722890757
1412014447720210439
1412017417467793421
1412017800328093703
1412018038082203651
1412018125202104324
1412020727448961027
1412039510511165444
1412043942116294656
1412044283335495682
1412048015284604930
1412048266548502536
1412059394498465798
1412063638794379275
1412063990839013380
1412072757328637955
1412073175513370632
1412075882605289472
1412077795446902788
1412082651490525190
1412089643139403780
1412091255983513608
1412093792509779969
1412095422298951681
1412096017193861121
1412107303608754176
1412107558806966274
1412112500594671616
1412231081084866560
1412231280180162562
1412243992675164164
1412262060327460866
1412282530531733508
1412287206899609602
1412316310881456129
1412322691139334144
1412328959476322304
1412331138241089541
1412331587069382662
141233869859995648
141233924595646465
1412343933825208323
1412344029644169219
1412344942534430731
1412345333011550240
1412345671865167873
1412346053664280576
1412348938552709131
1412353028447883264
1412353266441093128
1412354049920233472
1412355782432092163
1412359311439716352
1412359441429655553
1412360938263437314
1412363313409781765
1412363413305450497
1412363820085825536
1412365653957169164
1412366737597550592
1412370824992944130
1412373617149575170
1412377022119088131
1412380620068581379
1412385910767849477
1412389462554775560
1412399905457410049
1412403771322236929
1412406052252008454
1412431711867072516
1412434379758989320
1412435396357623808
1412435827955666948
1412437561599946764
1412439333731139584
1412444413901434883
1412444756831981573
1412452399386484739
1412455320908025856
1412455562294431745
1412456783147270144
1412459931815464960
1412469828837732352
1412526429074456578
1412612876351676416
1412613626045730819
1412633977513418756
1412634108820262915
1412684337800126472
1412693032244105216
1412696307446140929
1412697457276833792
1412706590394707973
1412710178349207556
1412711866887905281
1412718187112656901
1412719747502796802
1412720539525730304
1412720979214684165
1412722689249214468
1412723491309199366
1412724022488363012
1412727078277967872
1412727578561896449
1412732431459782656
1412741476103036932
1412742094314098695
1412745939589025794
1412748391340068865
