1532417699837771776
1532420069875400704
1532420203480764417
1532420344681996288
1532424597097701377
1532427630279946240
1532445055255949313
1532445102131449857
1532445140693856256
1532448919858270208
1532535537240010752
1532545704291631104
1532549532806160385
1532552658623635498
1532557752958332928
1532557832989847552
1532558365582557184
1532558773826764801
1532558965498085377
1532564563513982976
1532566763116036096
1532567607102291970
1532568279189176320
1532568824117350400
1532568846326206464
1532569504537931776
1532569786794000385
1532570052608012288
1532571976870805504
1532572521740255233
1532572608633655296
1532572727932260352
1532572756940038144
1532572912007274496
1532572972497506304
1532573656806662145
1532574087070986241
1532574704921325569
1532577218429214721
1532577287664992256
1532577604074901504
1532577660018491393
1532579147381604353
1532579661531828227
1532580543837384704
1532580555665338370
1532584678191878149
1532585453366300672
1532593307041181697
1532593657895071745
1532593756968714240
1532597113036582912
1532598739608928256
1532600418710454272
1532600763347656705
1532600769051914240
1532600771740504065
1532600990020808705
1532602069579796480
1532605669999661056
1532605706242625542
1532606614867324930
1532606653211693057
1532607091642630144
1532610227870150656
1532611151619493889
1532612017957113856
1532613829414203393
1532613850012348416
1532613874880417792
1532613895721844738
1532613953670377472
1532614003481976832
1532618056962150400
1532619425773367297
1532619474570219520
1532620802784317441
1532622224837906432
1532623641250213888
1532624388377694208
1532625874721181696
1532626121237245952
1532627637151027200
1532627895826272256
1532628556412358656
1532629635938516994
1532629751587778561
1532630650271825921
1532630675697770496
1532631391925456896
1532631890141663232
1532633000059412480
1532634222292107264
1532635285430751234
1532635566004912128
1532635845681098753
1532636004149886977
1532636566127976448
1532637536107245568
1532638032993873920
1532638068385394689
1532638088325136384
1532638107597946880
1532638149075410945
1532638180935344129
1532638207707590656
1532638812723367937
1532639095423631360
1532639104529465344
1532639157495144448
1532639701857083393
1532640622620057606
1532640676714024960
1532641775139307520
1532642607914188800
1532646040905478144
1532646685192560640
1532648598038409217
1532648695120134144
1532649288471564288
1532649307920547841
1532650126531244032
1532650437811134464
1532652894544986112
1532653331516375040
1532654922302312448
1532655529251573760
1532656656315650049
1532656936432259073
1532659696510808064
1532659764399775744
1532660598655229952
1532662675930759168
1532663017900371968
1532663038993911808
1532663422378471425
1532663692348665856
1532663736124985344
1532666482592653312
1532666783097683968
1532667644779765760
1532669603117432832
1532670262629781504
1532670399212728320
1532670437871988736
1532670448978530304
1532670462836506624
1532670491768815616
1532670784619298816
1532672664539496448
1532673175150276608
1532673196696416256
1532675588346875904
1532675607586254849
1532675666428121088
1532675914189795328
1532676003905949696
1532676033870036993
1532676059979608065
1532676908504059904
1532677328513671169
1532678297276284928
1532678800731144192
1532679249450369025
1532680204383944704
1532681278834679810
1532684696567484417
1532694704021594115
1532697245157838850
1532698349073158144
1532701576816603136
1532704042790445056
1532704921782341632
1532706128877916160
1532709142044889088
1532709839826128896
1532711010146000896
1532711045160087552
1532713276970180608
1532714613862608896
1532715840906219520
1532717189651845121
1532718252786216960
1532720793221640192
1532721895853895681
1532736416119021568
1532737705351651328
1532745071224729600
1532745363525799936
1532745649262710784
1532746153036435456
1532747413634486272
1532751996632956928
1532752915634733056
1532762482972180480
1532764001158934528
1532794370545827840
1532802206789169152
1532802394618470400
1532943158358966272
