1889998642523807985
1889999034397729213
1890003386101326199
1890003657988690418
1890004258805973236
1890005799252172862
1890006703363797156
1890006714289954818
1890015530427494491
1890020323984376099
1890020738423574946
1890021408417419379
1890024016964116968
1890024462004990022
1890040233376596356
1890116765210034347
1890117522818805963
1890236974667296877
1890238518091514041
1890268228150325456
1890269871952523565
1890271766406393929
1890273437891129522
1890277663681728617
1890279338450555158
1890280577951232259
1890282765222048072
1890286601550590452
1890289050130731078
1890294253814993019
1890295019493605621
1890296016513167470
1890298748103979440
1890304523719094557
1890306863394062526
1890308947753726282
1890317214953185465
1890317220976247013
1890317225220792650
1890319087860924444
1890319107213402188
1890319145193132336
1890319620864889216
1890320958193561808
1890321041618264545
1890321317137940510
1890322171291193643
1890322323854832078
1890324145927323981
1890324416875364620
1890325058327138455
1890326867292438536
1890326902641947089
1890326935407894803
1890330537698398597
1890345807221563894
1890347068763288012
1890349211733864652
1890350548647301264
1890351904481321300
1890353077842043269
1890354113793147113
1890355593228988812
1890356198743900451
1890356203844157801
1890356287675748495
1890357626094956890
1890360116341260311
1890360955504038290
1890363665045406139
1890365443577110884
1890365520190284235
1890366996170035231
1890375164728094908
1890376024296190447
1890376747012473142
1890377382260810226
1890382538130247798
1890384045571289515
1890384591564808302
1890387995028500666
1890388286989836660
1890388496054890621
1890389454201766304
1890394094293164462
1890396154312946098
1890405998591979806
1890406231891706211
1890407723893714989
1890408564490899859
1890424579614732304
1890426146950423018
1890446797174349991
1890447754108805427
1890450702679343356
1890465495557583246
1890589818234515471
1890589915500441808
1890593468223004967
1890595124771778650
1890611196580991469
1890611198443307372
1890635149227720890
1890640281495576961
1890641485441233363
1890641595344503115
1890645458193707172
1890648030681976842
1890649386440441883
1890650067020722222
1890657668609568934
1890657786880467139
1890658515293032660
1890661345919381804
1890662884843077653
1890663460687536450
1890663482883760551
1890663563263357233
1890664339591385370
1890665907522822446
1890667076320104754
1890668109700149566
1890669287410462910
1890669750755192990
1890677494069543095
1890678133428252800
1890683062830125549
1890683889804292300
1890684179760734631
1890684229106778432
1890685430246297756
1890685461716140398
1890685605853442360
1890687008907128990
1890687825265267038
1890687830638125056
1890694309646602409
1890697971177828445
1890716442661679155
1890716724183683499
1890724896457568620
1890724976933642621
1890726724809183548
1890733557842153863
1890734170088865830
1890739588131344576
1890742649239306722
1890760177491607784
1890764930019622983
1890790524455453072
1890792368720486780
1890800871149343070
1890804922507219224
1890805044968091724
1890805147778879759
1890811412488040503
1890813484272943208
1890818978374922385
1890821874353062167
1890841804653711431
1890848068062286248
1890912620745543713
1890916447628497138
1890916731691893052
1890916784884113608
1890917178053906682
1890918126079861054
1890921213016371595
1890935509314060782
1890942305449710019
1890987002641727987
1890990266237976895
1891007137670688974
1891008279049891970
1891008291385319642
1891008300713386292
1891015446146535620
1891016639002656917
1891021443695325550
1891028107139952750
1891030113304690879
1891032994137198734
1891041757845934179
1891041786220400661
1891042064487301229
1891048331314647433
1891052506769424783
1891054889725202466
1891088230902055221
1891102021274804696
1891121584699793651
1891133156633497670
1891133454630178817
1891133718187712832
1891142140597613055
1891145007970578834
1891145016770212270
1891147972345463251
1891160480091435122
1891164977429712958
