1447571452912279561
1447577897334558721
1447581538279833605
1447586700805361670
1447747943482605574
1447750948151959554
1447752261992542216
1447761738103885825
1447761871965024259
1447763518673932291
1447764365495603200
1447775167023759364
1447786279098224641
1447803667906654212
1447810673082179587
1447819100969857027
1447832120357842945
1447837706789089282
1447839998640672771
1447843698213986308
1447844118802014211
1447845586397372418
1447851088942493696
1447872991098859520
1447874245007065091
1447874544018997250
1447874692392443906
1447874764228345864
1447874908562739201
1447875252248203266
1447881188194930690
1447891671396470785
1447898649829134340
1447920045150064656
1447920336872280072
1447920723067121681
1447920743380144138
1447920848334200833
1447921210117984268
1447921776902737920
1447922510213832714
1447925223957966860
1447925728721375238
1447930022640168960
1447944883344273409
1447953654854479875
1447954683151077376
1447956686786863106
1447973994229952512
1447976393250258946
1447981932541743107
1447991504509747201
1447992598610726920
1447993599786901506
1448117306668769282
1448121098889940993
1448121334353973249
1448121532975255552
1448122063235993601
1448132004684304389
1448134017727942658
1448134146182639626
1448134676703428609
1448154460052606977
1448159177688322048
1448159264376164354
1448164325248565255
1448165230148685834
1448166538788306950
1448166632967213056
1448166651078209541
1448167030369112064
1448167138460528650
1448167207922323461
1448167228436746240
1448169346841255936
1448171720804732934
1448179232346021888
1448181733212393477
1448204800995123200
1448204956285095936
1448208361934114822
1448217382565007362
1448220328165986307
1448229562597339138
1448244521985183744
1448246497233891333
1448277929897594882
1448280299691864067
1448285420819681285
144828942350696448
1448291068072521730
1448295140263530498
1448301067813359627
1448316645684903938
1448316689276227587
1448316713687080960
1448331442728017921
1448331468971773954
1448331485493161984
1448331514240921602
1448362439532187654
1448372089866502144
1448376065936687105
1448470473382137856
1448550355843698691
1448550927699365890
1448553539857387524
1448564555915792387
1448611134966165505
1448628020827209728
1448629283216236558
1448629575362105345
1448635532779552768
1448638994829430792
1448660681541107716
1448661200426786826
1448675104850726912
1448675231980134400
1448675269145882624
1448680594926280706
1448690582621093889
1448692496289042433
1448692498075770884
1448692500076498945
1448696310119342089
1448696803675676689
1448699049675137039
1448702559711993898
1448703224882470926
1448703839805186074
1448708947876081664
1448709449820958720
1448709802180317185
1448712057608564742
1448839868516159488
1448839899000442884
1448853065994440710
1448887632474238981
1448887681111367684
1448893962786258944
1448894476500430849
1448913545253453835
1448932203862249476
1448932305792237568
1448936974870450181
1448947449519767556
1448971507468668928
1448999868970651649
1449016211874795528
1449016839338532865
1449017505012355077
1449018781519343619
1449020108005801987
1449022498532593670
1449023292023578629
1449023655770411016
1449032405768040450
1449032492833378306
1449036520086654978
1449039004012199944
1449042449725214729
1449042520944508932
1449042995441922052
1449053460305887235
1449054592075911168
1449059081323302912
1449063292756905987
1449066907022200839
1449071250953760768
1449071543619751944
1449071779490656256
1449072350150868993
1449072858886402049
1449073177632522240
1449076352947163136
1449076764278329344
1449076845840777217
1449076886781321218
1449076955249143817
1449077159914397696
1449077310963871744
1449077603835383811
1449083053901430789
1449083127922499584
1449083259145519104
1449083725308854280
1449085302690045958
1449087070153031681
1449088088492310529
1449089010282864640
1449089632260427778
1449090017612025857
1449090659432865794
1449194141384986626
1449194222758731781
1449195148043116544
1449195169094332416
1449195268545474563
1449196526249529347
