2008077437834600745
2008085018246369396
2008085436976271814
2008086445488279812
2008087799401250950
2008089769096671572
2008090297482510618
2008090930063233373
2008091626837835888
2008091725865300140
2008092351412236427
2008092759765447119
2008093108609953902
2008093915271115112
2008093972649140312
2008095278281466196
2008095449924944249
2008095456057012568
2008095823125680547
2008097287852167309
2008097734256165364
2008098442841874880
2008098613386498156
2008099264803877342
2008099846193045986
2008100380694220847
2008100532343521749
2008101046099546533
2008101690042642849
2008102484297101802
2008104427505553513
2008104822130782245
2008105585649299614
2008105921193623557
2008106205873623539
2008106628995059867
2008107048094093427
2008107405398392925
2008107496179998983
2008108196721025100
2008109366353015229
2008110001538363477
2008111493028729012
2008111498594562517
2008114826174947605
2008114830239203528
2008116596552892643
2008117269868716056
2008118351961465114
2008118353848918026
2008118832775540948
2008119789554966792
2008121276926492728
2008122264538194156
2008122751631196318
2008123122084679970
2008123506933035393
2008124082630660411
2008124086489337858
2008124462500302885
2008125069474865511
2008125936789774798
2008126651104907678
2008127349846593710
2008127873962672181
2008128173637288408
2008128602387493267
2008128794310447453
2008128800064950764
2008129006676435253
2008129695104286804
2008130172919365699
2008130735333585394
2008131865212072299
2008132726717808861
2008135912283426915
2008137157500911752
2008138105434575296
2008138442639913297
2008138911055503689
2008140754565341243
2008140754749902894
2008140798102306906
2008140940297515497
2008141559242625211
2008142316394197258
2008142980109259024
2008144840329248960
2008144844787769463
2008147343942852749
2008149883258286121
2008156045403906425
2008156813292937573
2008156819399856139
2008157163840303594
2008158430452957560
2008158696833196273
2008158917780730291
2008160452342374512
2008160474907754921
2008161122101371310
2008161172097220858
2008161906272702866
2008162571598299519
2008163293303910667
2008163766157156582
2008163857152492023
2008164311693513039
2008165772087238794
2008166669370429779
2008166684696461542
2008166700517310839
2008166904452817066
2008169109846896654
2008169400575422498
2008170200345260158
2008171345692226007
2008172148314288413
2008172771512349065
2008182304972456052
2008183678325928168
2008184699622199589
2008184705578103130
2008184738289447017
2008185577213137133
2008186296968327310
2008186352228356364
2008186778201780601
2008186820530713076
2008186823923958156
2008187787405930855
2008188480405615092
2008188540946162037
2008188546658812062
2008190237647028640
2008190242889846974
2008190247692312603
2008191389948121211
2008191394901614745
2008193294057226657
2008196056178418031
2008198168060866838
2008199251533402299
2008199906868277635
2008200121566347406
2008200330597838967
2008204812639502387
2008204831207690719
2008204853819130273
2008204871921697269
2008204893807583650
2008204931782894062
2008204945460429095
2008205682538168787
2008225803201581258
2008225806448029822
2008228740380455085
2008228743874273453
2008229718513119327
2008230352935153786
2008231633615536574
2008231871340311002
2008232017348198909
2008232211963957413
2008232266980618615
2008232380713369799
2008232556328874257
2008232884889649482
2008233003399680339
2008233145137803387
2008237436950970769
2008335203282870723
2008365402838233478
2008380501913153708
2008388854693159171
2008407979352355061
2008408018573291653
2008408029142896873
2008408036281360887
2008409872275325312
2008410826588516643
2008415401617879443
2008415440155099333
2008423333256372584
2008426313355579560
2008426602062115070
2008428005476233237
2008428119032762877
2008428669862375782
2008429212810830098
2008433592784060852
2008433692776321254
2008433697079652511
2008449111276876186
2008453571973648708
2008454664057147651
2008455595662402002
2008456375320670214
2008457057457107425
2008458401458909375
