1925455963534106801
1925474275474985462
1925474536431988899
1925474884060058091
1925475291742540012
1925477442426479041
1925477447421894773
1925489554410414140
1925495005499859199
1925502877738705273
1925503468292235514
1925503629059826124
1925504033705599032
1925505475367346528
1925508290278301730
1925514335948083366
1925521447298244637
1925532878261088408
1925533436267430068
1925533659127587130
1925535277701050875
1925536953044508796
1925538885700133048
1925541485254254850
1925555304550252589
1925555662852902970
1925556002306339284
1925556680076521933
1925558753455161494
1925559132272132447
1925563746585346480
1925564197963718674
1925571104606769344
1925580447364653309
1925580453056241866
1925581149314982216
1925581725876592800
1925582170493755404
1925778855656112431
1925779612283355193
1925780472870621221
1925780755646402995
1925781333420196002
1925781883616432217
1925784032010252715
1925784316283351422
1925786322968449246
1925787556500693130
1925787652810260879
1925787749467951236
1925787757860770300
1925789402405470541
1925790827097329965
1925790831845237212
1925791299719860694
1925792613715575109
1925792617289146705
1925793564182646864
1925797090522784120
1925801655561326973
1925807860836929982
1925817789626937822
1925821095833133207
1925821611195650153
1925825423079801287
1925827074150846881
1925828320433721516
1925830120616448392
1925830125867643060
1925830645315441031
1925830993031671979
1925832510857937319
1925833190360445003
1925848883424329903
1925851722645131699
1925852054280437789
1925852545957642252
1925853222331142560
1925866892901634060
1925869365380936114
1925869411757404185
1925874774774890954
1925880664387125726
1925891050251428071
1925891615744258306
1925891774842536123
1925891821617438754
1925892325214933347
1925893092864893329
1925893852335935757
1925894488326537512
1925897306466828469
1925897995389673588
1925898778868896019
1925899498791809100
1925901537399713995
1925902294509305952
1925903453735252065
1925903665467953456
1925907625968804222
1925910671075516855
1925912233634078957
1925912918169665936
1925915970033402266
1925920307249901757
1925923671199064297
1925923691453427859
1925927744107409899
1925928473719099754
1925929195110088757
1925929617988161700
1925931014267850770
1925932644761563241
1925932662595748295
1925944029553824061
1925957106361856390
1925963531045761515
1925975703721296162
1925978921742238176
1925979624233660902
1925979940270252278
1925980136031043698
1926102941875732725
1926107852189450724
1926133201736466519
1926133367696691499
1926144867505197130
1926151058398560522
1926153962102649161
1926156047653212516
1926158269157933448
1926158304054518240
1926159553109864907
1926160382604783673
1926161390089220350
1926162441383100707
1926163326993649765
1926163853978554602
1926164144543154495
1926164695523680534
1926164861475508655
1926165479808233781
1926165653167219129
1926166339409887435
1926166979041268163
1926173662970802441
1926176119616569713
1926176530427756871
1926176845533237689
1926177363714256980
1926177905907744997
1926179601383899585
1926180166130192710
1926180740187758920
1926180972745126369
1926183472235724859
1926187166675169776
1926189862043976191
1926191258030035247
1926192169804538021
1926197412181233959
1926198599177613681
1926202996318204144
1926203110898225292
1926205211971903697
1926212276249338017
1926215237117624363
1926217903554097655
1926217932314390729
1926217988190949492
1926218120085004607
1926219018072928547
1926220038542864592
1926220074504917411
1926222011824472543
1926223526802919583
1926228104600547668
1926228138167570624
1926229921581416557
1926230584239530068
1926232961231237321
1926232988544541151
1926238093104840786
1926238258662350897
1926240434059104618
1926249956630823339
1926259081565626527
1926269609398644788
1926269621159551422
1926269642101662196
1926272149242671527
1926273546998677999
1926274310492074043
1926275525833535989
1926278113404592576
1926285568960352649
1926286112508482014
1926286174697435318
1926286191378186704
1926293537101959304
