1296458402844073992
1296467836441960453
1296474424275861506
1296609578944143360
1296611226248609794
1296612310153179136
1296636742548652032
1296658375783010305
1296683518790049793
1296684204751650817
1296685024872464384
1296690375701168135
1296696767308693504
1296703352571600896
1296710893686988801
1296712428911239173
1296715379289608195
1296717965165858818
1296726988300914688
1296730616181018624
1296730618550800384
1296732106450538497
1296732168735952896
1296733785942360069
1296733789809500161
1296740012071952387
1296747441635524610
1296747444739256320
1296789116130955266
1296795845631725568
1296826605889703936
1296834881821892608
1296840401983115265
1296840718149808128
1296840750450094081
1296843897293824001
1296844337213407232
1296844642873274368
1296847100244897798
1296860003303817221
1296978931560484865
1296994288664850433
1296997223712972801
1297007070768635904
1297007962829910016
1297011223892914176
1297011562482298882
1297016308299517952
1297022344955703296
1297022356255150082
1297054757534593024
1297081797600096256
1297082910478983169
1297085255241801730
1297096492465811457
1297096963414872064
1297097187545894918
1297138312054837248
1297177543452180480
1297180353669369856
1297180471030427648
1297210568487481345
1297214629894975488
1297351707626635264
1297352372457369600
1297352489914626048
1297366223785615361
1297367061501317120
1297371951543943174
1297374924353363968
1297383784518582272
1297409045238710274
1297409230706577409
1297409800712593414
1297420591255834625
1297421126302220289
1297421182317105153
1297421234326536193
1297421349862821889
1297421676477419520
1297447123735044096
1297516665396006913
1297519854300221441
1297519994608091137
1297520384481214470
1297520579830902785
1297565018582470657
1297565022541893634
1297570188724903937
1297570889140072448
1297571296146907136
1297593731424456704
1297593781370331137
1297630907654795265
1297732083004010496
1297796464102395906
1297799437578678273
1297801240022196226
1297804879885242370
1297805746856325122
1297808136267378688
1297810762216304640
1297811266325458945
1297812789935841281
1297818207865069569
1297821230955810816
1297833475454754816
1297833526700589056
1297840560703713282
1297859870012485640
1297859956759117824
1297870471073996801
1297876015402778625
1297877544201420801
1297881386620133376
1297882287300841472
1297887336424804352
1297896802289672195
1297896907511984128
1297913934540943360
1297916403404742657
1297921044896858112
1297921433792724993
1297922123336359938
1297922283407683584
1297929359618002946
1297932497963999233
1297932499851464724
1297937733122265088
1297943150699270145
1297943559966830592
1298072704298278919
1298074134576943105
1298075882557341696
1298076027508281344
1298078165366009856
1298094894209146880
1298098200897699841
1298098520797220864
1298133381771755520
1298133394782486531
1298151862885994496
1298193959294926850
1298204836266090496
1298204913231519744
1298204946769145858
1298210092681031680
1298230164761899008
1298233204307042304
1298237187645796352
1298313069789995011
1298313074483503104
1298425543310708736
1298426144631341056
1298426302525919232
1298426570789412864
1298439577523245057
1298440416295976961
1298478520511782912
1298533498827886592
1298540903552831489
1298557557494042624
1298558825528614914
1298562947090808832
1298563779714617344
1298565970559029248
1298566921734905856
1298568291481292800
1298576650494529537
1298577674244247553
1298580365934759936
1298587382552256513
1298591001422909449
1298599414626304002
1298599435727863808
1298602371585433600
1298609873517568002
1298637835688267776
1298640439822622723
1298793851822280704
1298811889581830145
1298812826803294208
1298812892771303431
1298813107100237824
1298813926289760256
1298820022312132613
1298820045838008320
1298821174919458816
1298836591868166145
1298842346147069952
1298867058264829952
1298871682279469057
1298885615061094400
1298887074691477504
1298888522405822464
129889064169127936
1298902804170330112
1298906547490369537
1298910952247554050
1298914148139569153
