1912511907946439081
1912514431231357212
1912514666536083729
1912515747546558828
1912518306335981629
1912519959655461323
1912524304639836469
1912525160156111208
1912530454848163890
1912531205196554718
1912532619960418783
1912532629989007433
1912533756503896489
1912538929540288839
1912540583144616387
1912548313125253445
1912553827414462773
1912664808509276641
1912675644468785366
1912679907068457393
1912689366968975802
1912689387110027756
1912693195290587611
1912695006395265209
1912703193634701804
1912706331565236655
1912712516758827139
1912713881316941836
1912724946662400464
1912735953351025108
1912736065460510920
1912736203486687658
1912737725104705575
1912738712175407583
1912738996742156452
1912749100237484412
1912749392370467177
1912750577919893860
1912750694358216708
1912752577537798606
1912764448126664984
1912772416792850642
1912773256412815819
1912780406102884755
1912782802665501046
1912783720396017898
1912783873240645687
1912784661027209499
1912785753014432222
1912786884876783866
1912787677792940431
1912789449160732850
1912790208631980433
1912790987262611574
1912790993973227641
1912791278259151271
1912791810411282915
1912792091522199858
1912792314432692465
1912792461736640760
1912792531810603215
1912792784878157903
1912793032681828829
1912793237649006887
1912793436304154752
1912793685198278703
1912793891960725677
1912794368001388878
1912794625745752244
1912794948778528975
1912795508533313763
1912795798573658112
1912796025041158303
1912797265216893141
1912797528292044890
1912798235011498116
1912798772792574440
1912799670612668618
1912800246771441745
1912800437566357663
1912801017936355699
1912801397726462106
1912801700835967460
1912802461137715448
1912802722904203291
1912802751459061827
1912803031399436524
1912803512309993526
1912804344266633526
1912804697104425123
1912805269064892736
1912805675140325492
1912806225814929912
1912806766104186953
1912806906596606165
1912807111979147335
1912807414686200076
1912807636342366666
1912808159439389183
1912808568820302054
1912808784063594975
1912809058442105127
1912809288843837957
1912809557589385594
1912809826570444874
1912810035362828540
1912810730463895650
1912811379477889059
1912811679731368335
1912812791079071994
1912813780804997195
1912814182879334692
1912814617522508120
1912814991667069015
1912815420480122938
1912815560569831554
1912815713825460510
1912815891177505107
1912816067917025727
1912816078389919862
1912816232660931069
1912816233516597648
1912816392099037194
1912816468569604165
1912816538068918634
1912816694856491034
1912816919264268335
1912817328481571075
1912817334781460612
1912817581028970497
1912817760893284394
1912817914031243741
1912818019082113057
1912818022806659563
1912818212833468513
1912818318765179072
1912818531126649289
1912818836317024301
1912818997219008801
1912819237191926122
1912819622921027956
1912820460149932048
1912820698109923799
1912820791311515942
1912820972404588561
1912821134292332873
1912821252626211031
1912821348377809085
1912821427600072878
1912821602582184440
1912821692424212682
1912822040928928053
1912822138144522730
1912822233904603368
1912822322454823248
1912822420299518286
1912822531951566929
1912822645202329636
1912822738697527574
1912822874630492382
1912827175692099976
1912836002399604758
1912843837505937893
1912854164025315764
1912862193227612422
1912863896752492647
1912864316900118568
1912864360525185346
1912866664489824353
1912867688311079273
1912870234987655469
1912872241865589219
1912885606168072429
1912886468869325136
1912886491984044506
1912895312194412983
1912899524139303082
1912902215653794248
1912903375580237994
1912905000218665161
1912906792746754312
1912908220374589888
1912908229358788866
1913027196282609897
1913080711801618493
1913080835793727600
1913080992190837152
1913081032464876028
1913081078669361626
1913091367980478936
1913101371378925652
1913101441985646649
1913102231446127097
1913102693117083873
1913103507827425713
1913103535404957878
1913103703608787121
1913117792666370405
1913121067289211146
1913122607794364426
