1427622646334824450
1427622662793220099
1427622720070684679
1427643573219045379
1427645794950209551
1427646157069619212
1427646734197461009
1427647582889598976
1427648736079933441
1427662419367645187
1427663159054114816
1427663707702657026
1427666178718134273
1427666478707331072
1427667108402319361
1427667539237097475
1427668259633987586
1427668876456693765
1427669775547731972
1427671794215886857
1427673409178116099
1427676457468194818
1427676953721511945
1427678266928746497
1427683942606381057
1427857056661336064
1427876076751974401
1427880965183967234
1427888169299582981
1427889139916021760
1427890969605656580
1427902500854632462
1427904700788011010
1427907536389165057
1427912860978409476
1427914502620684289
1427924494396452865
1427926576197373958
1427926634300985345
1427941274003202049
1427955758558105600
1427958141497401345
1427986193455599618
1427986540697849871
1427987708396195845
1427995424858656776
1427995460552126470
1427997102613745665
1428005845627932676
1428011323703664646
1428014042212298756
1428014076899303429
1428015109759135749
1428024840494059520
1428027798191370244
1428034746978750464
1428036561124282374
1428039788276248576
1428040049757622273
1428040252149551108
1428040472077819905
1428040661991714822
1428040962526179329
1428041251538931717
1428041562328428544
1428041858010075136
1428042163552616449
1428046872866791424
1428079289673469954
1428191147411660805
1428191173584117766
1428191244266602507
1428191323643777035
1428191979771371524
1428192124831354883
1428195056712781826
1428195148714758144
1428195189101764612
1428195221871816709
1428195293405667337
1428221147565355014
1428221191395840003
1428226273449439235
1428226319557414924
1428254366524346378
1428254873221406722
1428255254286508037
1428268400816517123
1428277596010151941
1428291472135127043
1428294787153620998
1428334843880902666
1428334882388799493
1428335113692057602
1428335354663161861
1428340576693362688
1428342352641363970
1428350515658690560
1428353561503494158
1428362611486183424
1428363976329469953
1428366283972628485
1428367618491121668
1428375122927226884
1428389445242212360
1428390379796111364
1428393149169225728
1428394866396962818
1428396521075052547
1428400985123168263
1428401110507659272
1428402560986058754
1428403045713420291
1428407812686708736
1428408075518550021
1428412906941472770
1428536458151829504
1428537347470086145
1428537638164701185
1428539437722439685
1428543704764088326
1428619483602554880
1428622555745636356
1428631829054050307
1428652843720798212
1428652900281061383
1428696584724701184
1428697762518900739
1428699016263462919
1428699715701383169
1428701722210230278
1428711884597829639
1428734326246502403
1428741596435017733
1428742041429692427
1428742320296390667
1428742673221898240
1428743230653227009
1428743727372148738
1428747998834483210
1428749258916724738
1428786758175510529
1428786811329925123
1428787089324134407
1428787105187078152
1428905030380179459
1428969158364991490
1428970693161410562
1428996739558608896
1428997130903973888
1428997299405934596
1428997471112294400
1429000459709083651
1429000908369666048
1429001312394350593
1429001549036933123
1429004114717941762
1429005438385737730
1429005482950205444
1429028220913950726
1429035589593190401
1429037645691191301
1429037934263431170
1429064172130603013
1429064180552790016
1429068430586650625
1429069098311245827
1429073941742620675
1429074292470390789
1429075341243523072
1429084314302500865
1429084857095712779
1429085123308183555
1429087527391039493
1429092534794424322
1429094176348463104
1429097374056468483
1429104141012406277
1429106250575323144
1429106284494655497
1429106300483358724
1429107715066896390
1429115774719840260
1429121242116739076
1429146721926279172
1429253005954584584
1429257294873645057
1429273905714266115
1429274052351315973
1429274246597906435
1429274564761030658
1429281977211887619
1429290555553378307
1429290737653325825
1429311791906136065
1429322032680824840
1429322216185810945
1429322275996651522
1429323955064565761
1429334218656522251
