1491309715502280704
1491309740181585924
1491309772398014467
1491309784934797312
1491309857689210885
1491309888823513088
1491309931739611138
1491311575483187200
1491311645653880832
1491311665128042499
1491312318176985088
1491320185206501376
1491320284259188737
1491320408477691906
1491320487590633474
1491320541860724740
1491320602766225409
1491320656461729796
1491320699000352773
1491320833369059332
1491320895780306944
1491320939648528391
1491320980249407491
1491321245098741761
1491323277834584067
1491327026367967233
1491327217514999810
1491327456330272774
1491327578539720706
1491327690045272064
1491327772865998851
1491327853140779008
1491327918655807488
1491327998578274305
1491328012339773441
1491328403831914497
1491328583809507331
1491329257557360640
1491329318945169408
1491329381167661060
1491329519936217091
1491332874381180933
1491333087774801923
1491333753506914304
1491337439474253827
1491346517390938115
1491351473749630977
1491352356315082754
1491353856256921606
1491355437098483713
1491357207216406530
1491360569206919171
1491367445130801165
1491369743181582343
1491371639522865153
1491379716364079108
1491385022720651266
1491385856518950914
1491386395608641536
1491387138671538176
1491390676537581572
1491390702282231818
1491401953880186882
1491402495884926976
1491405658813779970
1491413937342279682
1491421782896934917
1491423283107221504
1491435428213575681
1491443700597420033
1491447814450454533
1491448368534790144
1491448738279489537
1491462860584910848
1491468116135530496
1491470157213962246
1491583895753867268
1491587829344141312
1491605052146204672
1491605956073041923
1491606311225937922
1491606357652668417
1491641595837706240
1491649007856553989
1491651617912852483
1491658977335463937
1491660023931752448
1491668290078666753
1491670987829825537
1491676840406429699
1491681358808502274
1491690108273459200
1491707233784111107
1491707396674048002
1491707578249736192
1491707944500862977
1491708288722890752
1491708328556204034
1491708348923736064
1491708367424819200
1491708970523717633
1491723679402987524
1491725552092585986
1491734040831209474
1491736977468637186
1491742956927295495
1491744071689576451
1491744696712183810
1491745603109650433
1491747263185440768
1491747710017302531
1491749848399609860
1491756322970566657
1491796535297785866
1491805885647114243
1491809660940144642
1491815051946504193
1491815423951904769
1491817844224700416
1491818555624796161
1491819256627220481
1491819400604921862
1491819661507567616
1491820060960509955
1491821084211310594
1491834612632662016
1491836154131644417
1491836342548205568
1491836549016989696
1491836620689276928
1491841654554521601
1491841672472559616
1491841841477881856
1491842677356515328
1491842687141826560
1491842699443736576
1491842747564978176
1491842783799541761
1491842880008519684
1491842924736565249
1491846260021927936
1491855027149078529
1491857851626622977
1491858163150188544
1491961700454596609
1491965427861229570
1491994235754586113
1491998645784576000
1491999009720127488
1492006315199463424
1492011252671213570
1492013505591279616
1492023595643535361
1492024411351781376
1492026652796518401
1492026938545741824
1492027364045635585
1492027596070354945
1492029059798208514
1492029948755726340
1492030645195124737
1492030647921442819
1492030786244997122
1492031772590166018
1492033594490900480
1492033925258309633
1492034807336898560
1492035520938987521
1492037189018206209
1492037194391101440
1492039782779678723
1492040454153830401
1492040466002771971
1492040495417401345
1492042757837189123
1492042764225183745
1492046107693572096
1492049565368811521
1492050233513050113
1492055623504064513
1492057593686085634
1492058179579961347
1492058691608006656
1492059508515880965
1492060209161797635
1492061331511336963
1492062586656870405
1492064345261436929
1492064994158333954
1492064999044710402
1492065655578759171
1492066068143415297
1492066074933997571
1492067955592491009
1492068428223451136
1492068880826568705
1492069331047366656
1492070037644926978
1492070402864009216
1492070548977111040
