2016093332532035808
2016093958389285283
2016094510380671034
2016099559622246432
2016100501528715670
2016101916552659375
2016104099545284855
2016108348043890875
2016108639283781955
2016108700092792986
2016108726013550701
2016109270484582423
2016109556716470648
2016109915253924251
2016111089248075973
2016111431763296417
2016115144070484391
2016118470321308159
2016118994634473943
2016127660183978029
2016129135362576654
2016131297211720005
2016132232143110149
2016132488012452302
2016132585039290847
2016133294837113027
2016134543598878966
2016135091479810239
2016135093023285745
2016135363870515621
2016136017489887717
2016140709636784365
2016140878545629283
2016179513991037387
2016179630546551018
2016180344370958352
2016180948736606680
2016182076320711160
2016202803069517867
2016215451270021272
2016216994530607614
2016307737416581122
2016322835925663873
2016337937634304247
2016353036810248282
2016375687977042230
2016381797479940139
2016385510969880856
2016387877241028910
2016389015461888042
2016390883932045329
2016392115581063582
2016401622960898414
2016402523960266974
2016420816230220059
2016421452912964006
2016422267006390492
2016422865449459818
2016423050733093315
2016423259244527775
2016424380243607966
2016426193617354904
2016427321767690680
2016428755108155733
2016430042394591648
2016433804328804623
2016433869172703739
2016435772786950418
2016436087007437164
2016448335666930167
2016456057447731506
2016459493954167126
2016460890099552704
2016462380960813300
2016463429406715961
2016465473576337801
2016466344603255088
2016467510422565343
2016470150837579927
2016474221527105816
2016477486654390368
2016479184068182472
2016482495416717807
2016485128655298822
2016486019890298963
2016487466023415927
2016491420341964841
2016493193400119679
2016496488558264366
2016499586328834454
2016504155767242908
2016511157763539044
2016515954306670871
2016517782461128774
2016518650115785113
2016519784880631909
2016519837611442602
2016525075529535513
2016530587465728225
2016556880575840299
2016563161365958985
2016577620658573750
2016577841660661954
2016670124439458161
2016685475558543577
2016712598532870284
2016715423597687057
2016722392706666651
2016722397983101165
2016722820756361325
2016730695448834234
2016730804139999593
2016730847060382100
2016734297177440390
2016736952419307930
2016738327219855574
2016749396986347559
2016764858956730806
2016765676401348770
2016766324593361307
2016772001231491587
2016778871971205457
2016784816088502442
2016786061519982671
2016786855040340250
2016788423600939017
2016789061470396636
2016796751978696922
2016797966737248614
2016799084926103777
2016800301475565598
2016800748760371521
2016800798735552817
2016801587134681122
2016801985480314905
2016802107911995746
2016802572963893494
2016802947355856923
2016803846027407518
2016803851245076967
2016804016098070769
2016805987228004742
2016807204184346767
2016809421452825003
2016809426800562671
2016810323899306335
2016810785352405384
2016812070969495734
2016812076740858003
2016813471850254357
2016814237981823115
2016816713040630189
2016819728401256695
2016820931969401195
2016822026418475334
2016823362539122916
2016824681115050427
2016824843665363133
2016825919063937173
2016827288223191488
2016828240355348805
2016829553751314453
2016830515152924976
2016833268356948151
2016837453357994445
2016838079370399834
2016838811481956760
2016840260907651467
2016843396275720675
2016846763890790522
2016851675596935602
2016852597563596876
2016853003224142177
2016854152878706772
2016854838001487894
2016855112216674561
2016855485551714673
2016856419606417782
2016857858886029527
2016859480085188929
2016859641536532936
2016860078285242545
2016860610986901964
2016861101779194086
2016861582119285011
2016861976954360295
2016863637194031449
2016864393821376619
2016865103187235127
2016867067669230035
2016867350856028545
2016867663398817930
2016867983973634175
2016869168948400168
2016869692657537199
2016871278091886938
2016875067850842193
2016883518056563184
2016883522984956086
2016883527984496670
