1483768520936927232
1483769997755555840
1483793637066612749
1483800304504086529
1483806193659244545
1483813813380349953
1483816938413314052
1483825607666712591
1483829118420811779
1483830204573577216
1483834103313354752
1483857765747421184
1483858819994497024
1484047441171476489
1484053085274406912
1484054163885821959
1484055096640274436
1484055102097076226
1484055520298541056
1484055526879416320
1484059561166503938
1484062349682421762
1484062845004562432
1484063746293403649
1484064407152119808
1484066024605757450
1484066883829907458
1484068878481498113
1484072331765256198
1484073715839410180
1484075462855131147
1484076804436803586
1484077746590740481
1484082083056480257
1484082882134294531
1484082889017151491
1484112105020493831
1484124148721123328
1484125614982455296
1484125855815442433
1484127726839930881
1484129921425620996
1484130116305588228
1484130384401285125
1484132939797794818
1484133489893318657
1484135492455374848
1484150520407552002
1484155042298937344
1484163647983452163
1484164149001469956
1484166078142234625
1484166085389991943
1484169325951225857
1484175151549714440
1484178759032836099
1484179699043807232
1484187613561245701
1484187942541479936
1484188019670544384
1484188495745011719
1484188558244331520
1484191204342636545
1484195991225987076
1484201929072726021
1484203592877629441
1484203813221244929
1484204774828306433
1484205705422770179
1484205714042093572
1484209603907047431
1484213918528831490
1484216879225118720
1484255150827241472
1484355648066580480
1484357961837596673
1484390180505423876
1484390349774950402
1484390858934075398
1484408758956863488
1484409875648360458
1484410023904423942
1484411097042255875
1484412251394445313
1484413760546938880
1484424532933120000
1484424979584516100
1484427416974262274
1484430899995623428
1484433324747952130
1484433332096335875
1484433339427999744
1484449465066872832
1484458059262947330
1484463649821319176
1484466912574668808
1484467656199577600
1484474110277156866
1484479854997229569
1484486703742029826
1484486847925424134
1484487087680229376
1484487190545453061
1484487275291447296
1484487950289100803
1484489494183444480
1484490166865920000
1484492438987104258
1484493641922269188
1484494713894084608
1484495421783539720
1484496928323047424
1484499176071495684
1484502926613970946
1484503317455994881
1484505393921675273
1484509011970228225
1484511850855559173
1484511896397099013
1484516769410973696
1484522340193292288
1484533228841041924
1484533443900100611
1484538922336075777
1484538975260123138
1484545432978354179
1484549392694923265
1484552748641427459
1484565887038660608
1484769255287828480
1484783879802486787
1484785263503380480
1484785266590380032
1484788424917884928
1484788971381354496
1484790449395335168
1484791848753594376
1484791855741280259
1484796671712440322
1484798913265963008
1484802247393693696
1484802376423084034
1484803812846374912
1484804939532890112
1484805598923620353
1484805811105075204
1484810243888803842
1484817677080461317
1484818782141009920
1484823638256009221
1484839366749204481
1484845315781840900
1484848797792751617
1484859535336800259
1484860084476088321
1484860948368486407
1484860994715549696
1484871030900662278
1484880038680219655
1484880917185576965
1484881836677476352
1484882591723528193
1484904370940837888
1484908449557512193
1484908860053852162
1484910219499290626
1485126648324562945
1485129641845493763
1485132085400858629
1485132607688179713
1485134835832209410
1485138538186575874
1485167791720509443
1485168046235058176
1485191303076147200
1485210092111032321
1485210188424806400
1485210196268167169
1485211739482656772
1485211747636383745
1485237802266935312
1485246834893365250
1485257593367195649
1485281163249807361
1485370509722152963
1485442541755703298
1485453929315848194
1485456004599119872
1485501006389858306
1485501055245127681
1485503834189594624
1485504486424846336
1485504491701301251
1485505460900077568
1485505468152041472
1485506367310151680
1485506940415660033
1485507101070102530
1485507466297487362
1485509463025283072
