1486332964610871303
1486339209698766848
1486342844055171073
1486343973883244545
1486344171963428864
1486352416690012164
1486352794999488514
1486354109792141320
1486354122324713475
1486354593537609731
1486365143122411520
1486365203004485632
1486365373322575872
1486366869376634881
1486366925311856645
1486375389106929664
1486390622286012417
1486391883056050179
1486392339828383744
1486392418656157696
1486398582554955778
1486398650821398528
1486527657806233601
1486533117372342274
1486533495820218368
1486533739173883905
1486535061985841157
1486535555194097671
1486535733024215043
1486557533305139204
1486557533510975489
1486565534757834753
1486572047689940994
1486572247225536514
1486611520179953669
1486611972829298689
1486613341560721409
1486617580349521924
1486618585707397124
1486618861801656322
1486620671320858628
1486625192499576839
1486625196421226496
1486640445795053572
1486641334081314816
1486651161251696647
1486654047352328200
1486656908735881217
1486657070044643330
1486657191398436866
1486662945303982086
1486675685393395712
1486704985450573828
1486704991771381761
1486706692427448320
1486706731098927104
1486706898606845956
1486707324454510596
1486708389413416963
1486709136175747072
1486709813354524679
1486709897806761991
1486709931428306955
1486709962550104069
1486715972098482196
1486717949129867266
1486727797758312448
1486727909620387843
1486728331303129092
1486739225311514627
1486739255745409024
1486739752434892803
1486744734580174853
1486758692858957829
1486759166639173632
1486761128193495041
1486912076329074693
1486913224339431430
1486913274608173060
1486913295772631041
1486930978929258500
1486938331258646530
1486938383087996930
1486938900384055296
1486939425150238720
1486942467023044609
1486953515083722752
1486953545668587528
1486956180006002693
1486956950747185153
1486956953721257985
1486971349243678723
1486977150146478083
1486981297402572802
1486981303144955906
1486985894603071492
1486986072571609091
1486986201080815618
1486988870654709767
1486992834167132160
1486993239726911489
1486993818998116353
1486994620785459202
1487021370101751815
1487022118810259459
1487024594028417025
1487054441123483651
1487079825676201986
1487079910111735823
1487086461862105090
1487094035911098370
1487094150650482688
1487106054555340802
1487114418248818698
1487118796435308551
1487122833541332992
1487124793266638849
1487137408256778248
1487137561797488641
1487137708241604608
1487267756794060801
1487297079357882372
1487300476433432579
1487309624487202816
1487310880123797504
1487312022945427456
1487313664986464256
1487315087102676994
1487316371767652353
1487319747897470976
1487319752959619073
1487326884975153152
1487330850081751040
1487337312778285056
1487340165387329539
1487360367156432897
1487386396012990468
1487395935202144262
1487397379422973952
1487452807087017984
1487467709390811138
1487642596834885633
1487651480614367233
1487667799699103744
1487670774337249281
1487671512039817216
1487672588604428289
1487673675625025536
1487673921692266497
1487674169764450304
1487674471485829123
1487680469861019650
1487680477289127941
1487682155535020035
1487688654331867136
1487688737152987136
1487688772762632192
1487693765217505287
1487697487150608386
1487697667727966208
1487701953224540160
1487702331601072128
1487707000116891649
1487707564356022277
1487726481161990144
1487727716862664705
1487728805200347136
1487734926539882496
1487753020297256961
1487831591573278721
1487849446327021568
1487849497124171776
1487849805803970560
1487852358092865537
1487980381152317440
1487996899516829698
1488005964704129029
1488006004017369094
1488006102109532161
1488008474025816073
1488017010852184066
1488035703892353028
1488044364811042819
1488048663582572549
1488049791279894528
1488055014236954626
1488072505328029699
1488078529552347144
1488084444011384835
1488129974930268165
1488163975623708673
1488164041344581638
1488165104579342337
1488169760197988352
1488172639030243331
1488187562166714370
1488187611231309824
1488187877259624453
1488193908290904064
1488194060460654595
