1808818284927561824
1808818515920429345
1808818750483018210
1808821100731629755
1808832136579068122
1808835679905833179
1808835805848199400
1808836162254950678
1808836316496605379
1808844210797490429
1808844458794074436
1808855496155410497
1808855917863317984
1808856289696755801
1808862576853352786
1808863525701628349
1808870561826886141
1808876733137133824
1808877673910788211
1808881259591962944
1808900525532066161
1808902126384599478
1808904239072039257
1808923338225635461
1808926514077127029
1808926546373062882
1808926662882464144
1808928931862507563
1808929204697694678
1808930158616981679
1809044643209785578
1809057931838828791
1809059181154152893
1809059360448131222
1809073726698500195
1809088039299186719
1809089325356790253
1809090019107152046
1809097494044848451
1809114075835871455
1809116439074230274
1809117393446179139
1809118411978650080
1809120463395627311
1809120900261773698
1809121327602937937
1809121584063598691
1809121842780909962
1809122165213835654
1809122771022270927
1809123064405504301
1809123418215960911
1809123775981760700
1809124290610278433
1809124647969173882
1809124960625176878
1809125269841793472
1809126283491836371
1809126785780756649
1809127773317050425
1809128951547036074
1809129233106583726
1809129276798636350
1809129915595317372
1809130642472566836
1809131439319101499
1809132198345187630
1809138512287199572
1809143961539239980
1809144029990285678
1809144050672369951
1809147069439078548
1809148316518617502
1809159987601801438
1809169790851842222
1809170479611019422
1809173078741831781
1809180609627279578
1809182901327573098
1809184151163011136
1809205182946824242
1809207544998408282
1809221083482177939
1809221326043017261
1809225730569425405
1809230884450472104
1809231246104404410
1809231985262354686
1809235578866577499
1809236835249606938
1809240825907569143
1809248370852352232
1809248454696411198
1809260576612257830
1809264853518782720
1809411947600789831
1809441024189812745
1809448438158770289
1809451471349661770
1809454729698918835
1809455176711090385
1809461952394969340
1809468576065286435
1809470742255509944
1809471014780502379
1809473113576427792
1809474072201556054
1809474288308875281
1809475573447835657
1809476642609459529
1809482148841181608
1809482228759437342
1809482707451437134
1809486459256111491
1809491730384974260
1809491735082631524
1809493744208777510
1809494183356358906
1809495322084999443
1809496278436589646
1809500467648458838
1809501094927650962
1809501845649318028
1809502732606165117
1809503816821407983
1809504600388452570
1809505894750908478
1809506590548193566
1809506652313514097
1809508237773074539
1809510214233731161
1809511147839660501
1809511893632967042
1809515443767382372
1809515875776479359
1809516253284900907
1809517386417971271
1809518092059295806
1809518719539855656
1809519363197649198
1809519994239144219
1809520419029860823
1809520971650326598
1809521640792867217
1809522098324304066
1809522387181821974
1809522706674585950
1809522960358936623
1809523093401911396
1809523302693580891
1809523843381252269
1809523986411270212
1809524314758131950
1809525724295884977
1809526572031828129
1809526774176575784
1809526918586253578
1809527201064235245
1809527915521925310
1809528174897762464
1809528615303852070
1809528882556547310
1809530145243558074
1809531438506910083
1809531778123882749
1809532192718229688
1809533574825353692
1809534314109104169
1809534928301748314
1809536729944322305
1809537628221374501
1809539965321150769
1809543018170417362
1809547723206717525
1809548900380086378
1809552672057618813
1809552688394432751
1809554942895747334
1809568041547755616
1809577238657950069
1809594010132181027
1809774838741155981
1809786118830965183
1809833479175307750
1809834954605596979
1809835406646726772
1809835900773494950
1809836285911265754
1809836554111893952
1809836838896681313
1809837189725057168
1809837493052928087
1809889086850662805
1809944812390424747
1809946134711849234
1809946459044766183
1810161892931097084
1810173733815922724
1810179188541759711
1810182166069862710
