1989734562398921188
1989734997117579523
1989735015715148054
1989735268828721426
1989735585259688119
1989735843901395383
1989735979272581234
1989736200580862322
1989737010383524193
1989738144116478202
1989739253593772512
1989739666892046443
1989740474413035555
1989741982701474299
1989742003232632891
1989743931328979149
1989743953328157010
1989749483362791578
1989756042130198834
1989756120161026073
1989841846047056078
1989868524890890588
1989883621298040924
1989890948759757137
1989904754567422161
1989906915074445475
1989907498703491340
1989908509534949630
1989909283644039583
1989910001020707015
1989923585839042981
1989927796400103714
1989927801777176711
1989930018848583828
1989938898659926071
1989941330190246072
1989944019217207376
1989953026694819858
1989973855356809548
1989974189739245755
1989976451681288194
1989981783186899256
1989993774626546106
1990042051531133208
1990043676140277902
1990061154304213112
1990061244372684869
1990070255763276265
1990070311174152647
1990072230269620631
1990090894507442247
1990091809310019662
1990094801174405430
1990094864776929476
1990099741150162987
1990105308497326228
1990108227288334606
1990108298356392181
1990124053353611569
1990215810200273209
1990230911192010974
1990246009121784172
1990252996312392133
1990262115584901224
1990267197961412759
1990267711834980708
1990267741446775007
1990277242170265947
1990288074769887615
1990288712207667251
1990290956063850601
1990293187546759356
1990293481689104406
1990293579684864164
1990293882865922194
1990295081014948003
1990295230965534777
1990295352289952071
1990295383969570969
1990295446380802211
1990295839470960825
1990301010485772429
1990302739977691311
1990306015095742779
1990314550089130305
1990315504725307616
1990320003397390747
1990320631129448471
1990321248552071523
1990322739501207704
1990325367719272682
1990328849419341915
1990343168525771138
1990344339755868347
1990345095191957842
1990345100778778699
1990352174438900011
1990358634648457653
1990361936098431281
1990362035834716367
1990364975211368748
1990365666982183020
1990367338831692183
1990367672849350908
1990368298358501687
1990368491124457472
1990370941151682625
1990371587267473737
1990373568522387504
1990375029700546858
1990388840448553265
1990390825935581332
1990391109176991854
1990391718886224176
1990392273549373803
1990392922777231614
1990395756398653701
1990396209874227675
1990396247115456882
1990397614324363264
1990397788987728371
1990397995750129989
1990399482379264509
1990400291548606782
1990401126470926433
1990401456973766808
1990401680584708396
1990402997134737812
1990403524262232324
1990412106601042214
1990415672778895419
1990415737052381371
1990441741540024773
1990451989050974484
1990458207454843273
1990458214878773543
1990469253397676471
1990469274935435501
1990470307866726593
1990470920423792816
1990476001491759573
1990476564027654430
1990476659234123793
1990476854302790010
1990476887056101619
1990578198351155398
1990593297384157377
1990608396882428018
1990649271130206514
1990650167813710137
1990650872628732392
1990651180792631449
1990652193331163434
1990652916131356943
1990654491100938693
1990655341315653877
1990659094869647841
1990659679035535561
1990662106837103004
1990662295165473013
1990662300165157029
1990664037873721473
1990664947983134729
1990671412982632669
1990671909848301716
1990682380059967522
1990684639669989719
1990685377590628369
1990686441513578778
1990686855235584385
1990687724295368964
1990689723594256783
1990694954264641639
1990695721901924387
1990696461907210507
1990697978030678511
1990700669289021501
1990700965755031590
1990705043474088446
1990705046452121718
1990707697285783625
1990708296941252650
1990712846036922669
1990715021236842694
1990716277304779115
1990717182687252558
1990717645386084590
1990717685416509443
1990718512722031084
1990724867633664177
1990724963725148412
1990725004309168630
1990725486998090203
1990725497740042424
1990725903706697966
1990726019133943946
1990730043350204788
1990730633207857282
1990731383526891750
1990740273152889145
