1264160060307050497
1264170963148648449
1264247119222730752
1264417186824818689
1264466132091777024
1264472271726407680
1264492994826100743
1264520105406291968
1264535485889884162
1264535628076724224
1264591271777021953
1264611477337456640
1264722767816998912
1264727818153279490
1264727829981233152
1264727889049554944
1264727967978057728
1264728142704340992
1264731114788155392
1264734805960216576
1264738994257973248
1264739196461182976
1264739736616239104
1264763291370262529
1264772583615942656
1264796329974222848
1264825934873456640
1264826685901336576
1264827173682073602
1264836905071329280
1264837364901449728
1264939614986399747
1264942269628428288
1264942544946774017
1264942601402122241
1265112408739033090
1265119265171992577
1265124548636061701
1265126079796109312
1265129386052706304
1265129428025085954
1265183499939651584
1265192765773754368
1265203220445528064
1265212782196088832
1265213015177048064
1265290686489784320
1265290714960793601
1265293809207980032
1265294175517519877
1265294681266630658
1265295995115466754
1265296281192132609
1265302143386279936
1265479947960807426
1265491053387362306
1265493663133700096
1265496678372724736
1265498104289284096
1265498568825192448
1265498706373234688
1265498725180473346
1265513555144716288
1265513709117603841
1265513949992230913
1265515073625370624
1265523692425097218
1265523936462331904
1265524619848663041
1265539941599248386
1265540338720149505
1265541099352928257
1265551945000943616
1265552133841190912
1265563039539003394
1265563042009485312
1265582771596136448
1265610494456532992
1265623068514439169
1265623427207114753
1265640064006176772
1265640405091188740
1265640717038358528
1265644847144275968
1265645105874157568
1265675130828517376
1265849132788285441
1265850802574368768
1265856350522880000
1265856697006010371
1265858076801855488
1265858206410121216
1265860245982601216
1265915571809300480
1265930390868422657
1265930395486310401
1265930651875700736
1265937545709273088
1265939965038391298
1265951668153155585
126596361968828416
1265976732181356544
1266028766532231169
1266032339101970434
1266213793438318592
1266214078432886790
1266214751471841281
1266224459612119041
1266228570122186752
1266271763358339073
1266271766344658961
1266272596024164358
1266276952437972992
1266284071887331334
1266306601415139329
1266306623393288193
1266331234268930049
1266332934723694592
1266333144233345025
1266347418116739072
1266356516157681664
1266356708848226305
1266357102647238656
1266357105063149568
1266372780338982913
1266378429198290944
1266378501537423364
1266378594751639553
1266378746996514817
1266402081474138114
1266402464036728839
1266406852503322624
1266416567530606594
1266416718378700800
1266543068913602561
1266543192834314241
1266545945484771328
1266546157301317633
1266546859390062592
1266546966764204032
1266548126409650176
1266548153659973632
1266562199549620225
1266597237108477952
1266600127898124298
1266608393239670784
1266616344897675264
1266629387035774977
1266640200551337984
1266640560896585729
1266663693141438464
1266674201189994498
1266694780899262470
1266695010789048323
1266695151486930946
1266695396375609344
1266714152833290243
1266781371638284295
1266782771680366592
1266783558645014535
1266787894141861888
1266910399510671360
1266910494763257857
1266911136076623872
1266911257698787328
1266911424212660225
1266911738965811206
1266921648189366272
1266921847255257088
1266949426632781826
1266949499190034432
1266949543628685312
126697433836171264
1266979046178590720
1266992789176254464
1267004728799444992
1267006845152972802
1267012698329489410
1267016162925096961
1267016491922108417
1267016723867160576
1267017034149183488
1267017241658159104
1267017393760419840
1267017634567950336
1267017761240133632
1267018784621170689
1267022766479306752
1267022918166306816
1267024930840797184
1267029162335760390
126703390951616512
1267078361253212160
1267117078034608128
1267138871642304512
1267139509566623751
1267273439934472192
1267273991485394945
1267274911363424256
1267275988074823681
