1877216025730555915
1877217190375530840
1877217652915012064
1877219435909427637
1877219864563036602
1877233627299197247
1877233976437571790
1877237277316800798
1877237331456819676
1877251256554549413
1877252988613370202
1877255835564318870
1877255861468295498
1877258842934763793
1877259746966729102
1877260540319297887
1877261680113049686
1877270883317772740
1877273437254877364
1877273482850869420
1877274438422483192
1877274952484925729
1877275368949731592
1877276134729199785
1877276196234244415
1877276216111280281
1877277682624299158
1877277712118661507
1877279376015753431
1877279381220917687
1877281285745324151
1877284652991287370
1877284658171257327
1877295303293800645
1877296083757359193
1877296158726291798
1877296557235597356
1877297324621218196
1877299062279373200
1877300594219589896
1877301447655882841
1877304204059881674
1877308761565450689
1877312367047901221
1877315035157999814
1877326815661887623
1877328078252224646
1877331220557627439
1877331835149058091
1877332987655680074
1877336684968423919
1877336888849113246
1877337591260823633
1877337946552160468
1877338116165619889
1877338831512613145
1877340551386902892
1877348738626400624
1877349873193775554
1877349985811050976
1877352083403452770
1877353849318683092
1877357447964405936
1877359970750173359
1877368996846080103
1877369000050463209
1877369350966903229
1877372567985487980
1877373300713701728
1877373773218742640
1877374343027519630
1877381079235178879
1877386085577220442
1877386103746945422
1877405373394559335
1877409348105712066
1877418439150596274
1877562257984418149
1877587466280120371
1877588528688673039
1877590840048074880
1877591456568766751
1877594976403730839
1877595267048026532
1877605328575148373
1877607330512003476
1877608050749747356
1877623245655974225
1877624536780177472
1877625903112437893
1877627856500502806
1877629725784358922
1877630796716286428
1877633260802736403
1877634960380821954
1877640924211413257
1877642654982300069
1877642770011045943
1877644014335426826
1877644364714819817
1877645034591518983
1877645421142741157
1877660473950437431
1877661681851228378
1877662239534289055
1877662414801641476
1877667497463468504
1877668160737800620
1877669855991574625
1877673579464036793
1877681736978686282
1877698046223380529
1877698979841835257
1877699296100819013
1877700206516674879
1877700417066533266
1877701722845634874
1877703656956633491
1877704753381302640
1877706132791111957
1877706662511067389
1877708568662778071
1877708809571058118
1877708860716405212
1877713756135850105
1877719544351084898
1877720158199824581
1877720315230576875
1877720832547356848
1877729717195026758
1877730036796846505
1877732809592439050
1877735966410228064
1877740398355141116
1877767407520841779
1877767432657416640
1877771095308169464
1877773702856847506
1877775138789142813
1877775608425435234
1877777137282769120
1877780365202317792
1877782601353605468
1877783875457278181
1877943722966437906
1877947445541552420
1877948247823863883
1877949198995468750
1877952690140901439
1877957060022940075
1877957915149221937
1877961153407496384
1877962902562542064
1877964820944920873
1877966275684798844
1877966462691770373
1877966683882828000
1877972123547054588
1877977214039609393
1877979791103799725
1877980494199161303
1877981684030955598
1877986079145648386
1877986647255699624
1877987547009482971
1877988029832515620
1877988454849733108
1877988985353511154
1877989446748106790
1877990697082462538
1877990752585760774
1877990869846176102
1877992552126902523
1877993571447431414
1877994066920779963
1877994071089909923
1877994148743336132
1877994562733723823
1877994566424654066
1877994570333733372
1877995104495169558
1877995562017890751
1877996481317335199
1877996575403729013
1877996642294800545
1877996773463232669
1877996939758981338
1877998625684345303
1878000939497628101
1878003144346788142
1878004199004193182
1878020855550333265
1878025136038682673
1878028966100934970
1878031117892403493
1878031341616591169
1878036872133484642
1878040268525674903
1878043039601504653
1878050081196388553
