1271848887528026122
1271849198711762945
1272008759104040960
1272010852195921922
1272015529209823232
1272053030393794561
1272053931888136193
1272078599370100736
1272163394620137472
1272163467974320128
1272199834456322051
1272216392813539329
1272216939247501312
1272217152406216705
1272217164439621632
1272218799752704000
1272371578676772864
1272372436651003904
1272420706156871680
1272427474220052481
1272436644302303232
1272436704188620800
1272437225934872576
1272437442155384832
1272438585933705217
1272439418444341251
1272439608500817920
1272442361558294529
1272443073016938496
1272446504460881921
1272449234294325248
1272449501727358977
1272449536410021889
1272450521236824064
1272451788352843778
1272452304587730944
1272453674615201792
1272455975853715456
1272456548036382722
1272456632018989056
1272476263228178432
1272476307490697216
1272476329888210947
1272476687293222912
1272476814464565248
1272476833544458247
1272476842348298241
1272476857875587073
1272479309073010688
1272482622803832832
1272482681394061313
1272482774679556097
1272482834024783873
1272496618374197249
1272500307101016065
1272516271460937728
1272516327417077761
1272516394601463809
1272529712057708545
1272529719947218944
1272530025594580993
1272530048331837440
1272532281324756993
1272533123025080321
1272540115550654464
1272719404371869696
1272720407385108485
1272723928381677568
1272724842777735172
1272725462272233474
1272727388464353280
1272734089968148480
1272737552772956161
1272741898722004994
1272744943287590912
1272746426951319552
1272746676558548993
1272747622369906688
1272747792478253056
1272777556920393729
1272777639422382080
1272778301375803393
1272779079998042113
1272779838911205382
1272782489782648832
1272791534987960320
1272792148442640386
1272793531959005184
1272793534572056577
1272794029193740288
1272814963518697472
1272815407879974912
1272816783536185344
1272816879669637120
1272817067159195648
1272825476902383616
1272825512595845120
1272827133593743360
1272827167617900544
1272833190189727744
1272833711768170496
1272835091828523009
1272858658062258176
1272896724558909442
1272913451141050373
1272932071061639168
1273003344982716416
1273078227548823552
1273078325032837120
1273091958756438017
1273095749241393152
1273104864285986816
1273104933273862150
1273104955658981384
1273105772063449089
1273118111298969607
1273118237908185096
1273119182364819462
1273123498974744576
1273124253303480321
1273136085636448256
1273140422647439360
1273159405081702400
1273187776033247233
1273194081716301824
1273194133893468161
1273194216835805184
1273194246695051264
1273194286666805248
1273194560869425154
1273194648471629824
1273219925851529218
1273219978569736193
1273225564829048835
1273225934418542596
1273226281778208768
1273226425034670082
1273228630949195776
1273228738063331328
1273233499562971136
1273233743126249472
1273234640329781249
1273240809056288768
1273245169786122242
1273254540129828864
1273256045469732864
1273270276231331843
1273275670836260864
1273288679067316224
1273291271746940928
127331269674672129
1273342315516424192
1273346877899935746
1273427270003077122
1273427628104355840
1273427775215394817
1273439143540871168
1273439415767982080
1273439645326405632
1273439675835772931
1273439915221499906
1273440073141284864
1273441167212867584
1273441607077949440
1273442971275259904
1273444368603467776
1273446550983737346
1273446644499939328
1273447238883139585
1273483874928975872
1273484026397855749
1273485619033829377
1273511674624880640
1273512283432312832
1273512403024572417
1273527847269724160
1273540547035066369
1273593278001115137
1273642792737095680
1273647220441542656
1273651910285746176
1273653135123165186
1273690504832532482
1273791240199274497
1273793699760140289
1273793764436267008
1273798123635142656
1273798410596827137
1273800897231900672
1273802022521692162
1273802131661709312
1273802184346357761
1273802231196737536
1273817702621081602
1273826879170985984
1273828498730176512
1273828770017767424
1273828829958557696
1273828894538264576
1273840864171667456
