2000585536197582982
2000585548902129851
2000590314554466652
2000590671946592367
2000592165886656567
2000598949305155899
2000598962634629523
2000599561879068957
2000600839086604475
2000608930146427274
2000609721825558812
2000612237803995143
2000638633372725605
2000725060601135352
2000732080066728004
2000746673551892836
2000747222980550936
2000755258637619349
2000765780699562223
2000770358438453375
2000776880413426029
2000777475874545801
2000778094362419460
2000778487272190450
2000778649252061423
2000778836766851539
2000778953016140023
2000780253011304540
2000780505713934508
2000782971226177698
2000786130753741124
2000786658799837561
2000786724096762258
2000793422215700562
2000798665317998708
2000800321459904951
2000800347221340617
2000810150849028183
2000812043855929545
2000814952081420596
2000816309475664157
2000817054027538872
2000817777876328450
2000818619438289003
2000819097257566359
2000823079241703455
2000826522345828476
2000827217409102040
2000827677016826057
2000828556075762065
2000833407870509106
2000833875493507126
2000834345846907352
2000834732352008357
2000835186217640288
2000841684226040177
2000841791684456569
2000842433706516973
2000846747439128594
2000847132019077340
2000847533606916096
2000847846137086084
2000854078604399044
2000860518006018264
2000862775363649780
2000866743468851228
2000867507398435203
2000868235554775536
2000869211409961402
2000869968863469827
2000869969215807524
2000872016539513072
2000872665683562839
2000873770635166106
2000874449684586925
2000875554787225685
2000877179362820461
2000877863432806683
2000878418972565871
2000879733287084494
2000880905456640027
2000883365789213155
2000884075280908390
2000884605445198257
2000885039803126040
2000885651571618007
2000885656814543244
2000885720068788445
2000887182027055443
2000887185218965510
2000891790560518155
2000895562275807354
2000898515703357795
2000899335891169661
2000902260768047602
2000902783072145459
2000905168758706581
2000905482295550009
2000905485655081127
2000907114559283592
2000908008696713356
2000908202582724731
2000908210623135747
2000910673916711184
2000912366209523749
2000912468676354192
2000917655537246270
2000921353546031444
2000926294297731573
2000931587823952190
2000931595965063673
2000932874120520048
2000933382801514835
2000933397712290257
2000936605373317144
2000948554345669032
2000968299941913091
2000968754495414297
2000968937006367017
2000974907270918270
2000975849592668455
2000975905372692725
2000990381874524613
2001087446029885747
2001102546950332546
2001117646692225418
2001118903448027623
2001126381468692759
2001156634522026372
2001156785521274937
2001157300254597280
2001157338020081934
2001160290768138700
2001161313599574419
2001163637847941531
2001170053300125916
2001174384653033974
2001177193544868267
2001203061444792659
2001203580955500709
2001204671638335520
2001208688615571663
2001209355442573716
2001209914056741254
2001210433018192296
2001211345811968146
2001212704846176409
2001214025645088976
2001215345692963256
2001215369935995008
2001217024593137975
2001230383443283978
2001233007622152599
2001233264858538103
2001234232761573461
2001234237199134769
2001235074327728523
2001235078702359036
2001235519695736991
2001236498944065573
2001236502098141231
2001236724287201594
2001237839934316647
2001240318151438456
2001240323088113745
2001240705977749664
2001241207108985310
2001241311958196609
2001243739545854395
2001243744272834641
2001244626293063869
2001245406047691033
2001246448776823033
2001248421467050460
2001253071683493974
2001260068772479466
2001261760989585744
2001262128205115697
2001263608744071400
2001264287143342320
2001264601112174657
2001265868756701493
2001266355862139252
2001272091749089710
2001276799804928331
2001277342275240184
2001278587501154488
2001279070378823812
2001281275278283192
2001283398783107582
2001287623684612402
2001298839718773200
2001307628295864576
2001307884588777966
2001307910974931039
2001324425870991836
2001334444612030497
2001335740589105479
2001339224189198531
2001354257950478471
