1798654939704738070
1798655512772501607
1798698886057644421
1798712480887382475
1798716798050975986
1798719725645787623
1798730823560274048
1798788195108426005
1798796685122081087
1798905820236939298
1798905843150467167
1798906785207894139
1798909958979047853
1798910013249106139
1798914049088115112
1798914294157082703
1798929361237909751
1798941046241743047
1798944722335219945
1798944732208607725
1798944746968359108
1798946963620253729
1798965865708147020
1798966912334155961
1798968265693135006
1798968270516551828
1798969261488255268
1798970316263510461
1798971068524413098
1798971605118513563
1798971673355694126
1798972355571753362
1798972416636686770
1798972663672803431
1798973720322506802
1798973927315640571
1798974454602592287
1798974479370260524
1798974615059878060
1798975128409415726
1798975595063484883
1798976169641206074
1798976193435472101
1798976199777284529
1798976469663924518
1798977119000945129
1798977383116185668
1798980506731852018
1798981697721237907
1798984317936472310
1798984322353164302
1798989083634774514
1798990294291263843
1798990458045296888
1798990512738968000
1798997003961307569
1798998729971974304
1799014099260747875
1799014113303220289
1799014159390274027
1799014169695735994
1799014228801749196
1799014310477488440
1799017264320286962
1799017993252598045
1799018942876549349
1799020522426233158
1799025294382432307
1799027661798527163
1799033499607068976
1799035567000436836
1799035972438618465
1799036197014315325
1799037278754594847
1799043696417280485
1799044099594723587
1799044629633155228
1799052948477276433
1799053236743373263
1799057762250612786
1799071350998602229
1799074276068532653
1799074325166965173
1799074674439287021
1799075529028710620
1799082011141042294
1799083278324162831
1799083282270957573
1799083935345094854
1799104026149052911
1799104496133632465
1799158990993236467
1799159035931070499
1799159081003000315
1799258090178785419
1799267603849847250
1799289491552915812
1799293424224342463
1799294271909986325
1799295485393723615
1799296707332919388
1799298223196299476
1799299293863678357
1799299992156520760
1799300592420151355
1799301607815098602
1799304867946643655
1799305345854243193
1799306324813152719
1799307814386667672
1799307818811678943
1799308539539976335
1799309967591461297
1799312708782923988
1799312970327245049
1799316894371176811
1799316898221621635
1799317793114095934
1799319273925431470
1799321528791949813
1799321534936584386
1799321542184362273
1799326032136376763
1799327536889115127
1799328280434430178
1799328690146554157
1799329532333478240
1799330393176637909
1799331308344086546
1799333442037174335
1799337663109222854
1799349416249483556
1799360205744197840
1799385512945582433
1799385527948599660
1799407622816489791
1799408786060575142
1799414768832520300
1799415492404449297
1799433451336286322
1799433460333039835
1799448798977994948
1799457813955223977
1799457822931058908
1799459673038520413
1799460321763217481
1799460716501754196
1799461739412816036
1799461820421595210
1799461948863693161
1799462352087302455
1799468273991651457
1799470612316139620
1799475712736535017
1799476004815335865
1799477268533874781
1799481597944856772
1799485987208245347
1799487277401252170
1799487760635404345
1799505923725299950
1799629993732964766
1799651855687114919
1799653597615133121
1799654757822541834
1799655503968297390
1799656363855094132
1799657629729575151
1799658730583376187
1799659578906587540
1799661014222614690
1799661680420646991
1799662031941018011
1799662386322039093
1799663580239081756
1799664197313396944
1799673055536677082
1799683405472506301
1799683983619547206
1799686752845930863
1799687951670288417
1799688507134488894
1799689717279334785
1799690321087095209
1799691066653946228
1799691793400987870
1799692541115367798
1799692750323110390
1799693343750058401
1799694793192407328
1799694804160524594
1799695503283929390
1799697462288093442
1799698189991514204
1799703739860996523
1799705010382741664
1799705094696632359
1799706822162698454
1799709433095971020
1799709682849960001
