1985662006637314146
1985662883578200419
1985664206033879291
1985665671578206610
1985666459725594951
1985668058825048533
1985668730412753159
1985669479091880416
1985670233777192995
1985671442256838752
1985687692156506610
1985689345563770933
1985690469087789532
1985692287855366402
1985695460628324736
1985699325528416350
1985700473752732140
1985713317823070348
1985713324538097781
1985735692451004480
1985736584994689467
1985741136498241956
1985756011098259738
1985769283226648702
1985874707120280039
1985887540008857985
1985897357423304894
1985898062628470900
1985901681557856712
1985912457513353598
1985929612422234260
1985934308343984143
1985938839853257006
1985941930384244963
1985942875893612960
1985952735595020746
1985952800627704164
1985954732062691757
1985959837688349170
1985969885470675227
1985970536242168295
1985970819810590876
1985972164512924072
1985972780157059223
1985973297226617171
1985973749536227541
1985974324331954643
1985975189096845386
1985975936966414538
1985976295726202954
1985976758974251038
1985978063931539673
1985980393594732810
1985980528215068983
1985985900845941073
1985986382087807334
1985986686975959478
1985987595617325123
1985988690955624793
1985989483792158957
1985989600997675248
1985989763632181264
1985989906045501770
1985990648076644463
1985990752216977545
1985991816475554266
1985991944850587764
1985992276636844066
1985992722260627835
1985992786169184688
1985993681237873016
1985994336556011901
1985995417922974002
1985995423530770628
1985995934929760423
1985995955423129677
1985997626928476404
1985997666770428373
1985997672193646734
1985998210972926049
1985998216639488070
1985999071509946506
1985999311965225162
1986000190374113570
1986000404199748071
1986000408129757617
1986001057097629862
1986005613126754436
1986006418529616064
1986007111944618131
1986010793805312404
1986010907496124787
1986011010973766143
1986011905606246540
1986012521170612307
1986016294672683343
1986017348139282460
1986019497539707215
1986020664726421970
1986020710243033584
1986022194875699397
1986022838780756455
1986024602263564519
1986024933638668764
1986025587920798115
1986026355738427565
1986031324726190175
1986031338567196991
1986031735826747541
1986032130070368544
1986032165474456011
1986032383913791761
1986032549941199123
1986032570715472316
1986033336196923759
1986033399136723095
1986033707040575638
1986034207815266626
1986034286865301829
1986034535902118156
1986035325521789415
1986035421588128220
1986036559033069950
1986036973728080317
1986037690337542217
1986037884286021953
1986038225862074526
1986038464136229155
1986039981803180165
1986049829714428345
1986051410690277604
1986052178663092381
1986052742360785286
1986052917686845694
1986053543091130623
1986055001203257350
1986055421149548891
1986056024563007592
1986056502063587428
1986056539921334740
1986062672572661932
1986065359343120864
1986072008556417383
1986072567841710192
1986073452525359483
1986078304101962041
1986113433360887920
1986117522303946892
1986125556426109147
1986231053439410251
1986244644326297685
1986260246130458819
1986274499445334054
1986276100633468959
1986277510469067054
1986278299035967582
1986286472950173761
1986307184003777017
1986326748519162300
1986331319832617443
1986331327462056327
1986334140397129785
1986335031145713794
1986335925954359733
1986340030735131061
1986340035130712111
1986341422442946714
1986342589726138638
1986343400803868756
1986349005371326659
1986349466694422831
1986352103749788141
1986360964510589270
1986361301388739058
1986367634133451194
1986371421225058600
1986380230219767976
1986380847218630724
1986381450288243144
1986382045166379512
1986382616032080121
1986383193491316968
1986384020381614409
1986384425702334482
1986384849545142554
1986385520600236152
1986386545520304167
1986387998183989503
1986388001652703372
1986391602886234506
1986396454848709027
1986396461714837735
1986397406221770985
1986403266415231249
1986404276990869574
1986404280648257861
1986406821406601580
1986407261519159569
1986408457520750836
1986408673577709615
