1406813868299485187
1406814119932481536
1406814887947370497
1406826596837642245
1406839497799602179
1406847409053831171
1406848923122032640
1406849573004275712
1406860994039541765
1406861157219004417
1406872929653215237
1406886180130492425
1406886277224431617
1406889970334277632
1406895616232357888
1406899848918433796
1406900648960937988
1406906664943439879
1406910567126691841
1406920141309300743
1406920209009496071
1406920311203799042
1406920393680560135
1406920563805745156
1406925424374861828
1406927558944247808
1406927950826508291
1406928337096773633
1406940547365818374
1406963473787936773
1406967469735038986
1406967676904169480
1406968063396745220
1406968224978063360
1406968564318294021
1406968794354905098
1406971160806391811
1406974842969092099
1406993078959808517
1406993436381638663
1406994914047512581
1406995749259288583
1406995950791315465
1407009387273605127
1407009996835987456
1407010236225884166
1407011174407802887
1407013008656650244
1407017243519557636
1407029000174641154
1407175856254898181
1407233634185007106
1407251424728162305
1407258686813184000
1407267178731118600
1407267273019060230
1407298697294082051
1407301093504086022
1407301810184888321
1407306131257511936
1407306347306045451
1407350709453008906
1407352227270828033
1407355605526867971
1407362192295428113
1407373243556663297
1407373773087465473
1407376539981807632
1407378371214934021
1407378953778589705
1407379531967594497
1407380271876300800
1407380742464708611
1407381187358756870
1407381829343080454
1407385138778886145
1407390040984997888
1407394211423408132
1407395226851823617
1407398147614134272
1407404408594309123
1407430810370666497
1407524158380990466
1407598418692694018
1407622111208755200
1407623464253476867
1407631469313368064
1407631568470822918
1407631595150876675
1407642395571679232
1407642619123965963
1407642654410788870
1407650789070237696
1407656130818363396
1407678464862261254
1407687302063792129
1407711015064662017
1407711101031043077
1407713144324059139
1407722303534768128
1407735975967481863
1407737449581662208
1407737452698030080
1407740886084034561
1407741760269283328
1407741939781275649
1407742300441088000
1407742623318634498
1407743161498173445
1407745810087911424
1407750623030747142
1407756770894778368
1407883582241083394
1407885130320912387
1407885239154737156
1407899421086347271
1407912816611184645
1407929510603882507
1407929882852552711
1407931418437558275
1407931828686639108
1407931923402424322
1407992285992611845
1407992592369737732
1408002516776751104
1408021236140048385
1408044748917465093
1408057296685465612
1408058659804876817
1408061955227611151
1408064151667175429
1408076819396403201
1408080764634165252
1408081687875969028
1408082554599600129
1408082796535373829
1408087067800657921
1408087927343648774
1408088364457205760
1408088830209511425
1408089255667109889
1408098077404110849
1408098696533741572
1408099117520154624
1408099371980234754
1408099872352260101
1408100384661409797
1408100661623885828
1408106613525794825
1408112456895926275
1408115333664174085
1408116411776475137
1408116993434161153
1408117380484501508
1408117775487299584
1408118021764173827
1408123893131345927
140813929659105280
140813963842682880
1408258534890905603
1408314541373497344
1408317504775102465
1408342348807905281
1408345420334436352
1408346089661485057
1408347171393392644
1408347238074523651
1408347708981538818
1408348984746274819
1408349820394242054
1408351341823418376
1408351872138706947
1408352144231604226
1408355175115284483
1408359450155491337
1408361732175663105
1408362539612721155
1408363107857014789
1408363345120415745
1408364390236102656
1408364711985303559
1408364909956530184
1408365017506873347
1408365214597193736
1408365505178607621
1408365740307083274
1408366023531655170
1408366216616370183
1408366409831227399
1408366648180973573
1408367219734564866
1408367361468506112
1408367905113182216
1408368258504302592
1408369158098624516
1408369266215194626
1408369661851291649
1408369751743598598
1408370226563981316
1408370845244743680
