1839543709777695161
1839544293016641845
1839544871490929084
1839546038191051084
1839548699208237262
1839551010064273583
1839551619081670882
1839558088426197169
1839562096243364292
1839562101423313403
1839566758325473428
1839567327542821266
1839569035932962908
1839570580242358595
1839570993213583747
1839572778288365848
1839574526792991230
1839579952062345309
1839580368124756236
1839581853893726272
1839583000293429326
1839583196285108535
1839583294247321733
1839583319115317364
1839584637187949030
1839586063230361839
1839586327974588680
1839587234921775571
1839588638088221020
1839589980647403642
1839589985399558522
1839590151590162922
1839590157827322000
1839591962363511102
1839592086384861189
1839592272788161015
1839594390504784290
1839596155115548779
1839606194044088817
1839613658747269627
1839613750703247388
1839614222990201000
1839614979772719232
1839615226783867347
1839615905317494830
1839615923906642087
1839617909443719481
1839619077649662057
1839619286735667566
1839622707182490102
1839622711284568220
1839623004134990065
1839623952563613945
1839624558006943776
1839624848227844332
1839624852090855656
1839625144240689639
1839628540787995009
1839629789759725708
1839629968311005404
1839630523863302198
1839632370477003015
1839632408687317237
1839633605477199950
1839633866421911728
1839638890686136602
1839641020914671642
1839641029449810335
1839643066589683880
1839646966050930723
1839647768580682092
1839649324910698858
1839649414098411726
1839666973497835602
1839667767777149401
1839668185819480206
1839682223689158657
1839689456011370776
1839690270931386644
1839691068507562464
1839691633505501195
1839706934728868075
1839707960039399738
1839717269590417556
1839723004630282355
1839723645586837945
1839723676737888496
1839728678583849097
1839731588969705942
1839733222718222716
1839839945692983607
1839841597229351305
1839842327948353859
1839890277554893131
1839895492852867145
1839901528796078154
1839902337470500956
1839906149207769318
1839907944521183565
1839908226604904817
1839908447736955285
1839908653903855718
1839908858237788172
1839909245556576296
1839909539443028442
1839910149995041019
1839910432364212601
1839910863752540211
1839911077477527752
1839911386346078633
1839911665971933184
1839911998034980987
1839915706759905329
1839922328223797685
1839930759290990874
1839931317410247169
1839931862808178947
1839932193088442381
1839932697919271021
1839932868123873740
1839933493431923082
1839933951227625873
1839934094337012132
1839934635213763069
1839935327789822213
1839935652801949866
1839935690244505900
1839936634823028835
1839937171404570704
1839937802735366551
1839937807240048649
1839945037062578279
1839946233147994200
1839946887954346215
1839955530300961260
1839955605869535469
1839957606309228671
1839958127036510470
1839959028732178880
1839959534304969023
1839959644095107113
1839960528984388032
1839962850086760595
1839965049294639301
1839965075831992763
1839965322595488070
1839965354807738756
1839965776784077193
1839965926180921505
1839966327240323534
1839966463391584446
1839967355578765731
1839972054633939266
1839972144794743227
1839979208271114548
1839979981428142487
1839980977139134958
1839982788579340585
1839986965476978730
1839990507033821458
1839990820511822193
1839990899930955817
1839995491033199046
1839996022954574110
1839996152344658129
1839996536262144046
1839998224112721955
1840000993640988898
1840001945844498754
1840002340990099637
1840003675219259793
1840005182215901618
1840007588630364243
1840014272740684248
1840015365239136465
1840016765067375009
1840026171830075721
1840033586981835085
1840034061345042578
1840034511855218911
1840034597091889534
1840034721645899906
1840035775427293584
1840036710174077252
1840042937054298496
1840042966154350762
1840043454136758645
1840043722496717207
1840049983455932739
1840055834140958750
1840057220102508648
1840062093799641356
1840062266663694658
1840063360269701286
1840064372166508774
1840067058224034120
1840067894027399632
1840069918982844654
1840070768706892221
1840074015630917680
