1967881213458387014
1967881838292242784
1967882442896970078
1967882469472079958
1967883400615960688
1967884140768075848
1967884677949296803
1967884960414699734
1967885741431853131
1967885806489817397
1967885851406553275
1967886666896642282
1967886889979158729
1967887052885856390
1967887060695650369
1967887882758320495
1967888276259217529
1967888276498551192
1967888842004045824
1967889304426016893
1967890505251148058
1967890763033006589
1967891389041217955
1967891444070486327
1967892213721075860
1967893916751163789
1967894690419839031
1967894915637281180
1967896552791531678
1967896836011901213
1967897264367821244
1967897560481403036
1967898210585940335
1967899042853392640
1967899519389184510
1967900124002369673
1967900211424137518
1967901321153097970
1967901321727762625
1967901795600175483
1967902467859087581
1967903340064546947
1967905186313277699
1967908106266181975
1967908111169261797
1967908250655072507
1967908771486941442
1967909529737429048
1967910212616196213
1967910847923249451
1967911038608867678
1967911045718217217
1967911465438101936
1967912135553679482
1967912758198079749
1967913014323265873
1967919724349755713
1967920596131647949
1967921693177024957
1967923090429710710
1967923600792621188
1967924489683079545
1967925308826456232
1967926413044183454
1967930400824770891
1967932291117879443
1967933095505694858
1967935929462690240
1967935958575390878
1967936590384341149
1967943135276962009
1967943659460120788
1967943667165085999
1967943672751870071
1967946988743541038
1967951631548301748
1967961561261281534
1967965737047429260
1967966597613842725
1967971894407098563
1967975311829852449
1967978160630440316
1967990047287935340
1967997319359627532
1967999944402538518
1968002275433181577
1968006110469820666
1968128449333383402
1968144073887465824
1968147847402119598
1968159394773803353
1968164878033830205
1968165196360454338
1968169669409509761
1968170549911359932
1968176566883717208
1968184910277214567
1968185649271377937
1968186756362322368
1968189469250687130
1968189750612771215
1968189835912393039
1968192021304422652
1968193749936378277
1968193756836008282
1968194181899415987
1968196793826676897
1968200150670872968
1968200749059612818
1968202834869895684
1968202976062828811
1968203578616729928
1968208333162037716
1968209577155105255
1968211213600362654
1968214156806660455
1968214537254940885
1968215294729654562
1968215839771181322
1968215848901845347
1968221908442534326
1968222693788094854
1968225582765969701
1968226639197917364
1968226778482348525
1968230946773049555
1968232080405610922
1968233869070553134
1968237146818650349
1968237584783708167
1968238082307891293
1968238090528657502
1968243574430216447
1968245086392889495
1968245093024100807
1968245676514689408
1968248563726770619
1968250818400006653
1968251234118516891
1968254187818648042
1968254193724215626
1968256427455369222
1968257033041514727
1968259722844495904
1968260206825181656
1968261390919200873
1968264326802030863
1968264411661091194
1968264548210856276
1968267363939434995
1968270687552123335
1968270964464263423
1968271004922454158
1968271081057456482
1968271467944218649
1968273389900169287
1968277151951794509
1968277894406545562
1968278351736602822
1968278519617831054
1968278848073773248
1968279127859114264
1968279408155988068
1968279708732387423
1968279800222773434
1968280106469822532
1968280561056928243
1968281151400997296
1968281209701814358
1968281831087931679
1968282505582412270
1968283170543186135
1968283844941103270
1968284358160379979
1968291694635565533
1968292342076707019
1968293069599744280
1968297270904017405
1968298473574588879
1968304946337759358
1968306262380257700
1968306657555099659
1968315003406311749
1968326526937481452
1968326639194144877
1968326669665816724
1968326689685168205
1968330952859586615
1968331110074712129
1968333020257247323
1968345584152277292
1968346573492162993
1968346634695458942
1968347067069383106
1968347242550714853
1968347369227141556
1968347390219567325
1968347514362581077
1968347602858263002
1968350299414045037
