1935656827326480440
1935657490554961951
1935658105150574653
1935658781888942317
1935661140274745824
1935661460082073871
1935662184174100541
1935662820252914060
1935663121013887150
1935664254503280923
1935664262443340276
1935670997476331791
1935672275682111562
1935674814527684861
1935675095655030830
1935675166744600686
1935677801618866450
1935678630019178734
1935679304555479128
1935679422641918401
1935679601822536058
1935680346365829171
1935680471779955031
1935680562179744007
1935681141941645647
1935681678065951055
1935682047520965037
1935682211220763031
1935684317457555704
1935684895516557578
1935686691877949646
1935687047697608836
1935687634111885815
1935688138237878721
1935688614605902003
1935689054101856727
1935689757100798229
1935690922718822850
1935691982363361702
1935693815538729261
1935695430903546020
1935708882644373565
1935918030154088696
1935928157678317890
1935928612462477779
1935930347096883591
1935930387659907538
1935930701389697377
1935930720465330673
1935933817946357999
1935936269139497092
1935936324617281545
1935937528391254255
1935946228011028861
1935951077570191842
1935959147977347223
1935964165728055724
1935964585494036492
1935965310667956577
1935972725648244854
1935976347253588016
1935976350722277734
1935977845597389277
1935978872673108212
1935978892139151542
1935980013217890767
1935980019207356534
1935981385237643646
1935983119125078425
1935990149893984476
1935990302189535422
1935990918311563388
1935991142082134049
1935991547926831398
1935992413144731897
1935992708147167401
1935992952905777203
1935993524639744336
1935994109438918909
1935994194541097435
1935995947005231446
1935997193087074436
1935999104594715026
1935999578563805551
1935999666988237268
1936001976162259445
1936002099239961061
1936004792129929572
1936005873467584768
1936006500578889839
1936007424793887085
1936008158117515321
1936008325541294179
1936008761866600896
1936009516434219118
1936009982106796040
1936023997201977555
1936024821567246611
1936029510044148074
1936031731787972948
1936032898987311587
1936033678683259269
1936034436489048194
1936035242059743369
1936038058270638498
1936038754147614817
1936039510783279415
1936040674954285220
1936041809840685540
1936044673996652846
1936046380893847676
1936049001968943222
1936054011926634883
1936081742122901741
1936093798146412654
1936095466216997376
1936095766147481676
1936097152129995126
1936121949526327300
1936124070363623712
1936125926057951623
1936126307433426956
1936126867507138921
1936289437597806750
1936302623185158155
1936304236679381447
1936304544205672626
1936308841194700872
1936310814597955862
1936312490348171520
1936312841566667043
1936314073563775469
1936315971301785711
1936318588740419806
1936321545787658633
1936324419364044907
1936325893322145914
1936327364071333943
1936328244330102784
1936332548248113273
1936333367538315315
1936336212241088958
1936341130771402947
1936345118165864481
1936356129518616880
1936360623132315852
1936361515583701414
1936364538968117354
1936369003376893954
1936371331052056742
1936381563618656341
1936382006922977702
1936382012128182498
1936382699654291674
1936382914859827567
1936385127141257221
1936386051943309742
1936386862115156048
1936389201282687185
1936391230641824213
1936392933517017286
1936401629328421008
1936402447863599586
1936402557322351070
1936408908735954950
1936408945624760633
1936417720142381292
1936421213632659896
1936424044745887964
1936436020431687739
1936438733299196152
1936438802761019705
1936442155528335375
1936442250541838415
1936442256149577986
1936442604427903140
1936443553926021239
1936443562981531756
1936443568195022991
1936445068426309687
1936445665942659154
1936446082965549349
1936448076467855383
1936449443714486535
1936449505634947423
1936449563612840123
1936453449786474944
1936456039794430129
1936467726480089125
1936470171872543128
1936480891611779078
1936488903542002161
1936489191254434267
1936491149075915001
1936652909116309705
1936654288555852105
1936672314361520214
1936673401357336879
1936674902125228407
1936675803368165654
