1426518330869882883
1426518376386490369
1426518542917062657
1426518625607766017
1426519869751644172
1426519977121648644
1426520946324606978
1426520977106632704
1426521843377213445
1426522497491501066
1426522979672879107
1426523642528104452
1426524347305316359
1426524449281495048
1426524568789737479
1426525020130402311
1426525544691081221
1426528479911182341
1426529900425449478
1426529965932044290
1426530014300807169
1426530074451349504
1426530775898284037
1426531724956033026
1426531898679910401
1426532207393263623
1426534014345650178
1426534237180555265
1426534421474148355
1426534535173263363
1426535753211727876
1426538047206694915
1426540378581204998
1426541395490209794
1426541511617904640
1426541826559840260
1426541860714016771
1426541891965837315
1426543538091610119
1426543708602724353
1426543772762972163
1426544187793567745
1426545357027123202
1426545446827089922
1426545788759339014
1426549351334043661
1426550648862957572
1426551574877196293
1426553164522684417
1426553303475769359
1426553857237155845
1426558804905193476
1426573641790099456
1426573869561700355
1426583855159562244
1426593818229436420
1426594116935118849
1426595538837794824
1426597983525556230
1426600119848210436
1426603750139985921
1426603838174236673
1426745001460092929
1426745314355019777
1426752428213379072
1426754295442018308
1426764197652746242
1426772318848651264
1426773305273556993
1426775995047202818
1426778690172514312
1426778749601685509
1426778770023669764
1426779328667287552
1426779419163516928
1426779815596724228
1426783658166394881
1426784766938988545
1426787937744719874
1426792575009132546
1426793354709270528
1426793361625604097
1426796534797045763
1426801351057629185
1426804920993214469
1426805998660907008
1426806115577196546
1426811896808632320
1426814224890699779
1426825763899117568
1426840499931926532
1426847371174973441
1426856491521175555
1426859034649370627
1426862459197956097
1426866255223422982
1426866461461516288
1426870415775854594
1426872467696480258
1426875433853677570
1426875900801421312
1426884465360465926
1426890058473172997
1426891601423437824
1426892891037716483
1426893459709779970
1426895401718730753
1426899144799440896
1426899635470180352
1426900291396374528
1426901099391295489
1426901164239450114
1426901776742064131
1426902003905486854
1426902581591166976
1426905078502281219
1426905587162353667
1426920368824983556
1426920452899819520
1426920834174623749
1426921149686968325
1426921497856143375
1426922206638923776
1426923084590682122
1426923910436589568
1426924940834476040
1426925569673814021
1426937768274395145
1426941600521801732
1426978210890223616
1426978846054641665
1426979029802881026
1426979249148207105
1426979325945925633
1426981645765070852
1426984043069939712
1427094857311408132
1427099880699301900
1427099929005023236
1427102677742149632
1427103227103698947
1427118173954838528
1427118807760310276
1427119230340648962
1427119552916168716
1427124753727246339
1427125611202445312
1427135463802826753
1427139381186338821
1427159402469990402
1427160134451564556
1427163254934040581
1427183642300747777
1427186716566122500
1427191854194327552
1427194132217270277
1427194782393110528
1427197409235390465
1427198149282516993
1427200552975298560
1427201446022320131
1427201496433627137
1427208772057911298
1427211396496826372
1427216352478072841
1427216554245066760
1427218298114953219
1427255020936781828
1427265716349136896
1427267176491147264
1427283964612407300
1427291937795502086
1427292137339506693
1427334554281381890
1427336221928280073
1427336929155051522
1427337091680129045
1427467930464231428
1427468390252175361
1427471261886648325
1427471357718134785
1427471405273157641
1427484430981943301
1427495692042338304
1427497069573328898
1427503580450222094
1427508054405173258
1427528672571846667
1427532682729197575
1427532735996825605
1427542481495752708
1427554963303981057
1427556461496791051
1427556474998329349
1427557548777885698
1427580135117492225
1427585191149670407
1427585810526732291
1427601306445774850
1427603509084495876
