1860667945208140150
1860698858386284603
1860698916489953455
1860701577129939171
1860702112801325064
1860702734640394520
1860702774268186722
1860702944229834767
1860703012412420331
1860703225948590151
1860703325831762383
1860703577565450378
1860712385805222059
1860712418306937217
1860715547836776448
1860727254726451644
1860904680626454547
1860904737794855331
1860904780211892302
1860906774603366809
1860907775888683489
1860912800316694700
1860916159945871431
1860916852807094367
1860917597107310973
1860918933823590436
1860920489700708633
1860924409911054764
1860927787315671298
1860928702760308786
1860928904632111504
1860929512751677836
1860939879317684361
1860940190958711038
1860946010144690488
1860948511141032415
1860951149706359292
1860951540124766499
1860952768854605836
1860952773430579649
1860953284376502490
1860953287664820319
1860953494636957798
1860953679509192828
1860953992802836843
1860953996418232554
1860954045642666485
1860954948504305795
1860956413134291009
1860956843092418950
1860957897599180834
1860958650254422362
1860959940510105906
1860960191673729266
1860961064554205285
1860963639454507245
1860963828764475840
1860964843127480401
1860965413183742185
1860966190346387681
1860966194452517086
1860968043360526576
1860968048280367405
1860968403948945763
1860969576798064686
1860970653480075268
1860972477872001149
1860980792350150963
1860980795369984304
1860983280952303867
1860983799884177821
1860985912177635640
1860987104333103183
1860987776621244789
1860988241006186598
1860992088235728907
1860993265971138593
1860994542335590870
1860996218014597606
1860996271848464474
1860998696894394656
1861000382807502948
1861003070630432909
1861005277312827823
1861006263070478349
1861015288197824944
1861017155929592054
1861017813139472419
1861017818877301042
1861019964871942650
1861020493618561197
1861021199826108824
1861021401013944699
1861022141036327335
1861022836892336507
1861023257572602063
1861024527331058058
1861024532536144165
1861029160778715346
1861030312710730109
1861030882993184946
1861034708978585701
1861036086941679842
1861039110531465606
1861042073870209465
1861042179717869620
1861043979925737530
1861044019708780713
1861044352522621242
1861049456009097249
1861049882255262187
1861050280294670372
1861051307576152521
1861053654570242452
1861054418680218067
1861063101388628127
1861063418993910217
1861071238820773929
1861073105466331603
1861089122133364769
1861091508759470306
1861091520486809820
1861092541535289454
1861093113235665264
1861100322808308171
1861241878290800780
1861242058352263411
1861247879400300632
1861255139174281550
1861255187375235420
1861257619945726172
1861258150206414891
1861266128728981526
1861275668862156830
1861276218307551591
1861276451498320223
1861276671086862393
1861277133794132385
1861277134909764006
1861277512690737216
1861277772183937250
1861277819646681390
1861293312541630626
1861293409069322653
1861294748662931835
1861305843414901120
1861307694117986645
1861308025946153295
1861308502821769624
1861312794316153306
1861314776716181977
1861315777993023547
1861316062786265206
1861316331255275583
1861318322522071208
1861319209550258307
1861320574150275554
1861321310372319487
1861321419864580235
1861322084485677561
1861322628948206058
1861322781348241728
1861323482363314531
1861323893476336049
1861324717225058540
1861329997522477100
1861330246571827655
1861330346769555773
1861331249962590450
1861334508576075849
1861335398636757240
1861335683606159526
1861336406762639502
1861336420075413606
1861336445970956739
1861343152386482383
1861344222709981627
1861344228728807511
1861345236808765817
1861347535371280618
1861349523513319650
1861349684536910168
1861353411381469317
1861354471194009760
1861355162323038709
1861355167284875663
1861355578049864162
1861356704660889743
1861357173068136870
1861357347157033255
1861360556827123972
1861373710588092745
1861373853370556921
1861374898284961793
1861379549042274644
1861386130253586661
1861386197773492519
1861386956321759659
1861388163517911205
1861389338531242183
