2010373176757542940
2010373510829670828
2010374076653793285
2010374148414185650
2010376098685878337
2010399620636319857
2010399674977710163
2010399725338693698
2010509533106389463
2010524630377799746
2010536328405139827
2010536739966959685
2010538833436414455
2010539731839328269
2010559200804667619
2010568061804257352
2010598821177573792
2010615228082376817
2010637797238128996
2010639776588927337
2010642446720639000
2010644333343727879
2010645341540917686
2010645882593775712
2010646563241312762
2010646797249843458
2010647803668934740
2010648123446821293
2010648126990987567
2010649913852657996
2010650550636052771
2010652710656421911
2010653182964416527
2010654115651838258
2010654120974409887
2010654145834008731
2010654752527528328
2010655029955580270
2010655082736763200
2010655214651752660
2010655428238275031
2010656048680673775
2010656112539013438
2010657894484828220
2010665593347993980
2010666257155235842
2010670022339989914
2010670937025441962
2010672472547643645
2010676622270038245
2010676682911625294
2010676718818996379
2010677202241945864
2010677886668402809
2010678583270998400
2010679260718194878
2010679324853342659
2010680012010107180
2010681620420829367
2010682571588260231
2010684371477651713
2010684539929248247
2010686473859911902
2010687631286505620
2010688096535543950
2010695616242876756
2010696050471027080
2010696825804874037
2010697014481486195
2010697230231953899
2010697874762584420
2010698600607818173
2010700874088362429
2010700923698545029
2010701644468764704
2010702553705517411
2010702567802916941
2010703076013879675
2010703596552339497
2010703998945464400
2010704827802943705
2010705292804194574
2010705395321331822
2010705897497280655
2010707539495883078
2010707937376006238
2010710811787075657
2010711453461033429
2010712028709888106
2010713661984096436
2010715474557067627
2010715959238312324
2010726476380086367
2010732843769770431
2010734385906246004
2010754092063473969
2010765388846706798
2010767531062280270
2010887020437021162
2010917217672528358
2010938334672208268
2010938343857819705
2010969518940786720
2010983149644497288
2010992913694781698
2010993477652447329
2010993948563824990
2010994931255689430
2010996345130401855
2010997052612943881
2010997257391521988
2010997867968933936
2010998387517374829
2010999125626798523
2011000091457511882
2011000301055328372
2011001110329507992
2011001715407950036
2011002911052931507
2011003994668482910
2011004383002259509
2011004898213797995
2011006106659930223
2011006775861105077
2011007772952002581
2011008491830591624
2011011677924573667
2011011821025825186
2011014603069931772
2011015638874276019
2011016008140837220
2011016129016189280
2011017074366431648
2011017617017094527
2011017837759152264
2011017927689191538
2011018400001376377
2011018894358823191
2011019596309115218
2011020368748953692
2011020430518423650
2011022084663820432
2011025728884867300
2011026516390658408
2011028839682723951
2011029520271413698
2011030166492069978
2011031767252418922
2011032004071207014
2011032746521739700
2011033677401354699
2011034741647237413
2011035249124524378
2011035736385208590
2011036267266654641
2011036702492737997
2011036962468352281
2011040819961274860
2011042008069259506
2011043829370269848
2011045063326126588
2011045069332361651
2011046699855450118
2011046705442275472
2011048118289301970
2011049321773633813
2011049324994838932
2011049909026464070
2011051104478617629
2011051110220644676
2011051115253809623
2011051670248309177
2011052818283786707
2011052845458735255
2011053347021664320
2011053633849475315
2011053904839262436
2011054554796970393
2011055439472181740
2011055987684487371
2011056416862454247
2011057328792223952
2011057624884932989
2011058557291278495
2011058636030951539
2011058858056434081
2011059902870143031
2011060731702382881
2011060846026506443
2011061810489876882
2011063070857351452
2011063110560616532
2011063115270795522
2011063545467981886
2011064250794721693
2011064672649375873
2011065162804150366
2011067227165143205
2011067279778464190
2011068212293820521
