1993560748346556775
1993561785513967914
1993562595807367277
1993562848623313356
1993567600035631396
1993574884367384638
1993582709621567499
1993583993758138672
1993585367631691842
1993589078353473931
1993589419430101092
1993589633977082033
1993589817343676750
1993590262787195218
1993591276990873885
1993592412854534197
1993593688115888207
1993599218465091855
1993599226001887518
1993600709955072490
1993601438904148421
1993601525265154077
1993602196831625479
1993602311793615033
1993602604790862080
1993602709753139652
1993603175727739279
1993603180815352097
1993603350668214502
1993603865489392083
1993604121522208937
1993604156108788213
1993604161049608510
1993605657757675881
1993605999115264330
1993606884876763242
1993607688018903042
1993607891807567989
1993608175795511752
1993608667430871244
1993609561106989288
1993609566530224352
1993610653140242853
1993610780357628269
1993611294931599532
1993611511441543624
1993611516856475866
1993611523277930553
1993611865570812092
1993611982399062016
1993612740926324784
1993612937823723533
1993613036364648791
1993613108892545446
1993613967621861388
1993614221679177755
1993614955032330313
1993615157873054092
1993615311925592266
1993615455572086914
1993616204926529830
1993616359025197432
1993616363437564183
1993617097407209484
1993617116801712596
1993617203414114601
1993619330966442231
1993619474826793378
1993619485690122356
1993619496591061468
1993619507336872300
1993620364384166263
1993620922222497973
1993620928203575324
1993620933618369009
1993620939230384414
1993621317216780630
1993621339727708336
1993621853127233829
1993622196661727413
1993622234079101419
1993622621842534548
1993623153697046648
1993623758771487102
1993624497623310380
1993625159492911387
1993625854916866366
1993627254753264026
1993627317856608278
1993628876476665881
1993628898735858063
1993629446453293248
1993629597406249128
1993630714768818244
1993630723002228789
1993631351724224625
1993631690615554193
1993632314623172994
1993632477726822422
1993633255703113828
1993633394173812799
1993633561765609921
1993633740728250754
1993633998237581776
1993634509753901350
1993636682298438050
1993637170863608232
1993638231217254619
1993639422550516100
1993640226053558301
1993641422264971591
1993642612629336207
1993642738173227089
1993642826736054393
1993643396347613609
1993643516300571128
1993653279058981288
1993656045143773282
1993656631201309082
1993658334201655800
1993659847120974236
1993659991396626725
1993660648488857848
1993661588117881242
1993662184396898707
1993662192177295627
1993662710278713599
1993663364317495588
1993663814055924112
1993664434599084126
1993666768624300325
1993668249243017331
1993668262123766242
1993668845274542321
1993672244489605414
1993672264940949832
1993672279923061088
1993674439075168464
1993674584059740380
1993674602988687672
1993674626346668086
1993682691850739990
1993683423140163643
1993683601444024752
1993692532174381149
1993692554009903539
1993692595441320277
1993692926757736724
1993693505630433718
1993694150685069358
1993696435959910720
1993696472257503636
1993705940110188685
1993712780550213864
1993715203440279953
1993716073817141633
1993716762064658766
1993717358561804486
1993717906862133652
1993719454782640168
1993730791684338027
1993732213356310956
1993733256081035636
1993735804003488145
1993736475469373897
1993736900461355217
1993738493932261502
1993739432005128588
1993740486738333706
1993742367694967098
1993742851465949274
1993841450363015456
1993852787042796017
1993853705620476184
1993853728181637574
1993855543312519478
1993861001792639230
1993870054900027610
1993870652349272149
1993880960857985398
1993892466513334336
1993892472402137303
1993892685493805449
1993892716242194690
1993894888254189607
1993897878721581425
1993898189251076484
1993900086666088649
1993901288342606281
1993916225416778005
1993917222591582543
1993917443333353634
1993918611900256674
1993921525712605394
1993921600010510781
1993926972083450257
1993928116121825629
1993928740938940642
1993928869515284517
1993928935755927585
