1923662005615136878
1923663959543996453
1923665287058161815
1923666520573452489
1923672424954069475
1923675833572475177
1923676529814536322
1923681118693491186
1923687297675083905
1923689822113366418
1923707553529405712
1923709806445269466
1923723049968468009
1923724814696710558
1923725669424562308
1923726615198171259
1923726634680713297
1923734668890997013
1923742142532551096
1923742741500154224
1923742977874391180
1923744748466237606
1923748021495550394
1923753709861015775
1923753782674063515
1923753846469427621
1923759573988671883
1923762415000486000
1923762532201988472
1923762580990067058
1923764458532503693
1923764787923791986
1923765088399524198
1923765092568662283
1923769728017035772
1923778617856884888
1923784105935896943
1923788001102135496
1923789870889304219
1923791822884831585
1923794818045706335
1923796803146912073
1923799962623803659
1923914088092139758
1923914723466301811
1923915161045434514
1923944129442226369
1923949121217716672
1923966782416749047
1923984967044121067
1923986058439688526
1923986456214896978
1923988360382775382
1923988652641878540
1923989428021625062
1924006372582322513
1924010567225967081
1924024169588760695
1924024819986624868
1924024985070559265
1924025556993241405
1924025571841044825
1924034727545369019
1924064927657934976
1924090611625579000
1924103584863473705
1924109722501996736
1924132638065147937
1924145761610346780
1924148748533604636
1924149101777887465
1924149289653252108
1924150862274080775
1924151222027899381
1924267124593426797
1924321616953323804
1924336716854300828
1924337264521552049
1924339142982615542
1924341283533041853
1924344497527513185
1924345013854712313
1924345339672441231
1924349255952765284
1924352232969170978
1924354652407251409
1924367805044150470
1924368851934089627
1924369911230705951
1924370239808262364
1924370946003223022
1924374721266958660
1924375404825235749
1924376648247578881
1924377455231709434
1924378122730008903
1924380599076405737
1924381529779904626
1924383576537301408
1924383969753350405
1924384930290864192
1924385899212587449
1924386890712494581
1924388173922320385
1924388590110585280
1924389338474746361
1924389613394895021
1924389699755593814
1924390517955272852
1924391156961411353
1924391182328906156
1924391417520247127
1924392370172461191
1924392454704505213
1924392865356013595
1924392889846550682
1924392903608336593
1924392910231163088
1924394167486255327
1924394173026926918
1924395857878929535
1924395864585580962
1924396783830282712
1924398961605095908
1924401656403546533
1924411992099688532
1924412977731735815
1924414193584738661
1924418041389216153
1924422425573527559
1924422439704084540
1924422986607829363
1924423708346822683
1924426213311107317
1924426584309805353
1924427172963652049
1924428822222668160
1924431292344766753
1924437062780092596
1924437136746614876
1924439248104722667
1924440229886546240
1924443780834275440
1924444746665132309
1924450037918245239
1924455558243058107
1924458695293083836
1924465729476448538
1924473915830874239
1924476112144617604
1924479335882252673
1924490386254533101
1924492666101964960
1924508717862600719
1924522358200754357
1924616922940968976
1924620395531128861
1924625492575191397
1924680230092034100
1924695687171866761
1924696428137660816
1924697232022110544
1924698123290739100
1924699034775912627
1924699106230075818
1924700922288210092
1924701162638545195
1924702211902455867
1924703809663881687
1924704867798679888
1924705244258398585
1924706775347167451
1924711465178820713
1924712782492266715
1924713784574378262
1924713939210010652
1924714618276237638
1924715234234859814
1924715342884147255
1924716241576722779
1924718787338592495
1924723593877029338
1924724426601582962
1924724651466621075
1924724767527231799
1924726035511443732
1924726391410721072
1924727814626111879
1924738774183076324
1924739018681704726
1924739326904307906
1924741671759294730
1924742518551543808
1924743374499905934
1924743969474539776
1924744075611353340
1924744266456424834
1924746365055467638
1924747453703827812
1924755092491927704
