1904474395814338998
1904474669169647963
1904474780486562015
1904474874799641046
1904474959390343585
1904475047902711875
1904475136197025854
1904475263087296653
1904475382578856426
1904475464615256477
1904475560396435608
1904475651458920755
1904475760481681919
1904475841842532516
1904475949233574128
1904476041319457111
1904476364029489467
1904476476235255839
1904476573543100701
1904476613128966192
1904476701809086963
1904476805320307017
1904476894604476902
1904476979782459748
1904477063374835904
1904477160712065200
1904480461797327185
1904480955487732135
1904481547404689865
1904481558188454102
1904482124864045082
1904482617078186183
1904482902009925750
1904483460695359847
1904484601743180000
1904486377464729771
1904486846828089753
1904502202636582951
1904503531895419119
1904504066065014820
1904504748973469940
1904508226668028306
1904509390193078686
1904512378609561950
1904512676782600675
1904512927065137523
1904513493405188569
1904515808023523346
1904516411742912540
1904516734167523657
1904519542308733336
1904520006601478555
1904520854157025581
1904521545948733529
1904523005289754723
1904523507473539128
1904524114133708828
1904524564945850447
1904525030991831483
1904536580951519575
1904546577391489168
1904553811596959825
1904554202212561124
1904554254813286500
1904554525152997848
1904558645041676555
1904560305071399203
1904560820413137021
1904560996691435667
1904562285122826317
1904575293890994551
1904581758315885011
1904600678737318214
1904727473637777876
1904737574607876433
1904756011833188679
1904757928902742405
1904758050826969202
1904774137232437267
1904774188453552408
1904784076281876754
1904785989995811043
1904786853225463840
1904787827575185825
1904790855548100994
1904797142310396101
1904798401713365204
1904798915658195143
1904799544862544256
1904801309309755750
1904802030625198337
1904802430279442647
1904802434431803485
1904802940491018641
1904803530164363655
1904804105002025070
1904804521345507745
1904805283383435700
1904805287984587076
1904805573024940386
1904807003375247432
1904807159306817591
1904807752033255836
1904808382886031585
1904822409418408034
1904822983748968742
1904823339019100573
1904823546821660768
1904823725825851840
1904823853651812432
1904823978088387026
1904824176726397375
1904824358129848591
1904824707532415301
1904824831503458492
1904824977800454208
1904825100341588074
1904825286706737543
1904825619864838292
1904826050237833486
1904826180370333933
1904826490107392056
1904826633242239026
1904826790075580785
1904826819561611607
1904827028609917113
1904841647449661779
1904845181121421548
1904857967847235714
1904859170391941623
1904860589287190862
1904876111974306110
1904878075730616771
1904878615499858156
1904879366368354453
1904886557502562713
1904889804350763011
1904890317356359704
1904898901658001920
1904904089609396677
1904904636009767364
1904905169583886779
1904906244751602070
1904906249193533688
1904907161718972838
1904908352578306274
1904912343592579253
1904912599923187819
1904914563625263503
1904953510292279686
1904956181489275145
1904956652237062444
1904964788813455795
1904965678748365223
1904966246166368291
1905087321260831179
1905091876845408366
1905092666884501923
1905105786147352869
1905115689842856226
1905117365290889634
1905124037044699390
1905124919035441631
1905128085995081957
1905128788251509044
1905139477053579500
1905153608867614782
1905166649952526458
1905168376949043550
1905170301488443500
1905174648704163946
1905176160767537388
1905176755985326548
1905177816901263678
1905179141928046794
1905179149704249359
1905179803810230354
1905180466510283042
1905180470717100151
1905181085975327039
1905181090756870374
1905182012983345537
1905182018142375949
1905182777512689947
1905183136956187035
1905183902274027707
1905184995292958857
1905184999776661831
1905185845289636163
1905186358202679470
1905195080757264642
1905195189310017932
1905197122129154299
1905201128197021776
1905214368050290846
1905231017515888792
1905242474534019272
1905242558051368962
1905242587621159129
1905243863205199976
