1728985898497507793
1729017254187315546
1730151749728731454
1730234788722638865
173040097179090944
1730476156414271562
1730822703832256813
1731024313765998896
1731230496766717982
1731571554331611283
1731663742486954466
1731671302187163760
1731673622366855254
1731991664934473985
1732247690522804265
1732370625241735615
1732396207438496060
1732400591438229737
1732671273954668957
1733428818558525838
1733461845598736539
1733734680187552031
1733746959545204794
1733821425394520119
1733822202045517829
1733886804926029850
1734126667403268526
1734192939973357894
1734255173458092331
1734529511843348838
1734835751215603884
1734886063825657858
1735193630309314718
1735195412611653688
1735202928808575053
1735212212359442646
1735227276718154144
1735251766256804335
1735277250743070743
1735540434146144367
1735581457358504420
1735600538493009975
1735930524219461634
1736298744432443764
1736312597904027813
1736662877409624219
1736707266269921709
1736785747980832932
1737048449760264384
1737540441275605268
173758852259512320
1738208522750546086
1738419529913602147
1738801296533332399
1739212041897021569
1739217863439745365
1740234329111089390
1740263336997269678
1740307515836178654
1740645431766597906
1740659775027953864
1740732841745666524
1741090806336049429
1741108066945569037
1742189127385469057
1742803262980673583
1742901405097381985
1742926946873593883
1743166264686915718
1743190910589194687
1743520217324761322
1743610026517008894
1743973171223761220
1744644004216762402
1745760374996304295
1745866986926567627
1746187615332876314
1746441613814251622
1747466403345768749
1747528338938413177
1747827156544336249
1748323974633906643
1748904940406546675
1749323077224419579
1749692649920249957
1749844504973332606
1750000817128771917
1750011545294405695
1750058587014287606
1750059739013378146
1750558124891869601
1750590152991477975
1750919314188935402
1751283126012408123
1751994540955750437
1752210239217389820
1752333512416674074
1752950404340765043
1753003935189836015
1753066348270457049
1754170185454620714
1755198078616003061
1757646587092980113
1758103212597596571
1759231306159002046
1759446236380488162
1759452602847437292
1759467651351642300
1760517116917404125
1761388821118365732
1761640062687772807
1761800448951099556
1762168927134880033
1762866179092177214
1763474698351063088
1764604450176737495
1764686130602299898
1765317515302040017
1766416756925661648
1766536378052133123
1767446026829578530
1767464747858071878
1767490539019292794
1767499756685971787
1767885031320805530
1768547083940749765
1768929024917811359
1772337821615014204
1774351965218062832
1775346392527180001
1776670599424909816
1776838234556760492
1776893574136648155
1778683667180867929
1779377438524653998
1779759675992592836
1782291364899848275
1783512189308928408
1783520751158800530
1783831633956864154
1784526694436438230
1785160796194115756
1785259110310588635
1785597321079894347
1786313362722492638
1786325976806515019
1786731974951899537
1786950334474060132
1787437674975944803
1787748295722545432
1787812074153714088
1787838817073783177
1787847847712281029
1787870830862688633
1787903124105298352
1788091420903129191
1788116998439968801
1788165992037941540
1788210092459917353
1788213040107921706
1788440548245737690
1788441175470268865
1788441455981412482
1788466377239806332
1788468373447458885
1788532387221311887
1788548719736213701
1788558822820421700
1788559567435239928
1788626984420970498
1788715181402689880
1788780655142482407
1788781272866644231
1788795141534187582
1788800021472653356
1788807675662528739
1788818232604041685
1788911636138590659
1789199633732022320
1789199637750194553
1789296923909955866
1789318192139305397
1789516495313383648
1789531309498679783
1789531319518834816
1789531794032967988
1789531804741050480
1789533520861483120
1789883610901696685
1789894072418644334
1789912607811408264
1789977375494599137
1790000312956211616
1790258335624708423
1790299496519446644
1790311617399583060
1790338075425493341
1790338096485016017
1790339092762460288
1790360130623578236
