1308095413820375040
1308221020407394304
1308222874977673216
1308224035243741184
1308226138536173569
1308232891353108480
1308248816680722433
1308252539750547456
1308257118772842497
1308270814320627713
1308273903496761345
1308277627958906880
1308280608255164417
1308283101714345985
1308285498188640256
1308290528648155136
1308293101773938689
1308301621160419328
1308301640424857601
1308301661601890307
1308318076874584064
1308321282107166720
1308327610527621125
1308333483253624835
1308342469050822657
1308342928658456578
1308383439888941056
1308387237055270915
1308388231050797056
1308390634076516352
1308393474555654144
1308412316304769024
1308434139469676544
1308434603372281856
1308463744360480769
1308464918555848704
1308473373664530432
1308473378026610688
1308584327463100416
1308591004849565697
1308593059089661953
1308626689065320448
1308666295924056067
1308684086173511685
1308694338197618688
1308694390550851584
1308707098973278209
1308725827631153152
1308731230930653185
1308731383460720641
1308733563563466752
1308734105610194950
1308739352629895168
1308740014419767308
1308744058966126592
1308772369700327426
1308786412020404224
1308786930155307009
1308797173107056640
1308807469024473089
1308812184894320641
1308818947546832896
1308936390680260611
1308955897138311171
1308955991145246720
1308956140353380352
1308956631053426688
1308995098831712258
1308996929360142339
1308999915956318213
1309000141320474624
1309000255552323584
1309004206808985605
1309004209438720001
1309007834550546439
1309064159288602624
1309064171691147271
1309064198475915264
1309064278067032064
1309066589564809219
1309070083717820416
1309127830794633234
1309128999357091842
1309129163232686080
1309129213363081216
1309129364731301896
1309129963174604800
1309131617408102402
1309135326670213122
1309135488549351427
1309138017261694983
1309139896196624384
1309150073218048009
1309150444887977989
1309150505311100928
1309154666459082752
1309158592730275843
1309169156152008704
1309170289683562496
1309315385385078784
1309399376167497729
1309402087957041152
1309406979706642432
1309407031443374080
1309407198074687488
1309407277326036993
1309407307814432769
1309420606710898688
1309430029017903104
1309430031807057920
1309445139325091841
1309451997653790722
1309480897603760128
1309483081766559746
1309487407574573062
1309487475627180032
1309487546192154625
1309487601699627008
1309490801420845056
1309504152486117381
1309546302724689920
1309547267024510977
1309669687387500544
1309686272919699456
1309687440475435008
1309689500759515137
1309690819591303168
1309696728623321089
1309732039717912576
1309740843415207936
1309753451077758984
1309755183258193920
1309755646590332933
1309757946725765120
1309766675835711488
1309766729661202433
1309776380226203649
130977958260252673
1309788460786446336
1309799550392004608
1309876052378882048
1309876705679482880
1309878404695486466
1309880148401901568
1309884716330307585
1309884939731574784
1309885109491830786
1309885293739175937
1309888863016370176
1309893929114902528
130998945718599680
1310069466743537664
1310070188075708417
1310089336851845120
1310096352739618816
1310101368217116672
1310114607319584769
1310139238092955649
1310211144980656128
1310212352302657537
1310212905665589249
1310213946381484032
1310220614150451201
1310237800436883456
1310271999457898502
131037286145069056
1310392332705886213
1310393933151703040
1310397721883209728
1310471754419060736
1310494101712769024
1310523557647020033
1310528778578219008
1310540950964322304
1310545716490547202
1310551572632367105
1310566289816129538
1310572953566932992
1310588962407362560
1310628719023673345
1310785322133803009
1310790679530930176
1310800649928413184
1310801492849250304
1310836199339171842
1310836581817708544
1310861806382972930
1310861939690487813
1310862790156935168
1310864022099509248
1310868727374651392
1310869351793176576
1310871120090787840
1310874462267387904
1310882895288963073
1310889003088973827
1310892988600594433
1310923239716057088
1310933945307947008
1310954966736162818
