1988491709756625032
1988491966846472496
1988502384524620074
1988504548865175948
1988507522932592873
1988507833474883871
1988508648247881773
1988515392025768098
1988515414779769128
1988516319239471538
1988517189494681643
1988517274232516822
1988517323775365530
1988517797656187288
1988519939515302175
1988520169065337032
1988520408950145432
1988521245701181839
1988522939059519805
1988524708405387384
1988526812037812259
1988532231141544438
1988532524679929920
1988533949887312152
1988535096928780481
1988546876933624125
1988553961977106685
1988554595732447683
1988554615269322954
1988555313574760542
1988556668527944039
1988557030735351817
1988558341845520617
1988558930356600855
1988560397335445757
1988560425047269489
1988560947292598294
1988561541428293910
1988561988876734637
1988562265981792435
1988565183862546933
1988565597051883897
1988566446415446432
1988567075749536155
1988567548036559140
1988568220022767785
1988568731107402111
1988569296486781178
1988570405280645288
1988571086712459331
1988571528443941198
1988571959026913478
1988577539351314908
1988580658986504479
1988582041127207253
1988582380295356814
1988582731362820364
1988588615744860452
1988589061653819730
1988589077785088087
1988591761263096171
1988593363877273742
1988593426720579778
1988595324475301976
1988595509393838199
1988595515366527074
1988596009614880974
1988596489468412088
1988600168141427098
1988601299018113441
1988601401967288348
1988652421485326674
1988655917861335203
1988766259392180309
1988781359586783348
1988796458108076338
1988810425442689120
1988811557652861422
1988819108037529996
1988840948906824119
1988841459462619344
1988841561010917632
1988846026703421947
1988848098085343699
1988850127117713688
1988850213759369553
1988854273963159943
1988865198132806066
1988866894116344183
1988868427595780357
1988868432045969606
1988876984840028664
1988877296464269387
1988877875404038275
1988878110079459736
1988878114634473847
1988882642352091311
1988884030037827786
1988884365527642613
1988884530527175017
1988884534700474453
1988884708114006391
1988884950263951470
1988885184083599438
1988886239626383718
1988886266679533834
1988886672323539191
1988886782843486541
1988886970203009206
1988887562854023223
1988887745364689404
1988887891490271341
1988887901841539101
1988889353364390285
1988889359269949487
1988889379062861943
1988889536600887308
1988890379500867587
1988891520179597318
1988891524394897643
1988891881116144110
1988892226332586278
1988893316704850310
1988893451350376610
1988894003329114321
1988896129908633821
1988899400710586374
1988900083593834810
1988901820647772319
1988902415081328766
1988903038191374527
1988903204650713208
1988903897453187386
1988915337354477600
1988916555195777102
1988918520990585003
1988919271380914402
1988919961046172025
1988920424453869707
1988920982640214205
1988921746498465804
1988922056063271036
1988922790343250038
1988922832055640077
1988925239171166654
1988929705496715608
1988931785300832470
1988933418076549151
1988938035967471941
1988938533172900292
1988940323595399603
1988941752557044216
1988942272382316975
1988943007723524273
1988944166848704750
1988945079315444029
1988947172675797330
1988947526255628486
1988948071670223086
1988948530623574309
1988949108112154746
1988949662011883902
1988950170810347737
1988955726338040115
1988962555058946271
1988970152118087770
1989007323331965411
1989008462588809514
1989017083632578728
1989022493022314707
1989023088986722471
1989128647027093929
1989143747469406625
1989169017471529449
1989171282462773574
1989173666333225463
1989173947594674658
1989175923887989170
1989176026858156125
1989176264352002163
1989176284715577788
1989176296539083219
1989176308329509133
1989176334040592884
1989181496289055114
1989182119873245294
1989182197316891008
1989186005723942952
1989186592599425224
1989186892894728347
1989189400455180552
1989190616711065937
1989203279797256347
1989207635141464171
1989215420457574764
1989228813214253068
1989235477556470259
1989237926975402380
1989238111063429586
1989240691659313339
