2017772387496755678
2017787990446112790
2017805782381957441
2017805908445986884
2017822048136139212
2017826613363413476
2017828530017735046
2017831275785003138
2017837473628623342
2017837702583103911
2017840580743860496
2017872545664700494
2017891258811974106
2017896700451672084
2017897118783115322
2017897126785900881
2017897518915612863
2017897535822782949
2017897544500789748
2017902288975921403
2017944884347589109
2017946104760004921
2017946455319904711
2017947125754339815
2017948933662925158
2017948983042429341
2017949220964352390
2017949765007446196
2017949770971795674
2017951178274095156
2017951183483318652
2017959393808302404
2017963670131900707
2017964213860487234
2017966287700578498
2017987999838130510
2017988226846515541
2018164974322143699
2018183848576626965
2018202723834007800
2018205329788698624
2018207149000986684
2018218140170371537
2018242846642655437
2018242873075044428
2018246975670604063
2018246983564378182
2018246989415379127
2018247260044468642
2018248417500405994
2018250784497095137
2018260107478659300
2018261505771463095
2018262623381582211
2018264814007771579
2018265412686024932
2018265417656172802
2018265421871534278
2018265998982578332
2018266330181648439
2018266686206640471
2018267016893968846
2018267354199929127
2018268596938654074
2018269720810828281
2018271238330917117
2018273953383690568
2018275613837300132
2018277296730423722
2018278005425291547
2018279064788975963
2018279088155484630
2018279698443432194
2018283820743844297
2018284341588373850
2018284776407597438
2018285309574922380
2018286577890509292
2018288167699599505
2018289035408793924
2018290792239091969
2018292005819031707
2018292049033023815
2018292926934356103
2018293325238054963
2018299871477059997
2018301523466625166
2018306060445229260
2018306839344292020
2018308139918254153
2018308599496511740
2018310785580318782
2018314047373082783
2018315973007396974
2018317839158096241
2018332708783747279
2018347862116225533
2018353727615410310
2018386988584542524
2018390398444699765
2018482064778240059
2018497666502799580
2018512264027161068
2018529810742686190
2018533582860656722
2018533583816905047
2018534005885587835
2018534925721579911
2018534965743689730
2018535867741257794
2018546236601610415
2018548332508160088
2018548631885029663
2018554131422785999
2018554220488839393
2018554448415777139
2018554458599567439
2018554494091698395
2018555054702436827
2018555443640217642
2018555630035087739
2018555874772766983
2018557724393721860
2018558093442068872
2018560831836111263
2018562309309006304
2018563228574572970
2018564788302012822
2018573713747411408
2018581772272062651
2018590072342474916
2018590826373558775
2018591130401861781
2018592981696294944
2018597296674668687
2018598294403076232
2018598299394261177
2018600461935448359
2018600655850758513
2018601749100253687
2018602437691723972
2018603423617430000
2018604752804905109
2018605679939141663
2018606436562227347
2018607699509026851
2018618759528001719
2018619366594711557
2018619899615330396
2018620414390587584
2018622577816850943
2018623403822129640
2018626243529441428
2018627577720799252
2018628684731797668
2018629962698518605
2018631002277781536
2018631005708710024
2018631394210283940
2018632230793605202
2018632234480374190
2018633244519100908
2018637303590310340
2018637623410196772
2018647584064294989
2018650231932592163
2018657974798188548
2018658276142195070
2018658860404556077
2018659719272141185
2018661923257286775
2018662486439031157
2018666304534905072
2018666722182701299
2018669617041084462
2018670290897944718
2018670936837562462
2018671788553798005
2018672924845019563
2018675452651376714
2018678360440803385
2018681568487784868
2018681574565331158
2018695150684299308
2018695725610107302
2018696299332120649
2018696982852678101
2018697432905752854
2018697954710753451
2018697990358090091
2018704824775127051
2018721178761003517
2018727890431717636
2018844451997966598
2018859678353236123
2018874650777010670
2018880315562094986
2018897301868073068
2018914283061702824
2018916855281574203
