1409733266853142528
1409733376337072133
1409739198521757699
1409740490832945154
1409740527654768646
1409765666597474325
1409765841164402689
1409770544547852288
1409790574970871811
1409810382282137601
1409810625727897600
1409815263818633221
1409817545759023104
1409827460498149379
1409827705147727878
1409828456938934272
1409829102194884609
1409830929732825089
1409831069008859147
1409839923964694534
1409846922030903298
1409847105263263754
1409847569878970370
1409852968459935752
1409865362863128576
1409865790090878987
1409872562381787138
1409875200716460040
1409876361746030605
1409876982326861837
1409878653580816391
1409879209821020171
1409879884189548558
1409880584399302657
1409889053999312907
1409890574899970050
1409890618327797762
1409891959670378499
1409892463901167625
1409893102458859525
1409893417321041920
1409893458353946632
1409893467833073664
1409893489781788674
1409894490639273996
1409897181058768904
1409904270736912384
1410073244728627203
1410142704927854598
1410144783809454080
1410153872086110213
1410161832220823552
1410163030831157248
1410165353728991237
1410166933517791235
1410167745501483010
1410170752884559875
1410171259908853763
1410171766987640832
1410185220171571200
1410186117891067908
1410186329615372297
1410186631114461187
1410186712957939718
1410186764589752320
1410192872872189958
1410193231715790853
1410196031690526723
1410202277734846465
1410218454045499399
1410227866717941761
1410228356444917764
1410230674687102985
1410231810936565762
1410234391108878342
1410234572776775681
1410239020500545537
1410248379234361351
1410254702072107014
1410255595211399173
1410255857846087685
1410263585666736129
1410268556961353735
1410269890183790601
1410422780198232066
1410431616321658884
1410432005112619011
1410434489956802565
1410438644494594057
1410439832711548928
1410451922423717890
1410452138581393411
1410526000635514881
1410529872703758350
1410531832509067267
1410541231562629124
1410541579203268608
1410542416956956677
1410545712882872321
1410545834987384835
1410548790394712070
1410550495756779524
1410553101585502211
1410553720136343553
1410553828156448770
1410555728343945216
1410556426636824580
1410557444690911241
1410558571998109703
1410559525816389634
1410562406938386439
1410572213976109057
1410577465550925833
1410578022118268934
1410578723326230536
1410579290584846340
1410579869243633664
1410580107211657226
1410580225709068288
1410580474490019840
1410580637573017607
1410580999612686339
1410581432053886979
1410581686140628992
1410581880064266240
1410582942875721734
1410586306481033218
1410590630166728706
1410591539982585860
1410591854454738959
1410592389413048322
1410592616446500868
1410592855098200080
1410593427289374721
1410596600506769415
1410597632074944524
1410598305529163786
1410605454707748864
1410631569698562048
1410631981017096192
1410632452209479687
1410633309172822021
1410639073425825792
1410640607152730116
1410647345604153348
1410650273861705730
1410798319870222339
1410838617421869061
1410840045662007299
1410878310557511684
1410885471190667264
1410894882869104640
1410895658383409157
1410897376936480770
1410900169332191235
1410904653420662785
1410904920618725380
1410905356004257792
1410918796273934337
1410919702520422400
1410920810340970497
1410922100987072516
1410924233253818369
1410927194554069000
1410938927444205569
1410939160140025860
1410941645114118147
1410943822742233089
1410954115945885697
1410954499577946113
1410956706138312705
1410956879128236033
1410957031717048320
1410957418993905667
1410965929895206918
1410965985125834761
1410966034530672641
1410974126496313344
1410974499781201923
1410975190977159168
1410975695052828674
1410976117591207936
1410976676146679816
1410987771229990915
1410995064973586435
1410995733142982656
1410997863828520963
1410999514136158210
1411002594953027585
1411003287181033474
1411003313428992000
1411003323734319108
1411003332185903106
1411011076951584769
1411151103165485056
1411151307017101317
1411151629336813569
1411152394935668737
1411170620826521605
1411170745107898371
