1893110962045308930
1893135140400046222
1893147452368396616
1893182337334038742
1893190664114053267
1893192405374902312
1893193818263912522
1893193853101887855
1893196342870093957
1893197057294209048
1893197454213853328
1893197619888873596
1893201407664365939
1893202699031613738
1893203681509810289
1893205619332599977
1893205790778970128
1893205888053191127
1893205936388403498
1893206040641945674
1893207330235281811
1893207979710898319
1893208937043730436
1893211468663005458
1893212686738989122
1893223447410438552
1893224427560575330
1893227157540704435
1893252118380695911
1893252864698450248
1893255555029864751
1893255564378902763
1893255572201308339
1893256650502386155
1893256656592523762
1893256662514892964
1893257551866634333
1893258696496439470
1893259053486268584
1893259285712220206
1893265924469211577
1893266726600782162
1893267234535153927
1893268247236989273
1893269843207504211
1893271204011639255
1893272398578798749
1893272801982681395
1893273169261170893
1893273362165588104
1893273455052607857
1893273474153505274
1893273927218045284
1893274388172009544
1893274397277909496
1893275271953789145
1893275446650806682
1893277728847073484
1893281639066742902
1893283376074989830
1893283799271977274
1893284800103931920
1893284834887315459
1893284846195167258
1893285264149057597
1893285620421926944
1893287469627711567
1893289583745605664
1893289924796862905
1893290014995370124
1893292657050611869
1893300324309336360
1893300519331930279
1893300726811500987
1893300917832724550
1893301653320720659
1893302256956547265
1893302611912131008
1893304708736880737
1893305316986520051
1893313570613719548
1893314756960026783
1893324148002456002
1893324739910709337
1893325295815397465
1893330228719878341
1893332196762529923
1893332202772930790
1893333067143491924
1893333777566298460
1893337313822023776
1893344749983052046
1893345150358671426
1893353441159704590
1893355465955795026
1893356816098017359
1893525859455148489
1893530511693500564
1893545131292455376
1893549562796666930
1893550808215515522
1893551154228838707
1893561390956224832
1893568755348750603
1893572036330446851
1893575899951649002
1893578402054959547
1893578475224883212
1893581509258346505
1893583863529513048
1893583900758479060
1893584668148040012
1893585713523826890
1893586855758631128
1893612138159063230
1893628541859717398
1893631785319161868
1893635471177355427
1893636686346698821
1893636689442025899
1893637510452093298
1893644738345202012
1893648739769647537
1893649028077998152
1893649490386841904
1893659546763096251
1893668693109797066
1893675526616662414
1893686768278401377
1893687011631943817
1893702520943296575
1893714508108947729
1893717518486815116
1893728058227527855
1893838651907268681
1893838735239778749
1893850838788944069
1893881036284850598
1893899118394658857
1893899987555131841
1893901098185891905
1893902748308926739
1893906656557498400
1893908213365395791
1893909394884059206
1893911138611409023
1893913547660288148
1893914573209514050
1893920547135750345
1893922328595038461
1893927964359741628
1893928976751460400
1893929085023187076
1893930378085228845
1893930496964366525
1893933615383200153
1893937414374326499
1893938369270297066
1893940005439177185
1893940388362121378
1893940418397499694
1893940432800747784
1893940926357127577
1893940945642574096
1893941675023818999
1893942490438176949
1893942616406044806
1893944150036210088
1893944185855651912
1893944243770519830
1893944623074255052
1893944812027400244
1893945449478013299
1893946805588513217
1893947237199130944
1893947284171198932
1893947722828235145
1893951514265452686
1893953118959731088
1893953124131622965
1893957969290596527
1893958126874907135
1893962870871715955
1893964265557753879
1893965389802991737
1893966786623574482
1893967019810128353
1893967138093724069
1893967890136592423
1893968338037912063
1893969718152962323
1893970733132374289
1893971315385590122
1893971319458337164
1893971969910907062
1893981097974792347
1893983428304916757
1893983873345736824
1893984933368258801
1893984992356630613
