1397977633623707650
139800652598611968
1398102396002181122
1398102604178096131
1398105123889418246
1398105125583921160
1398105635560968195
1398111155814506497
1398122523816992768
1398124710899060740
1398131537955098627
1398132559221989389
1398133002928943104
1398133963294593028
1398162830646382594
1398167623716663302
1398175199091064833
1398175245404573700
1398176727302512641
1398203276890304519
1398211874022326275
1398214497756581892
1398215659071234052
1398215680835473412
1398216460200120323
1398220912621604867
1398222188470177793
1398222438136094720
1398225645591695367
1398225666399621122
1398226416215330817
1398230521671348231
1398230716035461125
1398235039301738497
1398237574787862530
1398239087996280839
1398241914449645571
1398242808121630726
1398255565973856262
1398255800557006855
1398257216885444608
1398266577250787331
1398268737468260354
1398284513017434113
1398287784884899844
1398295051730518016
1398295198040399872
1398298436001177604
1398298547183706114
1398300615311204354
1398303193059139593
1398303298629763080
1398308125728407553
1398315684107472898
1398316237197778945
1398317032718749696
1398318342209904645
1398326686119198720
1398327365038592002
1398328740954861570
1398331138620284933
1398332408710066178
1398339324584763396
1398498163544051712
1398504958585016321
1398505570236129281
1398505635369476097
1398528748316610567
1398530879207579648
1398531056861474820
1398531196976459776
1398532630644097027
1398541032640237569
1398542704225624068
1398547889001951233
1398551650978045953
1398559348318629892
1398559964851957761
1398560207668604930
1398561023980761090
1398561603134447619
1398561645295665155
1398577250199429120
1398578406237741063
1398578903187214338
1398589268067459077
1398591781399240704
1398592253040365570
1398595554519572483
1398596288761847809
1398596305618800640
1398598928182824961
1398610130933927939
1398611458624135168
1398611768541257728
1398611816465387527
1398611969997819913
1398617274320265221
1398618959872618503
1398618994895032320
1398625667756040194
1398625671216205827
1398628643539091461
1398630416639164417
1398631126982406146
1398631456646131713
1398653734276636673
1398654010316398592
1398654846148874249
1398658821036285952
1398665549337399302
1398666711394525185
1398675195515179020
1398678773222961155
1398684281338089473
1398695526023843841
1398821175732572161
1398831516692615171
1398833285581606912
1398851914272436230
1398858476286144515
1398859240005988354
1398859336470843396
1398882377728806913
1398891606426615812
1398892052230721542
1398893483385970691
1398893577522933762
1398893628257308672
1398917978641485827
1398929691625476096
1398936744897093635
1398936778610933766
1398940380058374144
1398952934482710531
1398954382062878720
1398954502720421894
1398954869482876932
1398954957391368192
1398956241188048896
1398956336025509888
1398959126516961283
1398969615506542593
1398969617578565633
1398972160467603459
1398972275907461129
1398986619370102787
1398990766903418887
1398991925454131200
1398992149861961729
1398999273631457284
1399007234667909124
1399007784411144195
1399052303928156160
1399060400998543361
1399181119346528258
1399236344820375553
1399247911926464513
1399247936513474564
1399248669828739073
1399249254015635462
1399251795956826114
1399259686973493260
1399268835602046979
1399269942587846665
1399276615285100545
1399283960593539076
1399290825725550592
1399297432333152257
1399309577313677322
1399311708540129280
1399313227519909894
1399324850217385994
1399334043825577988
1399335251206307841
1399337945736175618
1399341364114911235
1399342686063108106
1399361196898152451
1399362825559056389
1399364067836321795
1399367705782747137
1399370224743325703
1399370469615149056
1399387727225753605
1399387730535018497
1399391635222405121
1399391716201811969
1399399272605315074
1399399637073625089
1399402725004103683
1399405230215753728
1399405888578850818
1399406164983521281
1399406326376124418
1399407058001137664
1399408009529335810
1399411189231218689
1399571775877304321
1399586441886244866
