1937502890047996379
1937503196399972554
1937503765441184105
1937504154005700782
1937504846145581291
1937507763128795642
1937514081843650787
1937514926777729369
1937525868580290861
1937529601141489872
1937529606325870740
1937543176329527708
1937565416471273851
1937571735832003071
1937571832410124410
1937572933641339028
1937578177175461955
1937709174709682253
1937710865366810633
1937726966813327769
1937729955129151527
1937729968756367609
1937736304906875084
1937739711117951104
1937742629321736691
1937743109414354964
1937751412244381899
1937756702255755549
1937758580876411175
1937759346034671896
1937759891529077073
1937760418912452765
1937763335447150852
1937768730211287561
1937779863727014005
1937781500403167691
1937787509045625093
1937788123863494977
1937788756586824172
1937790514218357179
1937794672799461673
1937805224065790261
1937809963487035551
1937811543133225286
1937817114485940508
1937817718230802868
1937819017026392557
1937819517352378390
1937819598490857500
1937819626953421243
1937819670381314472
1937820212877041969
1937822501930983789
1937822843225686427
1937823005994090975
1937823721731051583
1937824983750775013
1937825280212504948
1937825287028322403
1937826850916454787
1937827474131562765
1937832421270905299
1937832495766208983
1937832819612614807
1937837574586007814
1937838046441062753
1937839235668889613
1937839458348376410
1937841483673133176
1937846788884721831
1937847170293547286
1937859801188626627
1937860987321037096
1937861125552722238
1937861705532334503
1937861709772808655
1937863178312188001
1937863706207269155
1937865005573042635
1937867041664585992
1937867046857109876
1937870750192660560
1937873356428374514
1937875073832198449
1937876364369224019
1937877735570829692
1937878570182791518
1937878602588242033
1937878959284216070
1937884138679235055
1937884145184879101
1937884151891509507
1937885430839644539
1937885679729733798
1937889643770290634
1937889779678589278
1937899994096214272
1937901934389993683
1937904037560496240
1937916050332680392
1937917363971871174
1937921540236185754
1937926661225517522
1937929722861916437
1937930106783297622
1937941369852727528
1937942240674148494
1937945338779996431
1937945434946998735
1937945527200714812
1937945583119187975
1937945612349280336
1938057730066956628
1938088582029447543
1938103018056016176
1938106740899496333
1938118426964468004
1938118472313283040
1938118702458642745
1938118754015342971
1938118815428022691
1938122783382282329
1938123599660921053
1938124263472468039
1938124805842346450
1938125309313945916
1938125825179857054
1938126478358810911
1938128624630288733
1938128930331902070
1938129253956010304
1938129545963704807
1938129745931067788
1938131937362862198
1938142714719264849
1938143186234601766
1938143781565698496
1938144357741208014
1938145501938938206
1938146051783069865
1938146688012632540
1938147084848312672
1938147090523152530
1938147095120367935
1938147361072804330
1938147438050873825
1938147740438917491
1938148690608460291
1938149396170084829
1938150291280695646
1938151916254720375
1938159770478973155
1938161708775952762
1938169434251665604
1938171039738946046
1938172167734366336
1938176803677605965
1938177496392040842
1938178370111410344
1938180745610334692
1938180802342490113
1938181233303031902
1938181770899558897
1938182271930167631
1938183289967415644
1938183772845052022
1938184418574913559
1938184455153455418
1938185527347544069
1938185530619134398
1938185842021044437
1938186998348730480
1938187767781199909
1938188706051150045
1938189031340446034
1938189453203554617
1938189870415155482
1938190315808297326
1938190801957474686
1938191703326019914
1938192767504814390
1938193455026765899
1938194025800224976
1938194598675026393
1938195644545699850
1938196333195891126
1938197610806055192
1938198412752785779
1938199294152212672
1938199298598162712
1938199346614571112
1938200647507272101
1938205515919855668
1938206336476725478
1938206761137410376
1938207019628171335
1938209550152479049
1938210646203810058
1938211012643373409
1938212689068888192
