1432577391390445568
1432578320458158080
1432594710145601539
1432606834376937477
1432611068325494784
1432612212284084227
1432613021898055683
1432613288492167169
1432614781601521667
1432615462198661127
1432616145287139331
1432617551679287299
1432617598395420673
1432617658554327041
1432629774514458627
1432633002836705283
1432633261801410561
1432633290758844416
1432636664245940230
1432644996478369795
1432645316809871366
1432649803654070273
1432652608687120384
1432663319903539204
1432681062413443075
1432689225569243141
1432693019841499148
1432698796849307648
1432708383468048399
1432711269849735178
1432712121608019973
1432713378041147405
1432714508158504962
1432725651983765505
1432725864626724864
1432734842400043008
1432735260219883521
1432735721509449729
1432742774986526726
1432746993810427904
1432750142826815491
1432753379218903047
1432753578746155009
1432753694324396038
1432753725492187136
1432753923861868545
1432753988949012481
1432754202111930368
1432756054480199680
1432762703626399745
1432892187474157569
1432893807515762688
1432896032312999936
1432897868080189440
1432908492491264002
1432909889244860418
1432911465279725583
1432912740536832000
1432924065329606663
1432926922774745091
1432936606470590464
1432942094667051015
1432946045617512450
1432947765122781184
1432949131165585413
1432951808956121088
1432951817722232838
1432952128100651011
1432952294853648387
1432952810966900742
1432954322564747267
1432955028302491654
1432957920208031747
1432958179948699654
1432961514374197248
1432961909091803138
1432964397626892289
1432965253495619587
1432966270408740874
1432966475212484613
1432967750901665795
1432968458073825290
1432968975869116416
1432978340181250049
1432979143151423489
1432981505324683269
1432984178086187011
1432990686526148610
1432990776200339458
1432990802205024259
1432996030212030467
1432996035832401924
1433000035210330114
1433002401783373824
1433005535092043779
1433006409717669892
1433012466200367105
1433014730063450124
1433015791952150532
1433016595387805709
1433024815707811847
1433024893319204873
1433024945529884677
1433026694592360449
1433037794624999434
1433039222823219207
1433051758440292353
1433051765469892611
1433053421515411457
1433053524967841797
1433055163338530816
1433055328774483969
1433056400939241483
1433057420784242696
1433057805489950722
1433065444408053764
1433067270478073867
1433068700236587009
1433080170034839559
1433080598722011141
1433083124338987013
1433087534850928641
1433090039194349571
1433092142306508805
1433094540441706496
1433094568170246153
1433101732460908544
1433101845971423239
1433102406359785472
1433103017050398721
1433114044601286657
1433124330548850694
1433127708305723393
1433127841986613253
1433136149531295753
1433243310768992260
1433243471523971072
1433243815708667909
1433243863351762945
1433244194089353216
1433245001669087234
1433257517530894336
1433257986638635009
1433260379040149510
1433295901745836032
1433295924135022592
1433296201793695745
1433298205689593857
1433298964267220996
1433299322301411331
1433299734177845250
1433301883347603456
1433302320985436163
1433307638167588869
1433308535123636227
1433309482096881669
1433309753027952643
1433317216888360963
1433317799766548485
1433327420572987402
1433327854603812865
1433328303687933965
1433330718986309633
1433331623282442241
1433334013209448450
1433345601140264960
1433353141970358274
1433355609722658816
1433356387757686789
1433359920804466691
1433360474708402181
1433360869417623555
1433364700633333763
1433374871166222346
1433377882760368132
1433388094670065673
1433392104680529927
1433394766918533131
1433396223478665224
1433396249844088843
1433403108961357828
1433405986631405573
1433414425885560832
1433420406778564610
1433420814246760451
1433424870893756418
1433426919169527810
1433439186565025793
1433444714724806659
1433444956962652166
1433445291764563968
1433445607947915272
1433446003382784001
1433450437265354752
1433452541438615556
1433460466282491909
1433460686273740801
1433460935948046337
1433461195688714242
1433461479265558529
