1831566726414352816
1831566824628220351
1831568111436525805
1831568773901644148
1831571147504157067
1831572019521200562
1831572437827293631
1831577241605538206
1831578553386930621
1831580723658330218
1831580856336740461
1831582186442780925
1831582190200877343
1831583424924320108
1831583455240712705
1831584514784825574
1831585278177505528
1831585669086638552
1831586868460450155
1831587269259751564
1831587635607040028
1831588170993152390
1831589613464588716
1831589618611057019
1831595251582333039
1831596223272509834
1831596855613899028
1831596962719920275
1831601313328644522
1831604203912872409
1831608242541391978
1831619544324174192
1831620413664981241
1831621988390949077
1831627028455673949
1831627032608043408
1831660100509184462
1831660812475548091
1831662539572441469
1831663357277172004
1831664015539568712
1831667474166902907
1831671008035533242
1831672199935127584
1831674072813453597
1831675644553339014
1831676341516746802
1831676899463942170
1831678093200621713
1831683165704089720
1831683170066165800
1831684383293514035
1831684473093857376
1831684592580833625
1831684623778132367
1831684680627696050
1831684765327446448
1831684918100763125
1831684959905390876
1831685112288653597
1831694705207472319
1831695498966692102
1831696018746102072
1831698530513330594
1831702834447892717
1831705533406912564
1831731436732203094
1831733659550020054
1831831262639915324
1831896161046949944
1831897614494597237
1831903075969462324
1831907034016719195
1831911953754943623
1831912045169770511
1831912873003741507
1831913249761325542
1831914940346855622
1831921576369115356
1831922255804473599
1831925530473775561
1831927051345117614
1831927171147067451
1831927775940452664
1831927899877994558
1831929156948652240
1831929535144849925
1831930610757341614
1831930638078812663
1831930698099466274
1831931059531084071
1831931193836892194
1831931273629331520
1831931434115989797
1831932187522052481
1831932402048074053
1831932672324858052
1831933970189295797
1831934164490449376
1831934806562894274
1831935046552556008
1831935288148644166
1831935551362232781
1831935850017648997
1831936155727884375
1831936328214487534
1831937103070163457
1831942888059761126
1831943353354875050
1831943828947058944
1831944909387141137
1831944914755842105
1831954328145514531
1831957194960449695
1831957538117472268
1831958556805099610
1831962762077204494
1831963088524066956
1831963759772102712
1831965184220655851
1831965913815609590
1831967109565575442
1831970706109960582
1831972328420569309
1831977508885147913
1831986513820934599
1831986668888379830
1831987070166040608
1831989096450847070
1831990213712785651
1832008250923139412
1832016651984028088
1832037816135758156
1832039126058582278
1832041680884711759
1832045912501162416
1832047173585768559
1832047871094374484
1832048158072779152
1832048199982354898
1832048242218942591
1832048254940258652
1832048342299263320
1832048391196430411
1832048418966892547
1832054769310921213
1832057779277967744
1832073586409890038
1832076802891685983
1832154716140400829
1832154795748000234
1832172065308471360
1832172896036294991
1832211416301949177
1832213108531560696
1832228205702291844
1832230121098420415
1832230135434494164
1832242363910991938
1832242406202175614
1832242422929301921
1832242486179196930
1832260001932378164
1832275101896896670
1832279619250037009
1832279653349724323
1832285232290292071
1832285284551254164
1832286136410255717
1832286643312820603
1832287151632888196
1832287510330044744
1832290198937297342
1832290450490978676
1832290507067945229
1832290601926062299
1832293430786924817
1832293894517879299
1832295423111000306
1832296859592991229
1832297212799545547
1832301902970724555
1832305292861636915
1832306241735160225
1832307491478098186
1832307753328447520
1832308138567217238
1832308589479764328
1832319055673335917
1832321341170839971
1832332173892055375
1832339224307044646
1832351722116936088
1832352297743187984
1832354297352523930
1832358875196236280
1832360972721516826
1832362364672344129
1832363009571762382
1832384401285771683
