1998995142867575037
1998995479238189097
1998996238344339752
1998997340804493536
1999003809574719584
1999004040919920987
1999006395585397082
1999008560873918807
1999010310003573035
1999010428031225998
1999011306574327901
1999015095310180667
1999017272862716063
1999019051297943653
1999019894604775860
1999021817105973371
1999022908069622264
1999025455194923426
1999025459481424117
1999029666959732964
1999030049383788646
1999030444201775590
1999032584282817018
1999032805146374554
1999033727989723192
1999035492063654195
1999039530788438468
1999041780411683107
1999051314870043118
1999056965310537788
1999060686555734305
1999062224577687969
1999065428380041598
1999066268775936391
1999068359732998448
1999069944047358071
1999073768413794438
1999074193657520238
1999075599298822354
1999079995676008743
1999083084822769671
1999085009781891171
1999091404329693512
1999092264417771847
1999093613603783061
1999096198591021546
1999098730231030083
1999101122410361226
1999103253481693330
1999109307091357947
1999111763212796150
1999118791599644952
1999118873950589432
1999119087637877196
1999157444149494121
1999158077321539710
1999163141754872090
1999164086131757239
1999170246306070724
1999179608596578354
1999275508110893268
1999290606200447074
1999305706433052738
1999310212902338706
1999311261717397740
1999314808597020695
1999315161988128866
1999320806518821143
1999325543070859639
1999326619559981419
1999326685339222298
1999329526703137210
1999337203663777923
1999347760525639780
1999348979692372247
1999356440482656653
1999357519773466836
1999357638761676819
1999359188041076999
1999359443788796186
1999363631860092994
1999364441478169017
1999365364577374561
1999365815087632605
1999367360369905818
1999368312065786083
1999375212165627974
1999379029020098595
1999379476699050081
1999379882271474083
1999380304944111798
1999380687036760298
1999380691730202887
1999381075232244192
1999381386999054443
1999381855385080276
1999382013531553900
1999382363080654939
1999382742803579215
1999383206743933323
1999384468260553207
1999387551195627640
1999396580441649389
1999396821622489209
1999396895920390299
1999396998315995508
1999405254920810786
1999406646343401500
1999407720714371108
1999408000612860007
1999408094271668498
1999408265923559641
1999408536770736164
1999421375837274594
1999424782253854736
1999425920051151168
1999427324471857466
1999429937254801809
1999430547945455707
1999431322402717883
1999437728036061317
1999445415218045328
1999446663090569367
1999447293532254278
1999448055045849497
1999450806031122438
1999452078998278614
1999452084048134599
1999453081143246906
1999457227690975555
1999458012642312471
1999459036547416465
1999470141353198028
1999470823862862331
1999473224741187786
1999473227777868165
1999476608311451711
1999476690893045899
1999476694302986680
1999476696182063232
1999477544597528593
1999478353452237238
1999478357118087398
1999479021747245210
1999480358174408765
1999480922278887663
1999481160905425155
1999481701911949437
1999483567764803999
1999483572735160799
1999498973984567318
1999499373508722864
1999499416991117638
1999499619580149903
1999500229272568175
1999500609389486141
1999500703585157524
1999503033458413823
1999505210289586684
1999506668196110821
1999508399550333431
1999508428633595973
1999508451634851891
1999513009102946367
1999513061414068255
1999513333288878182
1999513392881586420
1999513419775369493
1999513457402565003
1999516632994005127
1999517377164108229
1999518803072634978
1999522747764867439
1999523546419331389
1999530541087850660
1999530718834401561
1999532189382214105
1999532395641364505
1999533262452949337
1999533541428719650
1999533805560881210
1999534288140911060
1999534617846571286
1999534938832396738
1999535472700457282
1999535668079231281
1999535673917997226
1999536053544222784
1999536067318301092
1999536275960004795
1999536333237436747
1999536372751663214
1999536503836287435
1999536509435715938
1999536831319494908
1999536860327010615
1999548304305041427
1999548352577568983
1999548420445360191
1999548593846341756
