1840673181750718947
1840674006547988960
1840674793462591966
1840675548613542312
1840677250427240576
1840689440097726752
1840699019783467434
1840700619172327855
1840703518950162554
1840714268368581103
1840715300339372413
1840715302906318966
1840716016290271635
1840718005308997937
1840724794418794549
1840725140654465532
1840727051244118020
1840732710064525802
1840734069375574455
1840734111318856076
1840737199609795061
1840737473905004886
1840737592788267238
1840741295444091258
1840743307346858137
1840744628531634186
1840747160029049233
1840747174847479842
1840748554777698353
1840748804963807581
1840749205767233543
1840749986067407329
1840759752151781791
1840759944045375511
1840764375457571146
1840768622022586773
1840768862838751621
1840768867725193366
1840769852275097622
1840770164826279961
1840770661373141340
1840770809813708860
1840771241944424476
1840771787363406127
1840771931085455423
1840772309520687216
1840772827965947953
1840773200000819371
1840773570307461178
1840774682397884757
1840774796935860604
1840775896938275015
1840776865797300234
1840777827828035761
1840778898432500092
1840779151604920622
1840779237202255933
1840779829907530144
1840780385195897260
1840781720280604919
1840781735417803069
1840781894088380811
1840784601264074804
1840785313754738980
1840788447696429204
1840788501266403602
1840788644493222397
1840793537891156266
1840799971446038577
1840804167893344608
1840804927079157996
1840810527385157837
1840813585741574453
1840816501932392593
1840817075901907155
1840821069332300076
1840822162481127931
1840928368080142371
1840935250597220763
1840937870103605677
1840941658948714847
1840964864262439396
1840970795390046342
1840980439080845801
1840980634090549631
1840981737280581676
1840984558667211195
1840985871098544473
1840989069930873018
1840989540305289445
1840990514587582902
1840991233402982647
1840991728855368179
1841001728730071044
1841004291621900532
1841008021893431580
1841011533733904579
1841011537680744870
1841012197171863605
1841013063073370354
1841015375120502964
1841015468154400943
1841017036828524806
1841017050631979266
1841017122073293298
1841017881712345401
1841021801755001126
1841023185833357331
1841023700545519985
1841023941495689443
1841024644180275251
1841024735192498397
1841025168766091631
1841025488552411634
1841026055639015501
1841027336768274883
1841029701088735612
1841033978859700443
1841034100939112515
1841035118829584788
1841035771308097577
1841037836344312256
1841048012509876291
1841048017786277968
1841053735683825688
1841057025091911688
1841060936293003663
1841066200089940108
1841067145410519220
1841070662980681928
1841078656342303008
1841080515316629812
1841088630007234941
1841091489113239955
1841092817797443793
1841093207083680179
1841100715680518443
1841101109253063016
1841104934919442519
1841107574524903717
1841120482180976811
1841127860968570992
1841128337608999281
1841130030362988643
1841130107043217578
1841130138882240761
1841130195589169171
1841130296063717426
1841130420286423267
1841133499828301935
1841148372754862082
1841157839618003113
1841179366665170945
1841190728132644920
1841290755798679627
1841319522533544152
1841325987843473593
1841334796381007915
1841347758093135978
1841348534643384724
1841349072604541165
1841349533319762050
1841350044315984120
1841351248756248794
1841351409461260704
1841351961591091547
1841352203812131062
1841352617252782159
1841352631199191251
1841352849625870734
1841353234109321412
1841354196085260484
1841354803785461924
1841355351532478495
1841356201516204251
1841357317389881545
1841358077909487832
1841358857999716713
1841364995264663803
1841373050685767691
1841373198400516504
1841375406089482414
1841382992335216879
1841384024767664177
1841384198332149827
1841385553318822375
1841387410640294358
1841387416323833964
1841394081810817128
1841395193641140560
1841395832232518101
1841406044418855002
1841410833362166122
1841413665393680668
1841425393930100980
1841445359886782823
1841473621509681503
1841488852869087739
1841502313305055465
1841520340683653471
