1543253585458528256
1543253636188635136
1543260001997041664
1543272829265002498
1543475795594600450
1543489249315618818
1543489544447995904
1543506066767355904
1543594534151798784
1543599302932844544
1543631046872248326
1543634156697006080
1543634374347788288
1543770365297430528
1543773077800370176
1543773575911739393
1543774526626234368
1543780921316638720
1543780953252048897
1543781069421682689
1543796631489085440
1543796719913435136
1543808161282654208
1543808264206688256
1543809173162688513
1543810920815947777
1543811118157942784
1543811162672082944
1543811255781441536
1543811879751286785
1543813909312077824
1543827465386496000
1543827944413736960
1543836635468828672
1543836667458781185
1543836786082074625
1543836798186827776
1543836831850332162
1543838335051112448
1543843765156081664
1543851873886621696
1543851889162219520
1543858081465249795
1543858386831233024
1543859129101742080
1543859457334972416
1543859735661015040
1543865737676083202
1543866183899787264
1543866193009729536
1543866212689465346
1543866248488189952
1543866323159351296
1543866349696729090
1543869958287142913
1543872881376915456
1543872896908505088
1543872976915144704
1543873183639408640
1543873372261560320
1543874795221417984
1543877512656490501
1543879445240352768
1543880814219636737
1543883917672849408
1543884190596595713
1543887924579577857
1543891801454804992
1543893147092078592
1543896243926994944
1543897431514832896
1543903770467127296
1543904303433146369
1543910670466695168
1543912956463050752
1543913004961796097
1543913348345262081
1543913752558731264
1543920777061617665
1543921358299877377
1543925145357922305
1543929024199950336
1543932621171806209
1543942810151563264
1543994589450686464
1543999078899777536
1544018356868591617
1544159350050017281
1544164118382272513
1544164182932590593
1544187439384002560
1544196232905535489
1544197625515192320
1544205690582867969
1544209415305592832
1544215569926594560
1544220604865597440
1544222757344677888
1544233629970497536
1544235717601083392
1544247733217038336
1544249035409596416
1544252813261213696
1544260367844458496
1544267360156020737
1544295227694821376
1544295325078208512
1544314632084590593
1544315464834338817
1544317106225029121
1544344382413094913
1544351500729991175
1544373509219971072
1544375632527626240
1544377308785434624
1544378647309479938
1544378752435531778
1544379103599403008
1544511801831727104
1544518488798396416
1544541091424153600
1544541542173462528
1544556419277799424
1544565889215111168
1544565892721569793
1544566810980528130
1544567227076481024
1544567854644703232
1544568028725014528
1544568205972484096
1544568209248251906
1544569287813189632
1544570013364862976
1544570589649969152
1544572073175322625
1544572368680456192
1544573083675021312
1544574693793210369
1544574697924608000
1544576304603078656
1544576308457648128
1544584908559228928
1544599287371542529
1544599360524062720
1544601147876737024
1544601186476576768
1544603798596792320
1544604460210536448
1544615333969170432
1544619859316998145
1544644691697709057
1544646495143882753
1544647010128887810
1544649704394604544
1544651150762205185
1544651301031923712
1544656272125206528
1544658423736049666
1544659965599977474
1544664804253908992
1544678090118668288
1544730228656074752
1544730964114698241
1544736069463134208
1544736767622135808
1544740808137785344
1544866025518223360
1544882136934584320
1544882911551180801
1544882934632435713
1544907529779417088
1544907646267899904
1544909011476422656
1544912978281017344
1544914209300836352
1544915796383567873
1544915812225495040
1544921668120084480
1544922351887794176
1544923887632551937
1544923891050905600
1544927197726916608
1544927905548869632
1544929078217560064
1544930283207634945
1544930286869557248
1544932701089587200
1544933220931604481
1544937272667095040
1544937968926064642
1544937972453490688
1544939001127501825
1544944320523804672
1544945179630530560
1544947314736779264
1544947949217660931
1544951625223000066
1544970629106974721
1545037178841231360
1545049165301817348
