1870055694512337357
1870056066547069287
1870056143554523366
1870056193449963719
1870059606472569060
1870059713523790101
1870060836666126579
1870061241739411650
1870061313717903578
1870061333565276246
1870061644744929714
1870061680975335541
1870061713770590490
1870061927394857410
1870065476656869435
1870065569229418666
1870066893660557600
1870067033813205472
1870069706352435702
1870070809303417044
1870072460248289310
1870073504533520677
1870075077682966712
1870075361293488384
1870077022996668647
1870080286584910084
1870081466639757495
1870082616831160768
1870083458493755797
1870084135496401134
1870084622757040260
1870084809944641584
1870084894967390219
1870086241984917791
1870089202366591085
1870091667459768522
1870092211477700898
1870095274464719228
1870098193217925549
1870098286843232688
1870098367860355562
1870101553723650267
1870101848339952079
1870104417288269846
1870109655479005469
1870118952371925241
1870119334812758533
1870120059139699176
1870120883093991661
1870121902364340255
1870136238008873162
1870137162899042364
1870139085177925703
1870153917784568005
1870155426979016916
1870155902780878870
1870156131160793302
1870157192462250272
1870166123393757199
1870315927704936752
1870318951416447456
1870322849908687022
1870326636190769479
1870330947012616523
1870339364955501004
1870342517834850459
1870343868136484963
1870348836079808537
1870356215550894164
1870357455789781272
1870361019337593162
1870364636601823401
1870366353686962469
1870371682978000922
1870371706503913607
1870377467619533201
1870377515002614012
1870377836194009513
1870379573646643596
1870379623357563239
1870383248616116309
1870391113296793851
1870392602803265568
1870403968750309660
1870407351326617753
1870410229894311955
1870411966931681362
1870415441581244845
1870417699555381478
1870424148595613861
1870426446466076936
1870431278685986936
1870449585757528548
1870457564837900632
1870459790012678179
1870462931952894164
1870463090162282971
1870470211213914169
1870474131365654626
1870476345307758955
1870477436661764527
1870477667755339968
1870495838633677099
1870498718627377296
1870504348737798323
1870513965853491412
1870515743793775094
1870519936214614499
1870693679561896003
1870695775690473867
1870704546420523170
1870705417497825717
1870716761789907391
1870717904163045532
1870724374292226558
1870728103791899123
1870728338417057797
1870728488250183927
1870728504733831331
1870728630734913898
1870729952322040259
1870731183925219367
1870732201748296108
1870732585753882855
1870739569643344273
1870745898915123486
1870753547085873322
1870754027153277041
1870754044794564955
1870754065342460102
1870755566223778086
1870840563257483680
1870852439420940779
1870853903870464193
1870875648786386945
1870879780549365767
1870893022361337892
1870893117051982331
1871050778330509784
1871051151501840749
1871051328128245958
1871052013615849752
1871058408356675757
1871059754275266890
1871060106697429196
1871060928088899603
1871076803428925679
1871082701794824588
1871087998735175716
1871090708481978710
1871091980476047571
1871092812642668857
1871094220343459940
1871096487020769676
1871098018591863271
1871098022643564797
1871099350556057780
1871099354850963614
1871100055656305055
1871100270060703909
1871102055017812264
1871103317054529845
1871104476515541296
1871105125969711519
1871108017619620011
1871108407824208152
1871108701794287831
1871108756756738545
1871109106301591630
1871110151215919119
1871110481945260351
1871111278883651727
1871111362929455497
1871113348940775680
1871113409208705442
1871115645821333764
1871117495220019490
1871119093488927042
1871122134044647874
1871131276188828137
1871137423734001973
1871140852422291904
1871141824452313323
1871142354264154442
1871143900980850844
1871146680831357076
1871148046383468550
1871148683842195744
1871149128664977909
1871150121255305420
1871152595928219766
1871153820203638799
1871154622951571931
1871154926799524320
1871155037571010902
1871157988641427831
1871163233442443658
1871170092593222107
1871170733881356697
1871174154877374501
