1808052769389175048
1808053175880241556
1808053480613204208
1808053691376615707
1808053904984399958
1808054185776353646
1808054454085906931
1808054746969956704
1808055004059914373
1808055276786143254
1808055761718894864
1808056288527765869
1808056636319453449
1808056907116208426
1808057147936366917
1808058521210298368
1808058754635858363
1808059001503944941
1808059344111784004
1808059625008517171
1808060256955539767
1808060642102026675
1808061530946392437
1808062309665067138
1808075438687707265
1808076225107448076
1808076669867249814
1808077042677875103
1808079105952473594
1808079921857847613
1808086374702370938
1808086517048566209
1808087787876270477
1808095050267873340
1808095905842966801
1808100082253762736
1808106837155500102
1808107261828780348
1808107438119203130
1808107582550106143
1808107607342600566
1808109005027365281
1808111959981646091
1808112977867911221
1808131093369086099
1808131098796519846
1808131449767485773
1808143725962670144
1808145969986654342
1808151662688981396
1808157649088950734
1808161383705633226
1808163211784737195
1808169908053672174
1808191175150784757
1808297102138630529
1808309300252549360
1808309316128018653
1808310448036380729
1808315886169731526
1808320051344277570
1808359078009131151
1808362990191935752
1808364154178490595
1808364957576450491
1808368148544213181
1808370044897816657
1808372889508630825
1808373850809553176
1808374957753487422
1808377303338307923
1808377307117363292
1808378134875476189
1808379279971062109
1808379332156613108
1808379369834045465
1808387698345771482
1808390826768453825
1808392042176987225
1808399638879191451
1808400027338879377
1808400084721455336
1808400140665082185
1808400155617772008
1808400172801839570
1808400191764287877
1808403452323614841
1808403607668093011
1808404855343796314
1808405502923362694
1808405577380569217
1808405751401988276
1808405764463382862
1808405785673977954
1808406023843307772
1808406044911046877
1808407276602155188
1808408304378695689
1808409061148459478
1808409409548439980
1808409779691499608
1808410084558676009
1808410698164142344
1808411610572378123
1808411908648886700
1808412264627949872
1808412599249523103
1808412874672628093
1808413077370819052
1808413517240062148
1808413870865731754
1808414303802032602
1808414644853432669
1808414920498991185
1808415143291932730
1808415609870602291
1808417899541156200
1808426440351732032
1808427503264108752
1808432548122411433
1808433572732137840
1808433804316467581
1808438717050445836
1808438751468925003
1808438780019593292
1808439505298604076
1808440269530100129
1808442398667891006
1808444321961824731
1808445683046736054
1808449388462608504
1808451116407160881
1808452199892291978
1808454420247478288
1808467023904616661
1808477255636570483
1808482071536693720
1808483699257901233
1808486046398562375
1808492168946003973
1808495307740602377
1808508746332823862
1808512512629121531
1808520958447370716
1808523594328072310
1808525449976217978
1808526687820460493
1808540954959434223
1808542365742944481
1808543140720320933
1808546619002081542
1808556304346329581
1808689688213139771
1808726088107110734
1808732490280153583
1808741755929694366
1808746117708066995
1808753248075203014
1808756852261539879
1808757197377319101
1808758269441421561
1808761831789383773
1808762467717369981
1808763935044350022
1808763938378862610
1808764269837910098
1808765014008025096
1808766425097720261
1808768203126157746
1808769014610735187
1808769587963654294
1808770335015383247
1808770754999431437
1808771077218447600
1808771376654004491
1808771925109583903
1808772309135864197
1808773017201488144
1808773502738256095
1808774166730183149
1808774851173515724
1808775165867696331
1808775423683408211
1808775694874194240
1808776002241507809
1808776350532260058
1808776615771656455
1808778266989502769
1808786899026522124
1808786909008670872
1808788585601970444
1808788614173618237
1808788648353059103
1808791538098426255
1808793693865824715
1808794627962777918
1808806105025311156
1808806586682409402
1808815853489549364
1808816611836481734
