1370741749002342408
1370741757667778563
1370741770686922752
1370741822738157573
1370753331165995008
1370768219905097728
1370768256936472580
1370776008396181512
1370776042571403265
1370782179643420672
1370782182004854786
1370799978654830592
1370799999613689856
1370800163703296001
1370800275104043011
1370902699881889792
1370934472355422208
1371007726357147654
1371007743725760516
1371009718504677381
1371042188214247424
1371046067890970627
1371048822617501696
1371049580293328897
1371049631321235457
1371057907685498880
1371058450030075907
1371063547661275137
1371063584071946241
1371115068381798402
1371125198091522053
1371125221076267009
1371163762275672064
1371163960351682563
1371170245566558210
137125866709843968
1371375063300067329
1371382852504285185
1371383554966388738
1371386215367274500
1371403301334306818
1371422624153137155
1371424762421858306
1371471218772045825
1371472488421490695
1371478970827374594
1371523287927418882
1371523455254884353
1371525099405205504
1371552233205207047
1371556816178515975
1371667483325730817
1371667505756835843
1371673651125178369
137168408549654528
137168438429876224
1371733629227823106
1371740301648228357
1371751796377489411
1371751884235493381
1371767168874868741
1371770491992612868
1371775551476690947
1371863011682439169
1371863014350090241
1371870299495432193
1371871319927582722
1371872673983176706
1371872676252323850
1371891554328055808
1371891556714573825
1371892182462857216
1371892612831924224
1371892920865857536
1371899941430292483
137212382337433600
1372141995829854210
1372148754208288774
1372166422642626560
1372171673793818629
1372190648971841541
1372196218726584322
1372206712967458820
1372208543512731648
1372217022122135562
1372231908373893122
1372234954403315713
1372245743533092864
1372256402039734273
1372266451248193536
1372266622061178881
1372267694750244865
1372370926654824453
1372457090984275974
1372459855894568960
1372465747838955523
1372471072205893640
1372472814037438468
1372474432011169796
1372474529612636160
1372481906462232577
1372491923257053184
1372492599106310149
1372502492043350017
1372527251875500036
1372527417957388289
1372590224748863492
1372595067488112641
1372599268234588163
1372605677525340161
1372607357465677825
1372635885137629184
1372788652720365569
1372795401254801409
1372807888318590976
1372817604490891264
1372829873111068674
1372829905486946307
1372829934675054592
1372830396241510408
1372838080474873857
1372847661338914816
1372857638950563841
1372858567259136005
1372879690059239429
1372887286333935616
1372893842828001280
1372899637212942345
1372899688169365506
1372900224084058112
1372901829059649547
1372906951374381064
1372908011673382916
1372908830523154433
1372922515606052865
1372926884619583488
1372929156728549379
1372931944393023488
1372934940946354183
1373106498583207940
1373212543007612933
1373215128473116676
1373237156617986050
1373281352045322240
1373295567351160833
1373295602906271749
1373295809026912257
1373302323842183174
1373302327499661312
1373315335923789830
1373315454559608832
1373315580434911236
1373467386930548740
1373467572230709248
1373505068389998593
1373518494516408326
1373545440218521602
1373545465719922689
1373566988782428160
1373568598426411012
1373595688643162112
1373598137890140161
1373644350832439296
1373680795022323712
1373680828119613441
1373799063158546433
1373799880003522560
1373799930272174082
1373800099709558785
1373804172290629634
1373900468779290626
1373913617867829249
1373932409188622338
1373936010971676673
1373937709480222722
1373948377092661252
1373992527401865224
1374018744318521353
1374033404589568000
1374040427876151299
1374047391901388804
1374255311096180738
1374266931922964482
1374285374520848386
1374287546142781444
1374301390412017666
1374302398831792128
1374309633444081670
1374331040731435011
1374345077217058816
1374360589938561026
1374373701756448782
1374374300879228936
1374381013745340418
1374391534586527744
1374399029023371274
1374422688672878597
1374527020248432643
1374527188880396303
1374545417329852419
