1999548825242075598
1999549080649994408
1999549159125197232
1999549547496759465
1999549604015010140
1999549630930141278
1999549680200437955
1999549704758350193
1999550657829716289
1999550770618978526
1999551905576698112
1999555308063195368
1999555503547175042
1999555834326438178
1999555880753463741
1999556113164034369
1999556374775365678
1999556553762812400
1999556659161522609
1999557110032486788
1999557129636593851
1999557308632752483
1999637894718263756
1999668096215236865
1999670817110835221
1999673417075961983
1999673759180222464
1999674329077023015
1999674605863367014
1999674669981663665
1999675155438825966
1999675361177796629
1999676832376066333
1999702742252814751
1999714384017518702
1999715087763050496
1999716023902306664
1999716690880585850
1999717977638470114
1999736319644434883
1999737367754891307
1999743157450449181
1999746124786323581
1999746959180202302
1999747721918579131
1999748426800726397
1999768951522509128
1999769086503608396
1999771824020975882
1999772174593225213
1999773084044476589
1999773287405277342
1999775413393068367
1999775456187572530
1999775664329863679
1999776711987331150
1999777950527553821
1999784725062578505
1999785818978959372
1999786342033797591
1999786421310443854
1999798913642189050
1999799013294706909
1999799056936399121
1999804242069225711
1999804844027330815
1999810292272840906
1999811055636353221
1999811408800989383
1999811630398660834
1999812137451966783
1999812269597974917
1999822302955913460
1999822375593099677
1999822444375531611
1999822495478685857
1999834277148872766
1999836366440628708
1999838082846401021
1999838118485409865
1999852982280827209
1999853104553197896
1999867692019535976
1999872254516265327
1999873472563143163
1999873476241555706
1999895883534766487
1999902400300408945
1999905824060428582
2000000283452096620
2000030607909544193
2000079357768003934
2000083562486509725
2000083768242208907
2000090532673094000
2000099813703234034
2000103388080717928
2000127217331019924
2000194007818007016
2000194814810186140
2000198704524079455
2000198897021669577
2000199119722172522
2000199209233088519
2000199257131974777
2000199461105188923
2000200806600196109
2000200895536197917
2000200939018637417
2000213852395560963
2000216105571504326
2000216948093890994
2000217157028704664
2000220635801546916
2000223516361368003
2000228435831251050
2000247998861943144
2000257031174082743
2000268095961882775
2000268166157717819
2000268183874441719
2000268629242433555
2000269089839940024
2000269103488229772
2000269377577648345
2000269806621389014
2000271417624166848
2000271933905182934
2000291133851844784
2000362922103722361
2000381292995821908
2000386842332737638
2000394631121604881
2000404310853865789
2000407969700433936
2000409657790308796
2000451091734102519
2000452907620344259
2000455134711566686
2000455889648787516
2000465745340444801
2000466332903751897
2000466972090536155
2000468259708321958
2000468843312058653
2000468935309951267
2000470035287208001
2000471588496670799
2000476122153390412
2000477499072086109
2000478514093674509
2000479635948392876
2000479699592712263
2000480037544571055
2000480492253036618
2000480677465395265
2000480707475546157
2000480712554938633
2000481193373106681
2000481463083614444
2000481824280355111
2000482486917500971
2000483028771221778
2000483291602862175
2000486006756389375
2000486681187897603
2000490517872926744
2000495159927337219
2000496844611465527
2000500069502783811
2000507674958630927
2000512742567084199
2000513208931774568
2000517503135441178
2000518078178701399
2000523281347092502
2000523873003958325
2000529477080887479
2000531141015863785
2000543282091438569
2000546444693135577
2000551975541518430
2000552682285940866
2000557272221835373
2000558965915353477
2000563135691083995
2000564093871116582
2000568977354055685
2000571133255623088
2000572545473601864
2000572550695489957
2000572553291780463
2000573289861931522
2000573294018453694
2000574090663669937
2000581704746975574
2000581721394381186
2000582896579748080
2000584136793473145
2000584287523868737
