1551461879478120448
1551461883945046016
1551462202699177985
1551462211683360768
1551464624029323264
1551492347669598208
1551493408551645185
1551494341884948482
1551496651180634112
1551499109319581696
1551545227659595778
1551555610683944962
1551756962056253440
1551771539561127936
1551800720021524480
1551825541606813697
1551830150018646016
1551830721710665728
1551830949872033793
1551830958843736065
1551831645556453381
1551832508177600513
1551832604454055937
1551833645702586368
1551833897247223810
1551848353981292544
1551849553892032512
1551877901791870976
1551883348720508930
1551887415283191808
1551892849049812992
1551918709291491330
1551926896274948097
1551929042026258435
1551929646257938432
1551934254598488064
1551957156756598785
1551969410126323712
1551994758658400256
1552001462460649472
1552108805978472449
1552109085646286849
1552110357761921025
1552117974991241216
1552134981304332288
1552142382472523776
1552145307148091393
1552147546104942592
1552149802959634432
1552149959361052672
1552150105318637568
1552150331345477632
1552152372700672002
1552152474920042496
1552152847248408577
1552157057188794369
1552158186756775937
1552161048954048514
1552162730895110144
1552163087486447617
1552163218239660032
1552171294640439296
1552171989908959232
1552172391916539904
1552174739111944194
1552175237503991809
1552175940339638273
1552176682227752961
1552176691094532101
1552178005862420481
1552179667377192960
1552181586296070144
1552183397757231104
1552185380715503616
1552185719606906880
1552193946519883776
1552194976296996864
1552202944124030976
1552207437507469312
1552207603367034880
1552207837673439232
1552208870311084034
1552214351615913984
1552214898125328385
1552217812520734721
1552224559780462592
1552225861281009664
1552232703940268032
1552238845739282432
1552243947225088000
1552252268044775424
1552252430204960768
1552255850898632704
1552255960239943681
1552260549211471872
1552262822721368065
1552262957836673024
1552263111474040834
1552265956616839168
1552276892354351106
1552276986667888640
1552277039142424578
1552277105009799168
1552277695437742080
1552277750899126273
1552278790205714432
1552281127225679872
1552284683081490432
1552292694722244608
1552292701806407681
1552295947203317761
1552297194597715968
1552303573169770496
1552319830724071424
1552321584165421056
1552324448971550720
1552343743415853056
1552347125282791424
1552363178251939840
1552363317196619776
1552363628116193280
1552467785183559680
1552468058371158016
1552468401486204928
1552483381510021120
1552503644297129984
1552504120443293697
1552504906782629890
1552506825077301248
1552510443738243073
1552512412938825728
1552516638108688384
1552518908640624641
1552520793925767168
1552521933811752960
1552522835763273728
1552522977191038976
1552526116203610112
1552530294409871360
1552531640723075072
1552532431454224384
1552535142467780608
1552538774806347776
1552539571258552320
1552539605605691392
1552540114777440258
1552541497429438464
1552546135159746561
1552546360830074881
1552549308494278657
1552556702314024966
1552559963519627264
1552560824824496128
1552564568953847808
1552578184423518208
1552585381564284929
1552595456404103168
1552615123470413825
1552659885539852288
1552674791093850112
1552676518979338240
1552685066421403648
1552688297012756481
1552691769086967808
1552695287562801152
1552696356120461318
1552706122465050624
1552713647448723459
1552738884932366337
1552739078981832704
1552881492967116800
1552881553465782273
1552883450352267265
1552892337462079488
1552892341459238912
1552895942604763136
1552896620970536960
1552898697658535936
1552903511884439552
1552904247335067648
1552907655814926336
1552907666262855680
1552908567526916096
1552912297739202560
1552912550513127424
1552914990096842752
1552921049322635264
1552922479609253888
1552927324576030721
1552931013654786048
1552948233382481920
1552948635801128961
1552970227205386246
1552978214330716162
1552983587167010818
1552986910762536960
1552990875843670017
1552991311636025344
1552994067759255552
1553020535860170752
