1282344633633103873
1282380182616068101
1282381845368209409
1282382986374033409
1282383465384538112
1282607580766851073
1282621307952132096
1282658280947367942
1282669938616877057
1282697485920550912
1282730216297689088
1282731021968961537
1282731081670639616
1282737373923565569
1282899865769373697
1282900430792519681
1282914607686811648
1282914741988388864
1282919934725505024
1282945110196404224
1283024469255127040
1283245209787088896
1283245870813609984
1283247271795027968
1283247276677201922
1283251411594014720
1283257485802057728
1283264835376091137
1283268183957348353
1283272483534241792
1283298311814803456
1283298322602528768
1283309333690806275
1283312454240370688
1283319000881979392
1283319003339874305
1283319014870016005
1283344641602080768
1283351520256258048
1283370752343977984
1283371330008576002
1283371341400375296
1283386121091784705
1283389808270815232
1283393596348157953
1283396595183230978
1283400559983304705
1283405272078266368
1283405293519425537
1283409907463512064
1283414435747569669
1283418320260100097
1283421087301279747
1283443620876414983
1283590358165622784
1283590828833693697
1283660657791885313
1283680889537355781
1283688807775100930
1283726574651445254
1283795476798726146
1283795479046782980
1283796486459756544
1283817458491461632
1283817468306182144
1283974508815110147
1283977648725561344
1284017169424998401
1284024891251888129
1284031237716185088
1284033984243081218
1284037177240948736
1284046594409553920
1284046595999166464
1284050454603653120
1284050487348609024
1284053126538907649
1284118634630004736
1284121474844880896
1284123902403178501
1284126971056857088
1284129914359349248
1284132429574397955
1284135107327131653
1284150719231057920
1284305575551983618
1284307237842726913
1284308661980893184
1284406573662527489
1284464345699586048
1284532262935998465
1284688724442247170
1284727319978840064
1284807056025739266
1284807482762616832
1284813517883707393
1284817058589372416
1284819722807042049
1284876392820170752
1284876595136610304
1284915757126578176
1284915759550828546
1284915768652513281
1285031942941900801
1285054253434732544
1285058192456613889
1285058277730992128
1285058581750902786
1285062227674849287
1285079963247316994
1285080354823405568
1285080634113703937
1285110694308806656
1285110786503802886
1285112025090101248
1285112638775549954
1285114655979888640
1285123041530392576
1285128001215180803
1285133212931559425
1285137051822829568
1285140355864764419
1285143392989528064
1285146667147091969
1285149205099474946
1285151253618585606
1285151311541895169
1285151337374613506
1285151423068377089
1285155217609121792
1285172269254275072
1285172306671632384
1285172326640701441
1285172384337588224
1285172414838484992
1285172438213341184
1285172508077854721
1285172563610484737
1285173909457788928
1285173963501387776
1285174016261517312
1285174366351708160
1285174430415515649
1285174467593789441
1285174925204963331
1285181509687640069
1285182657874161668
1285200057663229952
1285202303574630403
1285202336164372480
1285202359639871490
1285202380615639040
1285202410881708032
1285233311049068545
1285243753259646979
1285243773274882048
1285243802819555328
1285261415712870400
1285261441054896130
1285277471596613633
1285277488487165952
1285277505901871104
1285277538751623168
1285399957974011907
1285400112332591104
1285400140132433920
1285400354591408130
1285400549689405440
1285401199890456579
1285408684961525760
1285408971428294657
1285420831816871940
1285421471678885888
128543841866362880
1285438476326801408
1285438523164643329
1285458472520183810
1285458565822427137
1285475390450892800
1285491273822949376
1285503960669753346
1285514117848039424
1285566557888946178
1285759053524692993
1285759112081313792
1285759312896253952
1285759669500178432
1285771352272547840
1285775911443238912
1285776243837726720
1285814152192069634
1285861884994846721
1285866313609433090
1285884439717752832
1285904173964259328
1285905898477518849
1285910317134802944
1285911212803252224
1285911225482674176
1285911356231696384
