1949481823769366800
1949481878739918943
1949488373791629332
1949491685249179925
1949492663847170387
1949495599650529297
1949502207180857636
1949504650379772282
1949504821175693747
1949538430335221817
1949560408152436859
1949679420056170973
1949681434161299579
1949681716076974202
1949681819412308372
1949692714397683731
1949692779912626551
1949693415576252776
1949697567979458561
1949699175353864450
1949699490186715542
1949699826326614130
1949705161418387512
1949717649920872567
1949718892512772160
1949719534115455220
1949720708558233648
1949723994661494809
1949727606338990536
1949728391327822163
1949729204444278895
1949730372448891126
1949731155541926034
1949731239461556269
1949731848801681896
1949732397454365104
1949733430767276339
1949734520703598742
1949734931602575523
1949737181372915761
1949738547285533103
1949750340754280609
1949750605716525439
1949750963281011058
1949751351484833833
1949752529715388667
1949753232558784902
1949756273542447356
1949764150177259956
1949764156359352415
1949764653195870388
1949764678357598714
1949767242708611320
1949768531949519029
1949772430869979305
1949776482848403809
1949782541122331013
1949783425411682570
1949784074903494809
1949784453070602308
1949785143062720884
1949787853388661071
1949788593544634578
1949789473346117936
1949790349641339307
1949796376700744164
1949806626619232494
1949807265914970127
1949808761763439084
1949820032999096550
1949821098989899918
1949828486627201318
1949840509993635848
1949841750517858806
1949841754863059262
1949842700963897800
1949846056205775213
1949846748513382478
1949848953836683435
1949869568677306709
1949888813456904404
1949889493219365303
1950029799134540041
1950051729208213984
1950061165943325058
1950061753573810652
1950067044075880660
1950068590612197774
1950069344521658458
1950070482138436052
1950072339867054201
1950074834395840643
1950078611975000329
1950079135826743415
1950081035997200429
1950088853911457845
1950089718886011050
1950090014009770022
1950095070176129261
1950095075565859041
1950100400507412660
1950100459785437451
1950100806239220101
1950101971282633060
1950102654514057344
1950103964235841806
1950104980582498529
1950111948713889854
1950112174111887596
1950112525149687816
1950112773297291597
1950113126814286052
1950113182074147317
1950113509829730627
1950113611403161857
1950114201692774782
1950114970571854152
1950116233883324668
1950118346751406096
1950119921704214885
1950120919516557328
1950128671886369004
1950130301063041300
1950134300478742612
1950137123757314306
1950137677283492021
1950138932764500395
1950139189002915856
1950139672480354604
1950142540713202126
1950143946610389066
1950144349565521970
1950147914333815241
1950150690799571000
1950150880012980715
1950150922216042544
1950151131537031581
1950153032936595624
1950153541688959136
1950154864014544992
1950156458441720010
1950157754112393265
1950158296750358907
1950158802885451839
1950165738083299720
1950167105166594343
1950170860309938546
1950171859091071082
1950176003227082807
1950178982940594432
1950181458519195764
1950187258566390171
1950202150513954847
1950202922656006247
1950208169474662668
1950217481974665607
1950409571245416892
1950409769115677099
1950413790773989871
1950422145324240913
1950424168043778329
1950426712828973286
1950436945471180912
1950446173724213712
1950446196386124163
1950446200022585571
1950446243211055597
1950450262432502126
1950451926346453215
1950453232440123486
1950457251988459770
1950458395359895690
1950458400044650922
1950458992913695092
1950459463602934153
1950461737284800772
1950466762065260814
1950472447947624649
1950473179450736937
1950473836585243019
1950474550380040236
1950476703731765689
1950481370909954330
1950497264348307952
1950502381126578238
1950507179775082654
1950507611230761375
1950508454243979576
1950509462793437193
1950511149276877217
1950513366004555902
1950514438571958356
1950516192957141423
1950519385728352666
1950524100155416652
1950526149437571497
1950530220404171114
1950530239534424126
1950534046322442657
1950534304423100481
