1310963973097959426
1310973600229330945
1310973603224068096
1310992521120546817
1310992794949791745
1311127179283951616
1311141310087094272
1311156674300764161
1311157282927910913
1311157316125749248
1311160310322012161
1311160472347975685
1311163499779747841
1311163575449186306
1311166015829549056
1311166379035246592
1311166727024046080
1311179686278344704
1311184309076680704
1311184413871370241
1311191821729497089
1311191936791846914
1311192051816382465
1311199550342721537
1311202871615004673
1311205388130361344
1311209163054297088
1311211679724834816
1311237065330237441
1311243081136570373
1311243148874493952
1311248262695776257
1311251066353192960
1311266070771056642
1311267655551037441
1311271506320580610
1311275825325436929
1311283612348637184
1311284551256166400
1311294913099657217
1311321404252413953
1311321406672531457
1311324716913754113
1311347425060114433
1311351670954012672
1311351704651137024
1311352036802224129
1311363657712967681
1311517094190571520
1311517282602897408
1311530194113454080
1311545723377258497
1311560319701934080
1311579421401247745
1311579424928616448
1311584081482674176
1311588608130772993
1311619687566864384
1311619899295330304
1311629830870331392
1311630087121301505
1311630151168319490
1311657476694056960
1311672543934181377
1311672764365824003
1311702294367477762
1311702428526538753
1311702442174828545
1311723821620109313
1311723824119861248
1311836124935933952
1311836167915008001
1311841247250710529
1311844006528126977
1311854027127226368
1311854666548940802
1311858441338736645
1311858765654749185
1311859085193605121
1311859215112179712
1311859349145350144
1311859377578536960
1311859443630440448
1311859449590550529
1311859472499843081
1311859486601089024
1311859503239847936
1311859515642396672
1311859680390508544
1311873808278548482
1311878624476188672
1311881575785656321
1311888250022236162
1311898258885636097
1311901729462480897
1311917815331340288
1311931650029187073
1311931726768140288
1311935182232981504
1311938188345110528
1311940482277146624
1311942855644966917
1311946130612076545
1311974540071727106
1312030411925594115
1312050056183246848
1312050188131864578
1312062356487237633
1312077516681617409
1312086041650581504
1312092055506575360
1312092433782456320
1312209571465760768
1312218672526630912
1312218695972790272
1312219676768837633
1312220127698378752
1312220153195581441
1312220520071401472
1312224335403257856
1312224354755723264
1312225956338180096
1312226120641601536
1312240090006003712
1312244223853293569
1312245359146496000
1312252970344431621
1312267042511183874
1312267940209729537
1312285557163081729
1312296549511172096
1312314383964364801
1312316170553323521
1312316283925352448
1312408890068230144
1312416393174761479
1312420427579322368
1312448335513485312
1312448564799262720
1312574153896071168
1312575419263057920
1312575702420447232
1312575853205708802
1312576700702580736
1312576761830359040
1312585658901303298
1312587905303339008
1312595877890985984
1312600228982259712
1312624295198093313
1312624396859654144
1312649568182431744
1312649578752081920
1312673740354772992
1312754700421218310
1312760421556711425
1312773258563862529
1312779644584693760
1312781687093305345
1312784457699450880
1312786529169874946
1312786761089654784
1312803806908878848
1312808900429717504
1312809113160568833
1312809664686419968
1312810300844851200
1312950763564408832
1312951850014892032
1312951913629978624
1312952711000682496
1312953189260427265
1312954913475891200
1312955369707036674
1312970091886112768
1313005306260013056
1313014457577086976
1313018482376622081
1313021354099109888
1313023870719254529
1313026387603677185
1313031583587205120
1313034943862386689
1313047239351173121
1313049239547650048
1313075193657450497
1313075248330203139
1313075332992307201
1313075367259717634
1313075636701810691
1313085878357520384
1313102583876132864
1313111659162923008
1313112413932146688
1313112725346611207
1313128354195800064
1313129777507692551
1313130148137377792
1313137563243212807
1313298378780934146
