1438733964408025088
1438735555550871559
1438739704698994689
1438739727906082822
1438740254186356740
1438740263707443202
1438740276189622276
1438740326659682310
1438741483473960963
1438745293000900609
1438746029675843585
1438746080871534595
1438746774286450688
1438747724648644609
1438747968744525824
1438751983607828481
1438752016306618369
1438754847210098695
1438763127059869696
1438764120656863233
1438765701045489669
1438765708809101314
1438766663957028864
1438771763484119044
1438774429635411970
1438774838055690245
1438776981630251009
1438783082220249100
1438783727690137603
1438788998034427905
1438789592572784648
1438789634624929793
1438790593669304325
1438790676469084161
1438791218675142661
1438794398498582537
1438799950121357313
1438800888441671682
1438817342167785472
1438817737833205762
1438818481672114176
1438819674829901824
1438819948625731588
1438821479374733312
1438821527428890627
1438822166913376261
1438822380353114113
1438824895975067653
1438827538403315718
1438855904196136970
1438863346187456515
1438882411199168512
1438882743849345031
1438882766339252224
1438886264996990983
1438886813846802435
1438887884073811968
1438888344008548359
1438889156533391365
1438894728573898755
1438905328410632197
1439052742652137477
1439052813976236036
1439052942569467904
1439056473774964737
1439056616444157962
1439056796883193859
1439057068971872256
1439057307782901767
1439057657457901574
1439058078196899841
1439078025912455174
1439078279332315138
1439111603815739396
1439112139210256384
1439112173830086660
1439121966506528768
1439135576565764096
1439135629036584966
1439135650884636677
1439145404528873476
1439145630383804418
1439146294283411463
1439149357484314629
1439153362570678272
1439155955430658048
1439158866189512706
1439161031452872705
1439163122565074945
1439179629953110024
1439205029462695936
1439215777278615554
1439228879625875464
1439228984391135235
1439229064032649217
1439229212049637380
1439229557442158597
1439229769803988998
1439241690590552071
1439241978978332674
1439242033198030858
1439242052500213760
1439242993903431685
1439251848427302916
1439254257463480322
1439254445821345802
1439259255404523524
1439266994134474755
1439279179934023683
1439413751967485952
1439419397626470400
1439421679122333713
1439421745421717508
1439422923593314309
1439434128529657864
1439436406003171332
1439481700048785408
1439485055135408132
1439485524553523203
1439485551581696001
1439489975666446336
1439493629215592453
1439496326144675842
1439574491860914181
1439574596127125505
1439606103352889352
1439610109391343618
1439611811951640585
1439613329379450883
1439632175121330177
1439778239728144384
1439779122155163655
1439779446425198601
1439779469569318915
1439788620190130177
1439788678654562304
1439795838209777664
1439796656136867848
1439799715831353347
1439815010746658816
1439815514784624648
1439816787583852545
1439817840429731842
1439821529240334338
1439822666479796228
1439826603660382217
1439826627823685639
1439833688376680457
1439840593400635392
1439851049670512643
1439854242727034897
1439854246120148994
1439855753892798466
1439872150538645511
1439872536133525506
1439873979464839171
1439883754185519106
1439891676735045635
1439891701074567170
1439891787804393477
1439891849758478343
1439893359930142726
1439893793847738370
1439897146149376001
1439911827823943680
1439920714388103168
1439935619023572997
1439938878866001931
1439943183677333508
1439961364596854792
1439961472268787716
1439961544213745669
1439961669493354500
1439961731787157510
1439961851240980481
1439961871163944965
1439961916915392517
1439961980526227458
1439962051422535683
1439965273046405125
1439965313710190602
1439967294902325253
1439969157789872128
1439970452160409602
1439972907531132928
1439975523321405446
1439975746613628931
1439976138588049412
1439978305365504000
1439979249746661380
1439979412951207937
1439979897477206024
1439981519112523778
1439982177215651841
1439982219288739845
1439983484999589890
1439987271290146821
1439987566745247748
1439989496401985539
1439990203104464898
