1465950771225133060
1465951111211196418
1465953242039291906
1465953764003573760
1465956813166104578
1465960324524175363
1465965267318566914
1465965327443914755
1465966306188947458
1465967513083080707
1465969666082279428
1465981019685752835
1465993652883263489
1465998536504332288
1465998541357125633
1466004735584993282
1466005775537491970
1466008732521926658
1466008861920280577
1466008959580454922
1466028345292849158
1466035970839515137
1466057370753134605
1466057611296399364
1466060417713655814
1466065431823749121
1466071918042238976
1466073642731642887
1466075009030320128
1466095079244795904
1466211450410524678
1466275933908717568
1466276238691950598
1466277079310213121
1466292218109435908
1466296997556592642
1466297188506423301
1466300516472791045
1466309904772124673
1466327550469173248
1466358164098482177
1466358399847649285
1466359048069005312
1466361872756580359
1466367509808902151
1466368289202847751
1466368440629817351
1466368587984113667
1466369254567997442
1466373093060800515
1466379716361797639
1466384240942088198
1466389524880117760
1466391213217439745
1466392246522040328
1466392452021981184
1466392659937751045
1466395216940654592
1466395224767283208
1466400746610384904
1466400911941509121
1466400978194681862
1466403870242791432
1466404653130649601
1466406153227694083
1466407514895896577
1466410458219364353
1466413472279932931
1466413946844372993
1466416546109169681
1466416553126158356
1466417968464728067
1466418794977452036
1466423849218715666
1466428961324478471
1466435279947018253
1466437917996462086
1466438312881795073
1466439801851232262
1466442032377999362
1466443688163168262
1466445629249363974
1466446105143508994
1466448490221821954
1466449977110982659
1466452889476366341
1466455791758573569
1466581867486793728
1466583489893994499
1466613103643164677
1466652712787873793
1466652763517960193
1466652807113572352
1466654336331632640
1466654336365182977
1466654336939749377
1466654607342325767
1466654901539201024
1466655015452303363
1466655052391534592
1466655753104547842
1466655778014588931
1466655904862932993
1466659440296218625
1466660863499067395
1466662753779650564
1466662813171023873
1466664052290035712
1466664856803708932
1466668965501890561
1466669336899194880
1466670415053422592
1466672405716164611
1466674755503677440
1466675659434987522
1466676120653209604
1466676166639505408
1466676487138938882
1466676491417124865
1466676623416049668
1466677886262206464
1466679305115627523
1466682070080516096
1466683174272974848
1466690077065498627
1466690173756788737
1466690181252083712
1466690187711238146
1466695155784687617
1466698591196516353
1466704783314538498
1466706415909629953
1466713499149553666
1466713992219426816
1466720216998576129
1466720869154050052
1466722459583848452
1466723444045746178
1466723527952769027
1466725494397685762
1466730858388156418
1466740688578494470
1466744757854433287
1466746440399548418
1466746471634534402
1466753483034750978
1466763828075499521
1466777040489648128
1466779811838259202
1466780972796420102
1466781315957608449
1466787311434100739
1466787713084911616
1466793650319343618
1466811115791269890
1466811152998883328
1466811828151873538
1466811861848838147
1466817030300913665
1466970240936333315
1466970384889118720
1466971238308274180
1466971391031320580
1466974057711034370
1466975116407951360
1466975181889413121
1466976883308843010
1466990047089991680
1466995211649699844
1467000469893500928
1467003762807951360
1467004231630483457
1467009415727353858
1467010630146158592
1467010929325850625
1467011372915384334
1467014333062266880
1467014521478803458
1467020190403629057
1467024527271940096
1467026434212306947
1467026651955412995
1467026944772296705
1467027276067860480
1467027524328714242
1467028183589351424
1467028383523430404
1467028389739438083
1467035747483996162
1467045239114264578
1467049428779290624
1467067413355245568
1467093936934055940
1467114939483521027
1467127895088775169
1467128405925646337
1467136967070523393
1467137065494089728
1467137084334899204
1467137628541575174
