1810185515410305043
1810187330520756493
1810188178130932054
1810188505999687798
1810188879288570329
1810189239759614068
1810189566848164299
1810189940518785278
1810190571887370747
1810190914989830378
1810191308998201376
1810191670149083312
1810192000324706661
1810192318173180148
1810193188701020308
1810193533065945400
1810193908644872617
1810194506895229269
1810194984840438076
1810195402018173309
1810195766910324888
1810196456307146905
1810202690921603122
1810203252945715589
1810204929589715217
1810208277822890119
1810208283325792739
1810208664055423432
1810211847691227434
1810213051649454271
1810216020638142631
1810217944443453573
1810220971082891428
1810226561750368334
1810229839225331778
1810231361426653379
1810242827265384790
1810246927222702471
1810247704393728248
1810249511882911762
1810251990305526104
1810253733546315969
1810254379603071307
1810255888172949695
1810256108285825295
1810256108285825296
1810256301299315134
1810257618826379558
1810273253950402802
1810274921597018491
1810278198221091008
1810288204639080712
1810288876579438872
1810290300251713906
1810290693237318111
1810294510368199069
1810301075859308909
1810301095773892841
1810301472233701703
1810301560146293142
1810301633823408629
1810302817971966218
1810305335237951980
1810306592904278237
1810311158760399025
1810313773179421121
1810313825088139321
1810314513235038273
1810316787965448266
1810318946341671396
1810337244437451035
1810352908359074156
1810357698862657977
1810441231513550944
1810524278091325776
1810536944037974433
1810539384758030649
1810540232787308932
1810547806727483762
1810549772283158969
1810550832171196900
1810551280001327359
1810551974045347944
1810552637450031283
1810552740357259459
1810554528397472067
1810554534881874280
1810554535158722785
1810564841142128800
1810566796019487157
1810567026995503270
1810567388787826809
1810567878737031498
1810568368451436882
1810568655362764899
1810569259569017200
1810569600494714895
1810570021565001971
1810570464806510824
1810570870378963378
1810570969435492685
1810571414774173997
1810571837790994673
1810572735422267666
1810573766189343067
1810573861290922320
1810573958485508395
1810573979280941181
1810574000247992707
1810574036713296008
1810574341480001648
1810580362156032424
1810580369630195860
1810580387988672889
1810580402169655465
1810580419957727580
1810580448801968390
1810582873281372461
1810589600068632884
1810594408758411510
1810597257936281793
1810598822609088552
1810600899901010315
1810607573672083579
1810607578021572609
1810610650701275219
1810611185873465838
1810619262672965827
1810620021263192257
1810620177907650993
1810621715262886193
1810621719373283681
1810622426214256644
1810629086190161974
1810629090631901526
1810629975072227385
1810630248977092670
1810633084485976147
1810637099378348082
1810639988398374969
1810648851411316810
1810649324537426165
1810650584405704712
1810652624007348279
1810656397723316709
1810658852733333743
1810667614945042779
1810669403392139666
1810669679834198119
1810671021709820193
1810676907056533622
1810733374404743495
1810733463374381185
1810733506164564449
1810733714944708652
1810733786860245231
1810733951591600520
1810803617705906475
1810899880895991921
1810900934685262238
1810903524353658899
1810904135988040051
1810907669726925252
1810907827159937487
1810908055762080072
1810914347495154152
1810916712860242370
1810916717499126124
1810919126929457491
1810924150334033930
1810924459139674509
1810924534683553848
1810924652522524836
1810924751327744092
1810924860568391837
1810924979984421036
1810925105331195965
1810925264622538809
1810925378061619561
1810925471674073578
1810925624825176527
1810925694299558040
1810925795789131920
1810925893121884189
1810926099662262319
1810926789436551607
1810927212604096957
1810928079805800863
1810939571787718999
1810941649138372817
1810941674274836736
1810941695103750240
1810941763970040201
1810942308231135677
1810947163796423077
1810947346823356563
1810947437734867197
1810950266650513875
1810950270899323010
1810954839075004795
