1305896889154379777
1305898100876144641
1305908943441469440
1306109011113041922
1306109619983364097
1306115642517409793
1306161739562586112
1306162203293151232
1306164929200676866
1306173310162542592
1306173968047468545
1306230704087289857
1306258943895769089
1306259496851783681
1306260455925583872
1306412616898707459
1306433701539004416
1306437374264578048
1306442277552758784
1306442639915364353
1306442945898319873
1306446718188187649
1306446739063201792
1306446827583975424
1306446886425866241
1306447195885850624
1306448258865090560
1306450591674068993
1306452069985869825
1306456975815794690
1306457290002714624
1306457344318955521
1306458562172837888
1306458631278264325
1306463901505081344
1306463920530448386
1306463934740721664
1306463952713314304
1306470013486821376
1306473437364236288
1306475493026193408
1306475534843482113
1306483256393490432
1306513919352008705
1306515044138586112
1306517001804738561
1306517037796085760
1306533783080849410
1306535746367418369
1306541123473518592
1306543282441211906
1306546116414980096
1306546363795042306
1306546955342901248
1306547420570943490
1306550599811395585
1306550706925531137
1306550828283564032
1306557456869257217
1306595712201760770
1306600509269143552
1306787514422886400
1306787576490201089
1306791126213570561
1306793049016750088
1306838330709999616
1306845751448801280
1306845937159995392
1306846730361561089
1306866560376516608
1306869107988377605
1306869112019140615
1306876733199704064
1306927435829489664
1306945671870607361
1306957991757840386
1306960799886225409
1306966438205243392
1306977076495355904
1307000427100082177
1307002849285480448
1307004274455445504
1307014794579337216
130707297335918594
1307167082987966471
1307173948317032448
1307197775277219840
1307206283393552384
1307218782788575232
1307227327336648705
1307230202339049472
1307265187179687939
1307267691732852736
1307268243753562112
1307272724943839233
1307275241488437249
1307277758142320641
1307280274544308224
1307282791252463616
1307285307801268225
1307301054661365761
1307314808899817473
1307318891081682946
1307348316561141761
1307348331362807808
1307353759702421505
1307354157595029509
1307354750019461120
1307373920824172544
1307375813403181056
1307376611210059776
1307376888420077568
1307378046429659136
1307378581924769792
1307501948753510401
1307503465531191298
1307505232058830849
1307522472137256960
1307522593059082241
1307563606087577600
1307564082162147328
1307567992369152000
1307568061822558208
1307572108482867201
1307572157862436864
1307581664692858882
1307585837152874496
1307590228303986688
1307593834965032961
1307601671363551234
1307604862301945856
1307607161954942976
1307607164895129601
1307610295435575296
1307611621393494016
1307611834749337605
1307611924561944576
1307612145576632321
1307613283260624897
1307615649439477761
1307629689863770114
1307634661825208320
1307647147660029952
1307647153494319106
1307658283767853056
1307672891807342598
1307672986422374402
1307673043074916352
1307673113383976961
1307676739401777152
1307676783299325958
1307676906054062081
1307676969744490496
1307677035838406657
1307677094453719041
1307677249244602368
1307679702975262720
1307709904916852736
1307736991392440320
1307740743188930561
1307741904201592832
1307745258512424960
1307746360808976385
1307746494921932801
1307746522822451200
1307746682323443712
1307865360243109890
1307866619985539072
1307869361059688450
1307870150079574017
1307870423003009026
1307872930240425984
1307873547981742081
1307881426533019648
1307895208290336768
1307897866824736769
1307922935617744896
1307937659604447234
1307939854907441152
1307942328368164865
1307944574199853058
1307944652469755904
1307947168825737216
1307949685487755264
1307957010365689858
1307965857021140993
1308002122294722560
1308007600596725762
1308054555741937665
1308055143212957696
1308061387512377345
1308068063380516864
1308068325818163200
1308075687996059653
1308075690491691009
1308075693213769729
1308079408037597184
1308087251419578368
1308087426573692928
1308095403087323138
