1530133310722420736
1530133963003805696
1530135457354620928
1530136680849887232
1530142876373352450
1530143101334917122
1530150108066910208
1530150444374589440
1530151123231076352
1530151539964518401
1530152232876130305
1530152304418394114
1530152557364260866
1530154902122803200
1530156241645084672
1530157016424931328
1530157326119817216
1530157338027433984
1530160285473906688
1530161341646127104
1530178373036560384
1530178448680812554
1530180499070910469
1530180992174276609
1530181296269709317
1530182788338573313
1530182796798402562
1530189358325972992
1530189503474077696
1530193460103217152
1530193651397459968
1530193707097800710
1530194276184752128
1530197329839411200
1530198605755084805
1530198862610112512
1530198999038193665
1530199896833130496
1530201124069814273
1530201128595427328
1530201797498834944
1530201802552905734
1530204675097604096
1530206610869473282
1530206628603039744
1530206664518905861
1530207616139337728
1530207624016191490
1530234262170894337
1530242455655706625
1530242459308941312
1530245896814075904
1530246379603640321
1530254491219423232
1530256091686109184
1530261006341251072
1530266198570520579
1530266930497540096
1530267835426951168
1530270001441087488
1530365906895138816
1530369109955084288
1530369235683540992
1530369242029510657
1530373206158487552
1530373313079701504
1530373929558503424
1530377835365695488
1530377992488517632
1530378073669271552
1530379649511231489
1530380206095351809
1530380967877423104
1530381305644720128
1530406710283603969
1530407113205288962
1530407247100030976
1530407724696993792
1530409410844954626
1530411544726896640
1530411632031313921
1530411925062168579
1530412040233226240
1530413097399115781
1530413709599727616
1530454274760507392
1530455378055442434
1530477898221559808
1530478352540180481
1530481392341069824
1530489813081952256
1530489816814878720
1530489818974928896
1530489821348900865
1530489823588679680
1530489826939924480
1530489829120954369
1530489831197114371
1530489833281691649
1530489835286589441
1530489837731868674
1530489840168751104
1530489842278481922
1530489844216246272
1530489846271455232
1530489848414769152
1530501989779767296
1530502002870202368
1530513918216773633
1530514650202112001
1530519085150179328
1530522393730396160
1530524321541926912
1530543322879893504
1530545475320827904
1530550495068139520
1530550555579654146
1530550964691734529
1530551595141767168
1530552098982506497
1530552760579461126
1530554064043249665
1530556837153492993
1530558564774735872
1530558957554528256
1530559245019533312
1530559346169352197
1530559533059149824
1530559558560534529
1530559673211858944
1530559739527958529
1530560962721288193
1530561988711317505
1530562163995119616
1530563375121301504
1530563381723209728
1530563555094822913
1530563723525767168
1530565633196167170
1530566323918426112
1530581779178229761
1530581915635679232
1530582046204370944
1530582232003276800
1530582327340179456
1530586721447858176
1530590016040144898
1530612022043639808
1530747936413343745
1530754517419311105
1530776223789420544
1530787118184026112
1530788703823572992
1530789656773935106
1530802070445780992
1530822262089084928
1530822320956157952
1530822450891567104
1530825251168210944
1530830439392620544
1530836734556053504
1530859261102010368
1530859404547227648
1530859512424726528
1530859557710229504
1530862470554095621
1530920478931447808
1530923282244939778
1530978819322298368
1530987503800688640
1531094945884385280
1531095528078880769
1531097899890712576
1531119868845920256
1531137546217848832
1531141423981948928
1531147384809353217
1531161709959729153
1531164168123842560
1531168968714559490
1531169788914896896
1531171328144777217
1531172027851083776
1531172034524291072
1531179682414022656
1531179728324898816
1531184118834159616
1531184124035100672
1531188839359819777
1531189577423040512
1531195927935221761
1531200351721771013
1531201872073134081
1531207265629265920
1531208336032485377
1531208339912130562
1531210292138749952
1531210306684616705
1531213402613641216
1531214976916291584
