1823636747613294650
1823637215282667692
1823637217962811486
1823637498838577550
1823638252030759270
1823638649373601978
1823638828286140497
1823639358412611827
1823639772705046835
1823640342719070379
1823640591449653480
1823646196939870503
1823646816531083759
1823649611963359376
1823649910832476463
1823650207806185829
1823656617503773041
1823660530818551813
1823664277968052517
1823664642746671387
1823664965158338672
1823666029559709974
1823668651356209312
1823668809409921394
1823670628228202937
1823671680771965344
1823679523486838790
1823679971120030086
1823687369331188021
1823688211362930740
1823688214881951921
1823688969907003781
1823689807287169325
1823690643178446963
1823694156184576194
1823695840525054312
1823696705176707135
1823697872547930576
1823703038168559623
1823703951021113473
1823705672103682547
1823706320471462022
1823724067926761658
1823728086049022151
1823729177406922970
1823738558861201625
1823740296037019863
1823751362112626896
1823790842290823519
1823791343916949885
1823794114565169342
1823840269298512357
1823864680231698903
1823914346029752597
1823917535885922389
1823918693404815588
1823923555223916671
1823924094108332233
1823924098025787491
1823925078926790722
1823938657482387639
1823938891671306744
1823943644585357668
1823943680048132096
1823943722481914292
1823943831286349950
1823949234552689004
1823954470008709477
1823954911832478161
1823958392832188781
1823958781530714369
1823959180799324214
1823959523637518780
1823960033442304006
1823960067487752398
1823960693009473999
1823960898559729684
1823960902150082664
1823960905903722524
1823960911024963670
1823960915064291490
1823961233839501393
1823961573901447657
1823962291899175359
1823962314866876771
1823962415379439927
1823962670200185259
1823962871635812447
1823963017954123879
1823963295029891318
1823963684219097304
1823963827605516771
1823963916508258320
1823964357258306023
1823965276259672249
1823965293133398294
1823965584020910128
1823965740787232969
1823965751570510266
1823965879971012990
1823965890691711372
1823965980164563023
1823966076943908955
1823966446642241714
1823967074655592575
1823967145501634612
1823967631722078659
1823968255629050178
1823968260335001920
1823968356812382457
1823968666750476383
1823969198848246170
1823969464465154511
1823969615074218287
1823970251526316042
1823970738988318877
1823971199925236010
1823971206565126369
1823971293362053240
1823972202087374860
1823973335564476643
1823973549813719177
1823974153663471837
1823974375126917501
1823974659018420564
1823974828845806031
1823975848975978973
1823977681240944686
1823978873702506757
1823979166473314364
1823979258613801333
1823979670687429072
1823982395269263835
1823982633854099785
1823982880478921043
1823983642210656542
1823985329046442053
1823985935555395653
1823986375601086501
1823987005757280609
1823987009641414665
1823987772862177539
1823988084876435526
1823988157353787548
1823988169093619745
1823988380587172246
1823988384630792510
1823988388216946764
1823988391790436648
1823989579034321194
1823990068261871643
1823990155935670491
1823994964151275615
1823995264589279707
1823997678155690384
1823998187339964857
1824004584031051926
1824009203473867259
1824009709428617500
1824009755968602560
1824010156851830904
1824010800794865780
1824010972476112922
1824011594285875315
1824011903615873391
1824014596769996972
1824015169997111535
1824022455347753180
1824022920865394816
1824023273258316053
1824023791313486105
1824024594925449278
1824025035842965510
1824025480170778928
1824025967582675397
1824026395657564561
1824026823078162825
1824027215467856374
1824027530590146574
1824033782732935405
1824037820761018522
1824039476588642634
1824039783405875620
1824041272828432465
1824046778947342358
1824047283694170539
1824047839028334679
1824048214758301708
1824054843553485066
1824061394788155718
1824061442703913174
1824061518385954977
1824061572077298006
1824075531555311775
1824076327898448097
1824076937041531126
1824084630003236864
1824089699440345447
1824095136281743364
1824096090330730946
