1490014732493156352
1490015538256711682
1490016277737672704
1490016724808515585
1490024042094481412
1490024101213134848
1490046582490005504
1490157217567281153
1490157341894844416
1490157946235342851
1490158066393776129
1490158413929582596
1490158501447958529
1490158586617491460
1490164172688326657
1490175151576518657
1490195167978012673
1490204932485513218
1490207535135014919
1490208234287734784
1490210830868414464
1490210848421597184
1490221134507552771
1490227872078131206
1490228613207441410
1490229799398551552
1490256937606426625
1490261608140050434
1490287465025789954
1490310525049536513
1490310760362549249
1490311070766215174
1490311132967763969
1490311417136041984
1490329726258651139
1490336225022349312
1490336389594255368
1490336467771887619
1490336505604489221
1490336746336563212
1490337091410366467
1490337805327036418
1490338150006554629
1490338281372160001
1490338302268157956
1490338493880729601
1490372894714904576
1490382037475532800
1490540971456864256
1490541908728643587
1490542425643053057
1490554285658349568
1490554607617331204
1490567329125900288
1490577162776477696
1490577201359900672
1490578531541463040
1490578677566152705
1490578821464354818
1490579777379790849
1490582667594584066
1490585769140166657
1490585772147511297
1490586693639888896
1490587207891324931
1490588134387580932
1490588939346124800
1490589430692081664
1490590089402933248
1490590432820350978
1490591358809083906
1490591929926823937
1490592350493556736
1490593578887774212
1490594426431078405
1490603726549430272
1490606360979177480
1490607900938563584
1490612302965469184
1490612315485446144
1490612384162934788
1490612969855545349
1490613265189126145
1490614289777917952
1490616188690264069
1490616260161273861
1490616369104130048
1490618195925176325
1490619975631273986
1490620024859799552
1490622221676519424
1490643026229993475
1490643761017520134
1490643794081247232
1490649396396326912
1490672173425381376
1490680463866081287
1490680528844242944
1490680896537591817
1490682881378697220
1490684081440374786
1490696824449277960
1490698285405052931
1490699380667875328
1490742676437622786
1490881230631739393
1490881407623000064
1490881593053163520
1490881859345354752
1490897017102831616
1490897051898748929
1490897120169455619
1490897625465647106
1490901152325844993
1490907254794887168
1490940990563418113
1490955743016943616
1490955888483442690
1490957340472115202
1490959887127695364
1490962193005056005
1490963808286048256
1490966628661542913
1490968236178821123
1490969174877011968
1490970495956942848
1490972153587847169
1490973941954871302
1490975625183518721
1490981559763025920
1490987659207995395
1490995709302407172
1490997098434932736
1490999176573775877
1491003847707627523
1491005179583680515
1491005183278850049
1491006865580331008
1491024787686457348
1491026094505742340
1491026236139016202
1491026753774825473
1491026844334059520
1491029346156675074
1491032001146945537
1491032390185394177
1491034128787316737
1491034618275168261
1491043997170958336
1491045292132941824
1491052162776178689
1491074886227619844
1491080355704877057
1491093342033432578
1491240032216449024
1491240195207090179
1491255817500491776
1491257006396932097
1491263390769364992
1491265125483188228
1491265138217095176
1491265345671544837
1491268134355226624
1491268545019523078
1491268595686719499
1491268738267873280
1491281760239616001
1491283826685149184
1491284243624108036
1491284301941723136
1491289574655799298
1491289999312322560
1491293500650176513
1491294235441926145
1491297621847461889
1491302216501968896
1491302550515351553
1491302968205144064
1491303161516408841
1491303222593880064
1491303884568272896
1491305045018968066
1491308250012450817
1491308365813026817
1491308661905715202
1491308843753967617
1491309085396180996
1491309100948652033
1491309123086200832
1491309245534732290
1491309296789110786
1491309330037379073
1491309377298776065
1491309391936909315
1491309405929095171
1491309445577834496
1491309457753899013
1491309522694324224
1491309542906679296
1491309604273557504
