1833379759377813970
1833380078576931024
1833380302695333993
1833380650612887816
1833385538813829348
1833387417279041877
1833388974452203584
1833389319345574034
1833397265316102562
1833397294793953658
1833397298577187095
1833404969195868586
1833405839807549917
1833407741647589877
1833408153964450171
1833409162757476760
1833415674426687885
1833416087721152648
1833419377347006573
1833420446659711138
1833421044390236450
1833421322598420905
1833421428672115102
1833425833597268301
1833432315793723685
1833437307539788028
1833449364804555199
1833450490744520904
1833450714602885459
1833452541226455535
1833452960291922360
1833457421660152160
1833458093193367592
1833463401420624332
1833466624596234548
1833466683467407870
1833467535183769667
1833471625792049443
1833473926166421797
1833473994881749339
1833475250916294846
1833477129935196647
1833477745247993978
1833479047084409028
1833480768376737927
1833481388915626140
1833481549276168352
1833488727978504655
1833492436473061675
1833492745664770347
1833492827382186269
1833492865684496671
1833497345037627686
1833499502176612553
1833502490337415550
1833505350571725141
1833507411640127523
1833507442413736177
1833508214757069010
1833511786806710345
1833513258692517897
1833517718383038544
1833518760466010445
1833519785889706385
1833519790373409010
1833520050801938618
1833520382726615246
1833520910134878595
1833526010979225887
1833528211520770239
1833528358325342435
1833529228098162821
1833531085109821450
1833531131779813856
1833531271294947642
1833531409618935823
1833552618226126993
1833557177946280137
1833563590076326265
1833563617721258103
1833563809711329286
1833563846474154192
1833563963742962138
1833564491554164903
1833564542166548903
1833564573971968001
1833564698840576040
1833564782391439681
1833592151701393659
1833603966803812837
1833694451740635560
1833721048476598666
1833722075418423568
1833727689997603122
1833727694124798355
1833728934795682291
1833729598200164558
1833730927765094894
1833731006248955960
1833732217039650832
1833735523979923488
1833742018113138815
1833744504135831629
1833744593550295092
1833744868151275820
1833745077258129694
1833745212809896148
1833745586111267298
1833745866911535518
1833746152270725370
1833746214212468736
1833746583663657230
1833746825771397303
1833755582932644213
1833757258666352674
1833758179769168200
1833758968822587809
1833759276369871034
1833761735049883795
1833766437703331944
1833766945906429981
1833767213280743811
1833772488763007351
1833772633504272504
1833773811377828179
1833774637148463538
1833774916061323500
1833775721304494378
1833777183703122399
1833778363841786366
1833779342364594205
1833780334183260569
1833782697661202553
1833782775196819672
1833784828631945445
1833812594177552719
1833813400737964360
1833813953249771902
1833823745817157685
1833823825965822098
1833830723242930578
1833834408714940925
1833835012740833330
1833835913711137087
1833836145672683653
1833838480369307811
1833838672489202056
1833838799144497230
1833841103508066519
1833841255018619200
1833841720985108599
1833843021978202539
1833843527127650676
1833845013379215551
1833845349368152336
1833845779800129879
1833847748782629207
1833850148612723151
1833852168958280109
1833852579501035979
1833853632782926053
1833859601499906090
1833859763630944686
1833860713992921586
1833862203751194812
1833869773249401316
1833887697460687272
1833894325538672712
1833898009131704325
1833921186658754743
1833992018181431380
1834020053324361930
1834041740094742844
1834075435690590221
1834076693478474016
1834076697886687682
1834077018180522030
1834080333592957239
1834080503688814962
1834089738573434895
1834092182359474261
1834092859508903973
1834092863082443223
1834093264728711262
1834093832704852235
1834095033676615781
1834095713275592782
1834096230877589813
1834097133558825335
1834098083661029677
1834099834304839716
1834105502000611533
1834106868882383061
1834107452087841183
1834108422196727867
1834112096314802357
1834125933873115505
1834126074684604600
1834133214916739400
1834133619813830660
