1918713811646960082
1918714010301874349
1918714046318325914
1918714065414971705
1918714107144155474
1918714168250912860
1918718203712438645
1918718678063063423
1918719737028354283
1918719802740552057
1918719828971467065
1918724092913733676
1918724129072853081
1918869675636674802
1918873300647780490
1918874324544655584
1918875782593618153
1918876108142862833
1918877333068403142
1918878579552883065
1918884212675109063
1918885318960267270
1918887115632644337
1918892969857360298
1918892974886535357
1918893081258070133
1918894950776820035
1918895579276722597
1918896376538128584
1918896636652114335
1918897765926449220
1918899109269766237
1918904469300924853
1918904475198132421
1918914218872672620
1918915896485249214
1918923176450441412
1918923579833360642
1918924098056737089
1918924524596183255
1918925031087755371
1918925886948315279
1918949690818601371
1918953435258605935
1918956317000998948
1919002782067040463
1919002805538267232
1919025142807626101
1919050865261862965
1919051798762967131
1919051970012139603
1919067517919907989
1919067591324111100
1919187788702097431
1919226517751566638
1919227951704420487
1919244411969458232
1919258492638028084
1919265126294884820
1919265745596489820
1919266317967761873
1919273028879520191
1919274538254434726
1919291418356469975
1919292935301955649
1919297333851828550
1919298712175534524
1919299572444369290
1919300702813167942
1919301694418002297
1919301697857290671
1919302312860033246
1919302433693389088
1919303527849214271
1919303533595095127
1919303811509981319
1919304573900267961
1919304657345634624
1919307497002676557
1919308625337549253
1919310252505551192
1919311958656086181
1919312396306219141
1919313507444814281
1919315134490837418
1919315543758082445
1919316931498107126
1919318691440734499
1919322943974523297
1919323730439729431
1919324831171981498
1919325611283071275
1919326034727489620
1919332049191592332
1919332506857259331
1919332836584181811
1919339945661194533
1919344175566196819
1919345621363757266
1919354964469588472
1919355564343316483
1919356882562810254
1919357808312479959
1919366074568438244
1919366867509973417
1919369018089062904
1919371633854394861
1919372909119758735
1919386855520293265
1919390411648344350
1919392344828477724
1919400301997769203
1919400405206982658
1919400552288715164
1919400855792500911
1919410222231179673
1919411614467371144
1919413847540048342
1919415212664623339
1919416037767819270
1919416190444699821
1919416195045830888
1919416931482046718
1919417092157100213
1919417624674402483
1919418887147544886
1919419654902014389
1919420100311990277
1919420963663261860
1919436930602975647
1919438399020163208
1919440859646345534
1919443745570779308
1919443864328266004
1919591573068595395
1919627896257446036
1919666143603683363
1919666149106528684
1919667148043043136
1919668701822845116
1919668933512093959
1919668979519652209
1919668985496219771
1919670326704701550
1919695803570176253
1919705858667143560
1919708798547046874
1919709744605929760
1919710639410577484
1919714685101690887
1919723661948551500
1919723691786830227
1919725119942861278
1919725419344912842
1919726199032496499
1919732830327996675
1919738357409554854
1919738801636745659
1919739318886695053
1919740280841875685
1919741887168270439
1919754887262306478
1919755655943946358
1919755660163707103
1919756302718534136
1919761570466562269
1919764007558291877
1919764152102617141
1919764181613740292
1919768677358174236
1919769192783392846
1919775433857417474
1919776578059354285
1919776669641928886
1919778202706198875
1919783091373277303
1919783691494293955
1919787034774012384
1919787225845531114
1919787306824646873
1919787344590225497
1919789201647690043
1919791637032554634
1919791770012922216
1919792037299421502
1919801436541460955
1919806868181885046
1919806868265869497
1919811387926155574
1919816875027882384
1919817211608252670
1919817525153694183
1919834586474815532
1919949274722549893
1919957098852712456
1919958578150179114
1919958812460736891
1919959395560988763
1919960992274121144
1919981914913702393
