1405562767566794754
1405563852880695298
1405563907398197253
1405564099660959750
1405567026286907394
1405567181161521155
1405582356321214472
1405585011214938112
1405588793176981511
1405709780455329795
1405710096705855493
1405710136044228610
1405714142653124608
1405715447266254850
1405716424341917699
1405730278404886529
1405731756213297155
1405781539514814464
1405790070188040195
1405798173239496706
1405818765439168516
1405819320312107011
1405822562601295878
1405822666817216513
1405823718073401351
1405824223440904192
1405831938322046976
1405834237790412806
1405841560839757824
1405844850683957252
1405852520065376257
1405855070093152264
1405862443297906690
1405870052784578578
1405870539822952449
1405871149943193607
1405874819665563653
1405878306726055943
1405892080522592262
1405892139171545090
1405892673135730689
1405893888108208128
1405894200986460165
1405897224463126535
1405898020139409420
1405908871336521731
1405909501602004999
1405911311389650945
1405917132932616193
1405917545131954178
1405917602002571265
1405917612798668800
1405926220739477510
1405935769450024960
1405937569817190400
1405938649749807104
1405938945834160131
1406083554384093192
1406093206748418048
1406120812453654530
1406120877398192133
1406143601403338755
1406145451024281605
1406148342950686725
1406148799089680390
1406165752084721666
1406170101489946625
1406175002177671170
1406176680549380097
1406178405930860555
1406178552215605259
1406178554333696000
1406178563615649803
1406178847905652736
1406179501894103045
1406179564095565824
1406179592314888192
1406179818530430980
1406179894258589701
1406180137347944451
1406180622385573901
1406180743861080070
1406182137502474240
1406191209798721542
1406191262248542209
1406191418893238272
1406195076909305856
1406195842617282565
1406195974993678340
1406195990445449229
1406198911979593729
1406206055160287238
1406206780393156610
1406207827744415747
1406208288249683968
1406209630670245891
1406210359422189570
1406210421594357763
1406210681423101955
1406229591820103684
1406231475746340869
1406231908934045698
1406232293664968704
1406236424395902979
1406236674783285261
1406236820518494213
1406240109557551110
1406242760022106112
1406243495229100035
1406247360418570242
1406262350282301452
1406263268331585538
1406263598549147659
1406263883979911169
1406264303401934858
1406264737776619525
1406267004353318914
1406270803780403202
1406271156449988611
1406271488227897344
1406271715940847616
1406278042947756048
1406278922891710464
1406281156824231938
1406282972349681664
1406286458780934144
1406289563715182593
1406292171733430275
1406294215315705856
1406294965588684809
1406295501004316672
1406302054822281219
1406321414332841986
1406322466192904196
1406323132571414528
1406323393926885376
1406324315507748868
1406446774433161219
1406447924230295553
1406448440041631749
1406463995683381251
1406474098906071041
1406488552548958215
1406488962676396037
1406506157666013186
1406506733049049091
1406507087866171394
1406507124075630600
1406507177347452931
1406515073682575363
1406515481209577474
1406516120752852994
1406517096284966914
1406517613270769667
1406521806752681991
1406524948152143872
1406529572187754496
1406531419363418115
1406539528479723520
1406555436862492680
1406561103237107712
1406562785052426240
1406564833915326467
1406565192511606787
1406565399261446151
1406566480305479680
1406593460459786242
1406593948617957378
1406593959749685252
1406599834673455104
1406601029068550144
1406601649146105857
1406603159812730890
1406603404068065281
1406603547156770822
1406607486220525570
1406607854002335746
1406608532204490752
1406622040421855233
1406622292491202566
1406624094984884224
1406628924184875008
1406630610194497536
1406631228208336897
1406632134891114496
1406632306664562689
1406632313543221255
1406632682830721025
1406632949231935490
1406633119352905728
1406633138596442114
1406634399370645511
1406650925909897216
1406659411121041411
1406660112958124039
1406799075605815300
1406799204618444803
1406809842925273088
1406810661628248066
1406812219283689476
