1521768820465029120
1521787667335159808
1521829186813702145
1521829261740765185
1521829269764460544
1521829278421516289
1521829317269139456
1521829330384732161
1521829701337042944
1521829813664636929
1521837198789603329
1521851531762434048
1521852321843449857
1521868051473321986
1521868067046797313
1521885140993310720
1521892155169460224
1521892935817887750
1521892944634322944
1521892961059209216
1521892969972142080
1521892985688170496
1521892994588483584
1521893002234712064
1521901331979505666
1521905235911794688
1521929119323521024
1521929306842472450
1521929431153278976
1521929746174873601
1521930911746768896
1522058954163224577
1522071873739055106
1522072119097450497
1522093900332093441
1522093905738539008
1522094514805952519
1522095660433960960
1522097762312941568
1522097767107026947
1522099017852678145
1522100216144433152
1522103210139299840
1522103215667392515
1522105417223970816
1522105422718504961
1522106850459602944
1522107323359313920
1522107900377780226
1522109119502569473
1522109604452216832
1522112667590090753
1522114076087775233
1522114211018510341
1522117017519624192
1522117330121109510
1522118260270895104
1522118594871500801
1522119771084390401
1522120515992776704
1522121544301834240
1522122141788909568
1522122938178187266
1522124760339034112
1522129837111971840
1522141611995824128
1522141618706710528
1522141626294235137
1522141635663912960
1522141645822894080
1522141653888532480
1522141662126174208
1522141672515465216
1522141681176674304
1522141689426878464
1522141697584824320
1522146002437738496
1522148018954268672
1522148023370846208
1522155064235675649
1522155225754128384
1522176821822861312
1522179080531382272
1522179092451586048
1522179118330429440
1522180167019294720
1522200080446484480
1522204990898466818
1522207611424100354
1522207760787542016
1522207984436219905
1522209284536565760
1522209912637751297
1522209934100033536
1522238780375470080
1522247811718598656
1522248002492301312
1522253718258786311
1522253728706797569
1522280143053819905
1522310171976155137
1522313494393405440
1522395991806459905
1522396534440361984
1522411392950702080
1522429961440661505
1522433570475634688
1522433904955002880
1522433980296953856
1522451034505113602
1522451154646757377
1522454058585313281
1522455860462911489
1522459279562747904
1522459284918833152
1522459288240754688
1522461472260968448
1522461476853673984
1522463623771086848
1522465786723401728
1522468627512922112
1522470805799546882
1522471048817512449
1522471699618304000
1522472901210820609
1522479399429238786
1522482177232973825
1522483944238632962
1522485377818238977
1522486904163237888
1522497656878080000
1522505127554207746
1522505995150192640
1522506031032520705
1522507226283347968
1522553747423268865
1522557421050527744
1522575197047783424
1522608302404038658
1522609129658847233
1522614424888307716
1522633531662340096
1522635027905118208
1522635040366424064
1522635052362133505
1522635077263720448
1522635088651239424
1522635098000359424
1522635113338925057
1522635130745257985
1522635137674268672
1522635162852655105
1522638831895252992
1522639947009642496
1522655684676190210
1522655730905788416
1522655749587206144
1522656278069542912
1522767483933192192
1522773575966801920
1522773900035526657
1522776209217957888
1522776363307962368
1522778065839202304
1522781344467587073
1522781442245226496
1522784090239340545
1522785745609494528
1522788393155182592
1522793813223215104
1522796663466692608
1522796771453284352
1522796811080982528
1522796850683662336
1522797382357815297
1522797669831168006
1522798393608720384
1522798461850062849
1522798916164800512
1522799052231897088
1522799220771540992
1522800077219135489
1522801368506937345
1522801446734876672
1522801499285254144
1522801630185369600
1522801683666898944
1522801726142619648
1522802576894291968
1522803362797744129
1522803423145435136
1522804405526966274
1522804451005792256
1522804493431164929
1522804538054389760
1522804585328308225
1522804641976643584
1522804686562086912
1522805010630778880
1522814898744422406
