1953760229075869882
1953761596456473060
1953762150318497935
1953762621544616270
1953762963187282189
1953764409676878085
1953764940939919761
1953765234507976815
1953767187002310803
1953767621599330476
1953769292685549878
1953769751722799340
1953773877559275976
1953779473867755595
1953785653600100361
1953786725106389002
1953786731800445208
1953787611249570043
1953787614252712164
1953787973691957617
1953787976632143900
1953788382896619924
1953789204502139388
1953789419007152398
1953789619713061083
1953790298485620808
1953790386373054545
1953791314707067304
1953796639547691353
1953797214809010397
1953800926440919133
1953802492481089573
1953803423025074484
1953804397273600496
1953805071604494779
1953805453520945289
1953805908321923333
1953806536847077519
1953810307740000263
1953810813162336552
1953813458803470772
1953815831936209195
1953816598281584679
1953817062230430192
1953817654868746363
1953821155468431660
1953821561296953502
1953822389948838347
1953823480106942790
1953823485610144049
1953824226525286427
1953824549516324894
1953826126104592869
1953826269235232987
1953826279980929281
1953837142750138858
1953837150039949496
1953838114104868977
1953838796321030474
1953841163762327813
1953841613630804158
1953841798972940682
1953841846238789917
1953842671623024941
1953843556822482968
1953844098172952921
1953844899834372099
1953858724373647765
1953859885340188987
1953862724875923763
1953863854389358885
1953863985314300295
1953866906794176682
1953988360424632605
1953992124464038377
1954033325720695116
1954059570177093912
1954060534250123485
1954061542791745987
1954061728565920198
1954062418545385867
1954063429238763673
1954064472584118431
1954065595197985009
1954066987409437039
1954074453253685425
1954099354756599984
1954100138278039878
1954100974127116509
1954104347798696055
1954105112235823519
1954107574741074127
1954107580436857237
1954109584894808486
1954116527147618510
1954118180105830632
1954125944538472664
1954126685206433828
1954127463333630426
1954128036216914349
1954128682626285988
1954129272165281920
1954130015349547493
1954130827820068903
1954131398517752052
1954139509832216733
1954139798043611565
1954140375817617778
1954140754244149459
1954141194067349839
1954141552936108411
1954141999960875025
1954142609821032467
1954142720236101754
1954143150466834721
1954143879403352547
1954144755903852977
1954145034271326542
1954145658539041113
1954146843765408140
1954148106536202692
1954160302045507934
1954160798126764453
1954161489352196399
1954162428586954899
1954163129589321754
1954163807879569860
1954164585092821357
1954164979583611190
1954168224171348435
1954169888186020095
1954172392705818948
1954173290366570824
1954173905863594092
1954174620409454802
1954175307944259882
1954175867518697588
1954178279432450255
1954179045291442232
1954184888833155478
1954192621246861426
1954198317916659896
1954199234082705425
1954200380834726154
1954200869903192442
1954201560172626410
1954202013463396847
1954202399473549332
1954202813539467292
1954204490040496386
1954205992637403145
1954206357357580415
1954207832338821311
1954207839506850041
1954207845089460402
1954368406284914946
1954386139504324900
1954397563861545088
1954417992995115018
1954419611169968412
1954421072209510574
1954421132335169678
1954421168594882607
1954421227298430996
1954421248521626012
1954421308043018730
1954425076251496849
1954426272471261220
1954427417742979116
1954461996809892270
1954482447141503126
1954485714877616443
1954530502066769964
1954562369809739813
1954562649330729355
1954564509043143129
1954597612688216292
1954597781613711839
1954599899812823499
1954601242023674076
1954725674369048734
1954725870226313490
1954758423008186386
1954768651858706914
1954769923705847844
1954770711156826112
1954770717213340122
1954777044707053866
1954777827053535581
1954778505109291432
1954778672843424095
1954780196583985614
1954780693382476217
1954781669833273345
1954782325893648524
1954782575215489384
1954788506712338865
1954788621933785575
1954789758397567114
1954790713134403996
