1797599937641013690
1797599947971572081
1797599966606881238
1797599988467577222
1797599999913820289
1797600012123431133
1797600021115994153
1797600056801173654
1797600110492397580
1797600130985795690
1797600231045148909
1797600268479299853
1797600323491745797
1797600369671016451
1797600389975675180
1797600400138465391
1797600454106603729
1797600685594481073
1797600696810053791
1797600708864462957
1797600736035123462
1797600755832271062
1797600780809286081
1797600847721030100
1797600966348525876
1797600983599775978
1797601049630708178
1797601084804096466
1797601119847555125
1797601177116557472
1797601190617977321
1797601211723792843
1797601221135728679
1797601234599502039
1797601252433592827
1797601261694702078
1797601301070790982
1797601309467844988
1797601322319159326
1797601351251481021
1797601366267081007
1797601393450295562
1797601412387586352
1797601423406125543
1797601441181466997
1797613901812834310
1797632108187545929
1797632120736956501
1797632152932434175
1797632186365190511
1797632205822599539
1797632220942971213
1797632294657888693
1797632357882814827
1797632377692598491
1797632431815786922
1797633247050133842
1797633415761809429
1797635050768674956
1797639264659992894
1797639579966882086
1797639738935201862
1797665158518784090
1797669586084737329
1797669701168050386
1797669740410024158
1797669856168583562
1797669878348095623
1797669907188084932
1797669959767887874
1797670078194078127
1797670165066420308
1797670180455415995
1797683892541100104
1797685721102524473
1797685885817000409
1797685904183902442
1797686203187446199
1797686456540131612
1797686593454846246
1797686864125763880
1797686884111642961
1797802291380302203
1797845008281960457
1797853530314912171
1797858245912244687
1797859673380704347
1797925980767687130
1797931936759062874
1797944201012998296
1797948715946455237
1797949163411513613
1797976047461499080
1797977695357427848
1797977730409263319
1797988715307929945
1797993997706875105
1798027242859037048
1798044415279366654
1798044438692032548
1798044923620675643
1798059646445552034
1798060846670807186
1798060917227430188
1798068816251089264
1798068868696649991
1798068943741141383
1798079763195765070
1798080226049880241
1798080295020982274
1798080376004637079
1798196936681603173
1798196939433148823
1798196950673834125
1798196963273502892
1798196975801978953
1798196988162588815
1798200872129954152
1798200885216252315
1798200899795648940
1798200915343937762
1798200930913165769
1798203160705823126
1798204168827748637
1798204182404731122
1798204196367524029
1798204213593514092
1798204231616508012
1798207190685360597
1798207235019125029
1798207264249327986
1798207473498894372
1798207586036269303
1798207731469603029
1798207755851043206
1798207849602158715
1798207908662177832
1798208152724480035
1798208447844098292
1798208460309581878
1798217712906441056
1798222453245898864
1798224005008335266
1798233941784371649
1798234099007832078
1798234467498360836
1798234599912558906
1798245630126801083
1798246598264430656
1798246627565764935
1798249162154332379
1798260076677103718
1798260214950736211
1798260225461624866
1798282673661903055
1798283553538806170
1798283710158234110
1798297675152150619
1798297728927363167
1798297993680158931
1798298098831384927
1798298098835571089
1798298753323192558
1798315670515368016
1798333456268882365
1798333547855655018
1798333709294432704
1798334847800549634
1798378418113073405
1798378800520344041
1798378826357211406
1798382541713575946
1798382650249666911
1798382816243397002
1798426678160671174
1798427804683624872
1798429115789500868
1798431536175546793
1798431959460507821
1798561994053927320
1798571522065608792
1798571878547959956
1798572231532167544
1798572348955910498
1798572469563134002
1798576864589676847
1798576958445666577
1798583345150083533
1798583355048636760
1798592125095043551
1798595430818906399
1798595687501984014
1798595756422824392
1798595808083988877
1798595856939266317
1798595916519387542
1798618335376245108
1798644515781427657
1798644525734437140
1798646788922253730
