1960318910546231491
1960322225233408177
1960323371868069948
1960323732687270220
1960323934739440073
1960323940166807948
1960323945447481691
1960323951474671952
1960324199051915345
1960324616158667190
1960324934296580586
1960325352237986223
1960325649211506705
1960325696913375286
1960325988178346469
1960326392286961982
1960326656876216795
1960326660072370570
1960326947411837352
1960326965719609681
1960327027518578827
1960327388576747552
1960327742844441084
1960327901556904369
1960328246488162809
1960328561581010998
1960328833678065722
1960329661642133899
1960332175280136221
1960332481522982979
1960332631662600555
1960347046101053515
1960347962309021879
1960357337673130145
1960363962220110175
1960375078014570880
1960377923216781417
1960384198801277171
1960463242704077130
1960607923983274186
1960619354233692594
1960619756085485973
1960621607120199962
1960622148440985834
1960624116689723845
1960649360406143230
1960649440638984612
1960651634159100176
1960651741126656184
1960652686052954368
1960676014255694262
1960677076341809543
1960677704837292335
1960677989102088462
1960678560362061995
1960679094711877662
1960679871719326150
1960680483093930193
1960680897122066492
1960681403882025134
1960681682551628110
1960682212421951597
1960695001731752331
1960696307099611559
1960701752065581555
1960702258141913189
1960714529580499352
1960729540634050758
1960925074078490672
1960928158276047020
1960930348705177625
1960930761072369901
1960932096760824108
1960934559371157961
1960934883376673062
1960935287984373848
1960936817685094901
1960936866661704093
1960936923364540683
1960937016327069845
1960940058833277202
1960945385830031525
1960946343570035154
1960946853358526638
1960960284253700584
1960963181976690901
1960965012996153504
1960966049790103947
1960966724200882302
1960967443074916567
1960969493473321076
1960972726404788294
1960974311738487218
1960974954788237708
1960977569181733256
1960978297900486949
1960978718660149487
1960982477318627455
1960988138781680056
1960988161816891488
1960988462632362002
1960991063172124750
1961008040205058472
1961009952232738843
1961011013077385462
1961013570155729074
1961016350463164527
1961018613105618992
1961022468140745079
1961025415134523465
1961026253479432699
1961029167195246629
1961030720907776274
1961031601661624559
1961032391809511748
1961032777924755786
1961033121341874183
1961033490495070404
1961035662712299871
1961043438574645607
1961044158946431036
1961044742390579356
1961045271103910202
1961053634705371409
1961056313812922482
1961056605400862755
1961058878457811126
1961063707599114331
1961068362319925304
1961074048152347076
1961078138093625678
1961078703208968380
1961092309727998420
1961093117760725185
1961094669141717477
1961095216578138407
1961112929778213080
1961119909938598024
1961119925935972827
1961119941228474691
1961119955522371605
1961119974334038422
1961283067848335531
1961285627695272322
1961286257700737045
1961286859595944308
1961287215457472584
1961287586208710730
1961288040825115023
1961288488239944006
1961296760695107739
1961300928637858025
1961304199041560666
1961304979349680410
1961306458873626815
1961308406851236069
1961309236765626674
1961314590849135030
1961331530749428163
1961333206789013527
1961333321490919921
1961335405619679490
1961336705379676430
1961340642417938761
1961343343000265163
1961343926226620707
1961345039860478238
1961345045539516568
1961345100271030616
1961345147263959539
1961346786557104632
1961347098491982208
1961347401387520307
1961347498527600740
1961353883202228490
1961358261862711770
1961362662484578318
1961362677999309222
1961363103251403104
1961367594403074113
1961368902677729356
1961373478193594773
1961373622653620632
1961373966288794002
1961374833792446932
1961376233339441535
1961377037634945059
1961377044111179824
1961377508676272181
1961377561734517032
1961377886658859496
1961378153374335339
1961378773489914207
1961378917664919891
1961379816311251316
1961381054360817943
1961381243247022387
1961382742161330503
1961383011250774313
1961383739646480549
