1529037113513353216
1529037147281698816
1529037493961891840
1529037569509695488
1529044275647815680
1529059336328081408
1529093489887043584
1529094445789958144
1529128691313549312
1529128905109835776
1529129062547206144
1529137864524861440
1529149513444696064
1529149650078269441
1529149677471342594
1529149827644215296
1529149932958928896
1529150359037681664
1529280006509428737
1529293641360912384
1529320508965396481
1529327288428285953
1529327288436740097
1529331789827022848
1529333642706620416
1529337371522523136
1529358936704307201
1529370304572583938
1529371749178961920
1529372658034323456
1529376278713110528
1529384367276949504
1529386298405859328
1529388883850407937
1529389231139078145
1529392052319838208
1529392853528371205
1529393303115796481
1529394385451749377
1529395369854967808
1529396150435860482
1529397116178554880
1529403613344198656
1529405962859098112
1529408937660850176
1529420569116307457
1529428252736901120
1529429546608381952
1529437304829247488
1529438146613522432
1529440143232208898
1529441982258757633
1529442200651587585
1529446664070565888
1529448084287025153
1529454493024235520
1529461409721241600
1529464838891909120
1529467954110136320
1529468975087702016
1529469955422318592
1529469962149953536
1529474987307900929
1529479602384449536
1529479796610109441
1529479996959469568
1529504751272198144
1529511140169945088
1529512894739906561
1529687791226920960
1529702865798762496
1529703814818779136
1529705013013979139
1529708010649464833
1529710317361430528
1529710668990980096
1529712770622533633
1529718702106476544
1529718812668354560
1529721089668296704
1529721539956178945
1529724420377706497
1529724713769275393
1529724764486799361
1529725558623711232
1529727782108155904
1529744431427244033
1529770996747878400
1529773962259230720
1529784339722305536
1529804015625990147
1529804572784742401
1529804914989613057
1529805445082521600
1529805487042342912
1529805650070732800
1529808896365236225
1529809415536517120
1529810259753152513
1529812363062284288
1529816523518275584
1529816602035621888
1529819192756604928
1529820260018159617
1529821545081626628
1529822034716348417
1529822169735147525
1529823092830220296
1529831076356468736
1529831082941485057
1529832763230400512
1529832788886962176
1529837792859107329
1529841567900438528
1529844694175232003
1529851667809652736
1529851672712818690
1529852950687801350
1529854494057504768
1529859361979260931
1529859365657665548
1529864679820267520
1529867624540098568
1529874199862714370
1529875342386958336
1529879113548238848
1529888903750045696
1529999722550661120
1530014873568317441
1530022698528964608
1530030623146246144
1530031211296727040
1530031983476502528
1530032085393879040
1530032176401907712
1530042760522534913
1530043342633181185
1530043715771039744
1530047789912436737
1530048566991155200
1530048610725142528
1530048737103736832
1530049009758654464
1530049091757285376
1530049153543581696
1530050246575034368
1530050432906960896
1530050491564310528
1530052821583732736
1530069376753209344
1530073016440217600
1530073271190044673
1530075144131350533
1530075684185710592
1530076731452710912
1530076737899360256
1530081357929775105
1530081517825044482
1530083011907432448
1530083181290205184
1530083420784988161
1530084139843874817
1530084823259574272
1530084920944914432
1530085859986636800
1530085995722731521
1530086240334544896
1530086566127104000
1530087905544540160
1530088466176159744
1530089662790139904
1530089936686546944
1530090745813962752
1530091443578339328
1530093873896095745
1530094805467820034
1530094811763466241
1530101070780764161
1530113376470216704
1530113725226549248
1530115424121081856
1530116010853793792
1530119070263443457
1530121678285484032
1530122476851671040
1530123289565114374
1530125950406766592
1530126253143265280
1530126323418820608
1530126982553702406
1530127016246538240
1530127028632297473
1530127424675266560
1530129889411858432
1530130591563550721
1530130651453997056
1530130955729780739
1530133012708757504
1530133142614732800
1530133197371379712
