1962438846265917665
1962439792278519819
1962440706418741680
1962441750670442794
1962458478389465405
1962459284291399941
1962464756763353531
1962465890072719847
1962466144427929989
1962467266370654504
1962471745178464315
1962475841620951396
1962477954082197581
1962478618816532774
1962479221277970628
1962482828626764099
1962492760554172738
1962493525272191294
1962494402783584257
1962496199749218559
1962496741271548339
1962498768865272033
1962499718317273272
1962500144622088291
1962500367742373960
1962501142442901568
1962502024974758205
1962502515683151941
1962502886983971128
1962502892327452963
1962503230702907537
1962503859684909169
1962504440566702423
1962504446015062066
1962505913643999439
1962505918706581835
1962507205485408694
1962507210304770396
1962507976146849892
1962507979535860118
1962508226613936445
1962508928903979274
1962510265884561896
1962513340124856583
1962513591766299062
1962513596711338173
1962515330343006509
1962515336584147143
1962528103630348554
1962528108613079139
1962554285566386572
1962555430980464759
1962555456792252513
1962556618547384686
1962557039970058436
1962557762925400215
1962559257808949750
1962559964486238309
1962560744819696030
1962561948563972580
1962584814974099892
1962628070269177904
1962688223311995122
1962689396727287933
1962704591201673710
1962705640184541418
1962706636629557419
1962707676972097653
1962708413026361642
1962709440098115690
1962712593958871309
1962712599432396915
1962712604335579247
1962712608890630317
1962713720947421412
1962713724109853049
1962733722152706211
1962733986985251311
1962734535252058584
1962738895487197269
1962748260860166170
1962760945626947736
1962762087572348960
1962763052396511556
1962764730277527989
1962765072184561920
1962768360976064924
1962773014468235673
1962774323472801945
1962779077213061274
1962781269428928601
1962787236380057936
1962787240041685027
1962789594652708913
1962791372882354405
1962792296661090474
1962792939702436194
1962795038406254610
1962796250417557533
1962798311062315039
1962798415408160808
1962798847257911677
1962799366877651423
1962800761009775034
1962801993975783770
1962803765905629702
1962804383487549650
1962805334608867610
1962805705725092212
1962821782437798154
1962825190158803112
1962827714404254068
1962830325916279075
1962834103105093778
1962834311570432121
1962834993924972721
1962840775491989615
1962842208966783222
1962842664354877532
1962843243546308825
1962845214953148711
1962846900035727795
1962848167302692884
1962855592521003086
1962857760376443161
1962861648341094431
1962863528685248560
1962866050074378358
1962866693530861853
1962867875154416055
1962868790011773117
1962872385511780374
1962872972139737438
1962887116633051265
1962896148706005043
1962904970979909967
1962906952348078263
1962907337720729960
1962909393248543220
1962909399275778252
1962909404703199385
1962911779279020436
1962913403472871805
1962966681036501119
1963019617527386177
1963020763776143702
1963029220537291070
1963056846010515618
1963060280558313813
1963080812863357013
1963081247405834717
1963081745601069362
1963082020479005000
1963082259520762265
1963082270941528201
1963082522843349209
1963082639105261867
1963082775936024897
1963083052961431809
1963083439940501874
1963084049788129765
1963085794006204531
1963097840802213961
1963098961310368130
1963099580486353373
1963099584114434218
1963100032552587460
1963107160902312449
1963116405160546637
1963116988320125112
1963117438234448327
1963117460959141944
1963118391520022880
1963118993868202014
1963119491383988286
1963124147636384152
1963125488505044994
1963129925772378254
1963138528721994132
1963139498084278451
1963139970568437927
1963140402707681444
1963144755136868683
1963145385201029176
1963147052952519080
1963147059365814592
1963147885857411537
1963148449659879637
1963150780447248647
1963153283553309152
1963156474265514169
1963160315341738152
1963162735593545748
1963163689311199396
1963171445279728061
1963171451730641108
1963187305549861154
1963188375294476501
1963189976058974518
1963191550676213960
