1812704159319335174
1812704635637072308
1812705393753326054
1812705547197771998
1812705627975893426
1812705816891515370
1812707046862770216
1812709635583062343
1812712837565091916
1812713630775095577
1812718220320878854
1812719839640756289
1812720569001050289
1812721536157241661
1812721762960113912
1812721988462686313
1812722208000881087
1812722351349600559
1812722495524593977
1812722757660229789
1812722977831874695
1812723180655816981
1812723420746101168
1812723700367782142
1812723965837844740
1812725308677611925
1812726418549494132
1812727966167888317
1812728513083945181
1812729111887880559
1812729497596330025
1812730211668259271
1812730216298815629
1812730750665658614
1812730865606385944
1812730923990867976
1812731266883789052
1812731344046469467
1812731686284861759
1812732776522858759
1812732935528743318
1812733699122942318
1812734210463220073
1812734562818220387
1812735303444259063
1812736278636708183
1812736815591485587
1812738097630896492
1812738739510427742
1812738992321991090
1812740436127351262
1812740440820682984
1812741012575633839
1812743127226323067
1812744231171309869
1812745359627862421
1812745607452446928
1812747866152280182
1812748291676983627
1812748710797033531
1812749831120785743
1812750332159840333
1812752869210435644
1812753077922853160
1812757192954761680
1812759116386894197
1812759700812734839
1812761528283672706
1812762103457157289
1812762847589376296
1812770326792548553
1812773269444911514
1812774027024646170
1812781553996726558
1812783438572957749
1812784168289620228
1812785800045555801
1812791855790403781
1812792314424942625
1812793965995078013
1812794009229901937
1812794768021434729
1812795556676174039
1812799119225745464
1812803955346247748
1812809334000431261
1812813445118435397
1812819635445932533
1812820364315222364
1812824897342627991
1812824899477504015
1812827181346595051
1812834509232198066
1812836120876503124
1812838275192619406
1812842051135848706
1812845824281366851
1812848806331117738
1812849192697749583
1812849208854249550
1812849223186194434
1812849613591965832
1812849964667765135
1812854224981520840
1812855264388759630
1812857149087006798
1812865715374096667
1812869859413467527
1812870139576230284
1812871945081520454
1812881101884670155
1812881537416990967
1812942146707812477
1812942387007922452
1812942407216034057
1812942530075672577
1812942544847958515
1812943009283252662
1812943053738680653
1812944912066965655
1812945179617468446
1812945233224868299
1812945290993016992
1812948190716444982
1812948439485063308
1812951046094004697
1812993045237014582
1813017242445181272
1813018533548466413
1813018564020084844
1813064689850720616
1813064825875911003
1813068515395445180
1813068542708789291
1813068621121249545
1813068697025560753
1813075279721734386
1813076322186633343
1813077138519855308
1813090865209876915
1813091347726831937
1813091920479969779
1813092568206327898
1813093170932015490
1813099773978710099
1813100448699850870
1813100836580696456
1813101254324765030
1813101517299458350
1813101801476137308
1813102059660714277
1813102160046891420
1813102704669172047
1813102963440877751
1813103311303651688
1813103491176624489
1813104069939990910
1813108155049451748
1813111511956496592
1813112228645667080
1813113739396456611
1813114981904490923
1813114988053111152
1813116321313530269
1813122238666973294
1813122394095222799
1813123368213705128
1813123948886040776
1813126426700443881
1813126849347919968
1813127313745453088
1813127914323648693
1813128164513837405
1813133841466614014
1813135756078018731
1813135760876576783
1813137385078857739
1813137666663182712
1813138309214052680
1813141715664138386
1813141720193974283
1813142493061324875
1813143550122430809
1813144474132095483
1813144721058893921
1813145494530760887
1813146263816446083
1813148523682316637
1813151359950332270
1813151520541843496
1813151599256347132
1813152973666525401
1813153488316055586
1813155193208644092
1813155913597132969
1813156860675125567
1813158344003109047
1813161491539107922
1813161908159057964
1813162571882721344
