1523547102873219072
1523547435808690187
1523557028832063491
1523560229698301957
1523561529634738177
1523561841401937921
1523562075242790912
1523562272878395394
1523562470757265408
1523563250138329088
1523565173482553344
1523565875915153408
1523565956722688000
1523565998468608000
1523566005082988544
1523567296165294080
1523606287673872384
1523608177971183616
1523609106560733186
1523610717022474240
1523611698875502592
1523612269615390721
1523614085786763264
1523629248535474178
1523631408971141120
1523633805965160448
1523633834377449472
1523651220111433729
1523651273790136320
1523651390416900099
1523684529646743552
1523684534621188096
1523687410416033792
1523711097857277952
1523720999451037701
1523729195636985856
1523729231573766145
1523847771715174401
1523847918884642826
1523848374986113025
1523848981012713473
1523868877045723136
1523883198731546625
1523885207463497728
1523886720940670976
1523897327555321856
1523898700938223617
1523899202862186496
1523901215951974400
1523911640290189314
1523920683197100033
1523921373118095360
1523923252648632320
1523923263163797504
1523923289621508096
1523931410884558848
1523946460877795328
1523956628676288513
1523959611056828416
1523965292006625280
1523968279672360960
1523976385911349248
1524003262990458881
1524003847269617666
1524003850167848961
1524028351362760704
1524029522659921927
1524030600340021251
1524042712382468097
1524070883660378114
1524077356226609152
1524078335936307200
1524102052951228416
1524102296329949184
1524102530682486784
1524105344599101440
1524105384382058496
1524105521066024960
1524105592708628480
1524105735352852480
1524105807599931392
1524105845088604160
1524105995076599808
1524261081514127360
1524265711593725952
1524271369424629761
1524274507514789889
1524274511323213825
1524276354132623361
1524276357764886528
1524277368201777152
1524278135151534081
1524279253088751617
1524280964008275969
1524281380695252992
1524283488433631232
1524284496824004608
1524288801673457664
1524291066266255361
1524291537739616256
1524292723909734400
1524293254686339072
1524301920784969728
1524303075497811968
1524303888886632448
1524305902257401856
1524306528207241216
1524307398231400449
1524307405156147200
1524308358030757888
1524308796998242304
1524309157674774529
1524311722626260993
1524320477057261568
1524320483235495937
1524320490999148544
1524320502386683905
1524330165844668417
1524333669200334848
1524335013713833984
1524335145708560384
1524335421022674945
1524342088929738752
1524342919921995776
1524348159694340097
1524349254453854210
1524350453127204869
1524350691170734080
1524352127971508224
1524356060827766784
1524362704374276096
1524399089202262018
1524414480544931842
1524415960337510400
1524418203942014977
1524522364226007041
1524523312897871872
1524563991355596802
1524564046552641536
1524564073417175040
1524589006021079041
1524608094030155777
1524608103677067264
1524608115890855936
1524608124128477192
1524608751587577857
1524631748151492609
1524631751305601024
1524632156596625411
1524632167803883520
1524638107173556225
1524638110927433728
1524639557018615808
1524639561842040832
1524644643698507776
1524646111046438912
1524674751113080832
1524674757433921537
1524675460705427463
1524680160854700033
1524710267736956929
1524710403322048513
1524710474881077248
1524710541784399875
1524710850128662529
1524717993129054208
1524729251957997568
1524731887276593153
1524735588804739073
1524735688046149632
1524791000077856768
1524792287334903808
1524799744601513995
1524804033420005380
1524845751959900160
1524860335152590848
1524860467977793536
1524918341025996800
1524918467383554048
1524918474216116224
1524918517975293952
1524975973703516160
1524985255383699456
1524988890972815361
1525000570515619841
1525000575888531457
1525007878192369664
1525007946509234176
1525008331009499136
1525008399124922369
1525010034731544576
1525010982182957057
1525011686209593350
1525011693188706305
1525011972810743808
1525012110769799168
1525014436326412288
1525014708784287744
1525016304750841856
1525016308794130432
