1449196568549019650
1449196617647595523
1449197106665701379
1449197262245019649
1449198097599401987
1449213694043295746
1449213969546166273
1449214444362473472
1449214472820645888
1449222734169264129
1449236226343464968
1449236696898228225
1449236734613458948
1449237429685157896
1449243272233177094
1449243309151424512
1449243527448199169
1449243741030535172
1449243793182527498
1449243861750988801
1449249790772977669
1449253018889711619
1449256675047731204
1449259320420356096
1449260812418224130
1449262474595766275
1449266763288350730
1449269217484623872
1449270953377099779
1449271090795012102
1449274631232262149
1449278839838830593
1449282488946204674
1449285064873766914
1449287446907146242
1449288295251283972
1449289439813898243
1449310139790417920
1449311300333432832
1449311973514960906
1449312418752958464
1449313028248260610
1449318573625655296
1449318869831610377
1449319246878568448
1449319818583183362
1449320304497479685
1449320920254861315
1449321082524028929
1449325181227257858
1449326841689378823
1449342703188070402
1449343016917889025
1449343372838072326
1449343838913368067
1449344648648937473
1449345031978897411
1449356119621525504
1449356157064073228
1449356240442707969
1449374983692513285
1449376738115416069
1449377282745720846
1449401559645704201
1449405244257931265
1449408341558452234
1449409738593079299
1449410447711424512
1449412584680005635
1449412990952894464
1449415195223228420
1449422352903663624
1449427566180257796
1449433622834909187
1449439875397132290
1449440614378979329
1449557902012805121
1449577959145148419
1449578005374779393
1449578335399411714
1449578515355955203
1449578772659773444
1449578977916456964
1449579145831223296
1449643264370307079
1449660717074767872
1449670910001102860
1449686719490498564
1449690974888759304
1449697959558336521
1449701385025380354
1449701419964010497
1449704045073993733
1449704089084784643
1449705144849891338
1449709411245510665
1449709582524190721
1449711848496898057
1449717778844250117
1449719323178594304
1449720315081228294
1449783797986123778
1449783837681074180
1449784096545140744
1449784225234702343
1449785074770071554
1449792843644477448
1449793224654999555
1449948140556013574
1449952906493317127
1449954167779250178
1449954808094285836
1449954852084207616
1449955117550092291
1449981474669621248
1449981900978733062
1449984456505249797
1449985018579730435
1449985245202157568
1449987408112455692
1449989188951023616
1449991307590397957
1449993175787999236
1449994450264985602
1449995239767220224
1449999482850975746
1450003138472120326
1450012678412402695
1450012949402189828
1450014431342071815
1450015083778564104
1450016142701961217
1450018251505737732
1450018787403526146
1450019620425900037
1450027016690933764
1450027024026722306
1450027223952486403
1450027421625847808
1450028512576827395
1450029765256089608
1450030937731784707
1450073430888370176
1450105202242056194
1450127084009918469
1450144173374410756
1450144544377376768
1450144594490847236
1450339281797406726
1450339825383469061
1450346453335900161
1450349912130867204
1450349947094589446
1450353453427933191
1450353653592702981
1450356909941268482
1450358239132979207
1450361514553069569
1450361678655201288
1450363961669349378
1450364992549572615
1450366007092994053
1450376310421803011
1450376730833657856
1450399193428738053
1450425518881267717
1450431633971052564
1450432634471862272
1450432673407639554
1450432684077957123
1450432726461554692
1450432942946209795
1450434006911127560
1450438166574292992
1450438570016002058
1450438593692856329
1450438915534454785
1450439782215995392
1450451913875640327
1450475583226331136
1450476381704499217
1450496367005089792
1450498411929620482
1450512646424334340
1450677383166529543
1450678165060263943
1450678403460263936
1450684160301961218
1450684441504845833
1450708262953701381
1450713807131533314
1450724917373140993
1450726609909018633
1450726762187411457
1450726951912497152
1450730330109796353
1450731411053236226
1450736087018573828
1450751622183743497
1450761852217028615
