951668313184124928
952556235156434946
953510048860291072
954519189997346816
956500138788241410
956813709149536256
958196193711947776
958680397784563712
958693031506407425
959461475470290944
960823052731785217
962197710714454021
964025160587132928
964449638068596736
964807406654963713
965596363651088389
966127604645244929
966195570300932096
966277929654140929
967094563490775041
969963859774615554
971261006084263936
971351272228929536
971652091977478145
971985601451851776
973910587196362752
974249162458845184
977585135695507456
978144651675803649
978278710003380224
978538798836432896
978905186713395200
981135823931240453
981136209605836800
981137572205219845
982197947487043585
983636521868713985
984288976478482432
984304517372981248
984320203201830919
984362283697516544
986605040960860160
986605221324271616
986674028873056256
986804811470274562
987204314752954368
987395004061503488
989133224814170113
989156493575401472
989220420216733696
990087093434040320
991175619978317824
991946688448217088
992954881710346240
995604673921875968
995973144773980161
996010724861272064
998455837206065153
998821731518201862
998909758387077120
999183754944905216
999555073502990336
999558767913009152
999559500532146176
999559839268286464
999560038082531328
