1983013354802487734
1983015705378255091
1983015712059740283
1983017162756264409
1983017167328088185
1983018023222186191
1983028891921842345
1983032199881556125
1983038495334731914
1983039021321482506
1983051213215281383
1983053191412342980
1983053871313498452
1983054440048537978
1983055110742953991
1983061680285171956
1983075138393518445
1983075562706141518
1983077678430466191
1983079227173024042
1983079415463780826
1983079564827078872
1983080408310001910
1983081002088939800
1983081617145884931
1983081916221059238
1983082516463657208
1983083371652632913
1983084252297392561
1983085123089375375
1983086342809800965
1983087086954479741
1983087386881130977
1983087425670025422
1983087532482146405
1983087699444564422
1983089211348574439
1983092214944411791
1983094736123732255
1983094829405090222
1983095151364059497
1983111117439381704
1983112145467539844
1983112660016345128
1983112666735620512
1983113162900553743
1983114107881763040
1983114846582280245
1983116214407966826
1983119585051300143
1983120670163861515
1983122131434037681
1983127110769389866
1983128260671049811
1983135278395986306
1983135542792360374
1983138227461509321
1983138254040809740
1983141365119639625
1983141965618192773
1983143035643842603
1983143652114260391
1983144209856246071
1983144898879496549
1983146481012932791
1983147164017516997
1983148364758954001
1983148901936034242
1983149617425596743
1983152210407301434
1983152667158556754
1983156037239935294
1983156077614211469
1983164197132480794
1983164347170910440
1983170258790682919
1983172829030859023
1983176016043614356
1983180134023942506
1983184095560839203
1983186308748194208
1983188117323690319
1983188434253709699
1983189824090853643
1983193892049899935
1983195258809884754
1983195428226294188
1983198076958585158
1983198096038473829
1983205619604635738
1983215874866549121
1983221401088647216
1983228739405160560
1983236720087970103
1983330440837820630
1983351000305152398
1983360639646216372
1983374061464891830
1983375740482523472
1983386554614829205
1983401408352120959
1983402917978865923
1983403667631026583
1983404555443552494
1983407183250514217
1983407912182771718
1983410213219885541
1983410686974918835
1983413842265944099
1983416733722652809
1983424848891404755
1983432990752682422
1983433488822132889
1983436237919641837
1983436312331108647
1983437099803320491
1983437278308642990
1983437501961527761
1983437925707927893
1983438391141380444
1983438594661593404
1983438725951750258
1983439269491519932
1983439796476559851
1983440224471642236
1983440459214332066
1983440954062475284
1983440972966178877
1983441447274881087
1983441774107602986
1983441980391842165
1983442265730363799
1983442396814962921
1983442902740332687
1983443369272701031
1983443798333247854
1983444306779353291
1983444976840356157
1983447027678892109
1983448027001131269
1983448953799713084
1983449516893438292
1983449523528847774
1983449758476927080
1983450181837435061
1983450812149096571
1983450819250045427
1983451488207974778
1983451608311792034
1983457095534919952
1983458190114361747
1983458200390430725
1983458207461990711
1983458908267295027
1983459182268633146
1983459187805114384
1983459862593077399
1983460748522324009
1983461432223257011
1983462491977044405
1983462533576204780
1983462549694845355
1983462569353629773
1983462590744584219
1983463390271218037
1983463406939349191
1983463427122331918
1983463445346554259
1983465475125416035
1983465481681211540
1983465488383693186
1983465494930919728
1983465686833025168
1983466124043014562
1983466386350559706
1983468340829176109
1983469285352833448
1983469426893844848
1983470126499242292
1983471153411973233
1983471159980253663
1983471801540993477
1983471849024757849
1983472556092072349
1983472583157919779
1983473299821912228
1983473834956407198
1983474476810662010
1983474556141711443
1983475205273243661
1983476290360590456
1983476803575644570
1983477545757741342
1983477727467581825
1983478324732317872
1983478620007084320
1983480190874587176
1983480926987595940
1983481384682524817
1983481470422507802
