1796350970852471042
1796364223079149794
1796385634413646248
1796403089328742835
1796409980373160004
1796411904417775998
1796415058903445868
1796415064381268297
1796415070462976461
1796421499706064942
1796421857891221934
1796432050691707147
1796456005502677405
1796462948149559789
1796468898880971032
1796472504195899615
1796472566238036053
1796484646399865166
1796490757551149470
1796496852575007016
1796504922189709400
1796527867175583970
1796543497027379563
1796555546214199807
1796567337363226624
1796567454443098203
1796567957696581832
1796568037979799944
1796571527875600794
1796571552840077447
1796571614982861249
1796571855689810114
1796572011193647235
1796572024665747838
1796572038750220364
1796723343653040564
1796726610781143345
1796761088320512327
1796768764496859246
1796770131923845567
1796774166387216442
1796775005726068923
1796780818620416077
1796780850211950995
1796780883091087402
1796780907011154393
1796781868375015595
1796782194444419122
1796785180507766927
1796811863810060629
1796818796067631126
1796832337864618303
1796839803419541842
1796840597090873413
1796840841790796040
1796840861457850596
1796863214573265070
1796876249887060400
1796921109402857892
1796921255402348988
1796926731267551259
1796944069521801605
1797079435587264847
1797136548666003643
1797148195535155345
1797151385131393389
1797155852710727777
1797156104742584667
1797157004961816972
1797158084990881843
1797158983884746754
1797187140172103935
1797266320540778687
1797288259648975104
1797288337251967275
1797289085192847606
1797309944578089425
1797325582604386609
1797325704994124060
1797335250181468348
1797335559620424023
1797336424964112729
1797343226963415242
1797443585081774366
1797446329335234850
1797457768208826722
1797458879414198676
1797467922199458144
1797486296694407456
1797489445353979946
1797489632357318965
1797490072989860061
1797491209507909877
1797491236561174674
1797493248669421657
1797495831404376481
1797497415320158702
1797499775325208914
1797499783906771207
1797499938533974233
1797501599713267719
1797502349927395459
1797503069095412143
1797504406197506352
1797505764015440289
1797506565513290041
1797506924352766281
1797507361164403077
1797507365811765455
1797509352846131451
1797509393195635008
1797511595192689105
1797511881378459770
1797511885266506006
1797512610365181994
1797514500842954867
1797514855366475853
1797516188299456601
1797518423997792745
1797518427424518297
1797518675509133334
1797518947442676207
1797519753189392425
1797521196072009957
1797521633462145053
1797522680914338183
1797522985290539420
1797524414122369416
1797526191110516788
1797526493394006175
1797526632288416218
1797526878842171709
1797527247160762779
1797527734815748212
1797528279693599176
1797531450692018527
1797533943971164471
1797534663600447642
1797538210920403162
1797538236291850321
1797540424187555961
1797543617369690529
1797543696822600164
1797544424110694756
1797544480964591715
1797547040928592241
1797547053163459033
1797547069177282843
1797547081026117820
1797547209275388214
1797552619629461671
1797555288226275803
1797555795414172128
1797556073530085630
1797556157294465163
1797556452225396951
1797556731159159130
1797556883223663010
1797557561006383181
1797569190372737401
1797571192196567282
1797571305409253600
1797572388499955831
1797587256934359278
1797587820246438331
1797588896827727887
1797589836708385174
1797590299914666430
1797590335255949534
1797590350724522127
1797590440579100987
1797590595973648399
1797591021624426933
1797591044076503387
1797591087139459095
1797591099634257939
1797591115073458287
1797591127240872215
1797591136791368020
1797591148682485968
1797591159180857797
1797591191514656977
1797591201413292166
1797591219473895525
1797591529583943962
1797591550249304268
1797591631513928185
1797591672601321624
1797591697536512331
1797591724878893277
1797591735352328229
1797591792218697907
1797591831737495847
1797591848325959829
1797591866927382864
1797591949295378845
1797591960662011970
1797592223271563367
1797592769416102093
1797593241233260581
