1252575630278844418
1252576301807890432
1252611247117225985
1252611465422360576
1252611815676076032
1252612610412826624
1252619542200676353
1252619591202660358
1252641239310020608
1252654964561842176
1252671045850460160
1252798990174699521
1252799445910958081
1252799577222049794
1252814231537242114
1252821939732672513
1252827218188759046
1252827481515585539
1252827845828636674
1252829001585815552
1252845599902162944
1252847384201027584
1252849246488768512
1252858342470332416
1252860147216470021
1252860824806277120
1252861615096999936
1252862902425403395
1252874739850174465
1252878359303909380
1252878730898231298
1252953398531502080
1252964196620234754
1252964225363795985
1253163042415796228
1253171447616299011
1253212971628589056
1253235375730016256
1253257603842367489
1253258585548689409
1253259969035743239
1253264440994287617
1253270054763888640
1253308048786862081
1253319162056728583
1253331548759183363
1253348606209335296
1253349317718560770
1253349354221568003
1253359748457492480
1253383385126330369
1253384114356412416
1253523513849204737
1253524683275689984
1253541574941618179
1253549138148380673
1253577328988315649
1253578233271877632
1253586494373064704
1253596173979418625
1253596618357526534
1253601121039351811
1253606047958392834
1253607862565326850
1253608069998706694
1253608276526325760
1253608740806426631
1253608902207451136
1253609053814763520
1253611142343081989
1253611785514438659
1253612000736718849
1253615641426227200
1253673474473639936
1253678400100798479
1253680080951234562
1253680190300893184
1253693496441085954
1253706846235435010
1253707361887215617
1253722768325046272
1253873128670969856
1253877538515910656
1253877640206807041
1253878639189360640
1253878936322183169
1253883002603499520
1253883627428970497
1253901138312622086
1253901622935085056
1253902258485342209
1253902332145700865
1253902585724940288
1253902665320247296
1253903022226194432
1253903981438357504
1253905775698653184
1253905838525145093
1253905879868379136
1253906000135872513
1253910184658980865
1253910832720707584
1253910849598550019
1253925775834636289
1253925820814356480
1253929069466411010
1253931752982265856
1253931763560255488
1253931775132303360
1253931792639328256
1253935936825700352
1253936257853460480
1253937094126436352
1253937266889756672
1253945803841798144
1253956110966337536
1253964994548387841
1253968788745158659
1253973751386959873
1253974100487180288
1253974474656935937
1253974945618472960
1253976062867824640
1253985728700149761
1253988117226254337
1253988137597931520
1253988173606076416
1254035039035068417
1254037513041260547
1254045166597332993
1254046627385405442
1254056922027679749
1254056973181448194
1254061088364101634
1254061193213259776
1254061858601832449
1254063282043805697
1254064479714893827
1254075205116289024
1254075425451466753
1254079553431048195
1254103773330337792
1254112744330027009
1254113899411955712
1254260547349929985
1254260684096847872
1254272264851226624
1254276256197033985
1254283931731427329
1254321314224992258
1254322420720123904
1254328039875346432
1254351896816635904
1254380063908196354
1254387235723476992
1254389699218509825
1254390423293882368
1254391488848572417
1254399872691666944
1254408934149906435
1254413867582541825
1254414155441770496
1254415444305260545
1254428010117246979
1254430202215698440
1254443209104728064
1254447240585740289
1254449623252348930
1254464430395609088
1254586698010251268
1254597451303940096
1254617195532808192
1254640678795120640
1254644307237064704
1254649000998825984
1254657342324346881
1254672423137484800
1254675188920262657
1254676076170797057
1254676187659538432
1254683742733504512
1254733669299703809
1254767291977236481
1254795746395684865
1254795764238356482
1254795857154789378
1254824358805073920
1254841290820186114
1254943163459923968
1254947804083970049
1254951313437339648
1254957541680971781
1254969564363755520
1254988226823024646
1254993276953718784
1254993329961328642
1254995215745609730
1255003206788120577
1255003250270466049
1255008550377517058
