1492070799414497280
1492071466501693440
1492134926715867138
1492145976857210882
1492148450221510658
1492153888761593857
1492155135799496705
1492155515727937538
1492156555965476871
1492156573309104128
1492157582953545728
1492157794736558080
1492166299329658886
1492167896394395651
1492168009472823300
1492171207881289730
1492171325007282178
1492171829649104899
1492172174483881985
1492180508893380610
1492183871743741954
1492184314800644096
1492201827081007105
1492206174564847617
1492326465794633735
1492333985732919296
1492349172057776131
1492349454313463814
1492359275448270849
1492359347531567105
1492359376078008321
1492380294405849090
1492380297748303872
1492380595866931203
1492386955929489411
1492387549821607936
1492395079830732801
1492395217399390212
1492417649548328960
1492418833382256640
1492432369986719752
1492438153369579522
1492438658611580935
1492448234253729794
1492454192510046208
1492454486794993667
1492454778626277379
1492462281187524616
1492466049933254656
1492473499096870919
1492477557639647235
1492478046234120196
1492479806902247429
1492479844109922305
1492482903292276738
1492489592343523330
1492489656268910598
1492491283256180738
1492494199308296195
1492494277498540041
1492496732470771712
1492496998263828480
1492497831613329410
1492523784695283715
1492567133347205123
1492679713705590787
1492680019713609728
1492733649640652801
1492733890985074692
1492740166360141826
1492740647711031298
1492740668422500354
1492740672524525568
1492741917486239744
1492743216147603457
1492743233826607105
1492748227619483649
1492748980136333312
1492753860724928516
1492753905058725888
1492754211058364417
1492754265169080320
1492763073098436608
1492763319731892226
1492825689397293057
1492853476963291138
1492859116058198018
1492859127403794434
1492868741948121088
1492875618333036546
1492895302441140226
1492923781379399680
1492923924468109312
1492923963466743809
1492924390170046464
1492925351252852737
1492925467854536706
1492925497399201793
1492926201748660224
1493095444892717057
1493096065415139328
1493103500368412672
1493103848918904832
1493104374998257670
1493104536914849792
1493110855403143168
1493111065781370881
1493125854469115904
1493129714919100418
1493129855906775040
1493145392950935554
1493145498752282625
1493145622907867139
1493145857163948032
1493146570380148736
1493146637958807554
1493153376653410304
1493153472858177537
1493154424805801987
1493158296601370625
1493160662280773632
1493160716161159170
1493165324841095171
1493168271931052036
1493171832446337024
1493173821033299975
1493192328957227009
1493231019775840258
1493231882594828293
1493252075760672773
1493263309952356353
1493290369508798464
1493290512131919872
1493290543723384832
1493290602221346821
1493326087912591360
1493326620727582721
1493326702969499648
1493328599641849857
1493390606877753344
1493407797223952385
1493408993414311941
1493409027274907652
1493484777814781952
1493485764059209729
1493486527212814338
1493488781814497280
1493489670251892737
1493494138179780610
1493509570810896387
1493509745637945345
1493519708481490944
1493538846923161601
1493539070664134656
1493539303263453188
1493539878461935618
1493540330083614721
1493540348421087232
1493540461432438784
1493542997505363971
1493549607174881284
1493551841317031936
1493555147506860037
1493555906315177985
1493583594996256768
1493610725197385729
1493611449121656837
1493627680885215232
1493630118757306368
1493631909045637121
1493631946379137024
1493631975089143808
1493631990188605440
1493632291377397760
1493633052354183168
1493633308600958977
1493633456362102784
1493641939052535809
1493642033541808128
1493644167024898048
1493651744823595008
1493654077653528581
1493654110494932994
1493665047234904064
1493754776848584704
1493785407460642822
1493811774055137283
1493811799401336833
1493811866686324738
1493811911267594243
1493811937049989125
1493811980834324480
1493812018398502912
1493838799239282688
1493839705301200897
1493840599535202305
1493840825499152385
1493840943673638915
1493840964968128513
1493865931650777088
