1963917472912023771
1963922695134871596
1963922914866254265
1963923369650475219
1963924059902918759
1963924360424804566
1963925411366334723
1963926118056210758
1963926658395807996
1963927825695867143
1963927831484010588
1963927836286407143
1963929229848182812
1963930267334394325
1963931263724847570
1963932085573595417
1963932695358222831
1963933286650020265
1963933927405732245
1963934689099759870
1963935059188064424
1963936174659301673
1963936788323668316
1963937054641012911
1963937646696153202
1963942397072625932
1963949373861298295
1963953248433545381
1963953493850378479
1963953535462130173
1963957792508956742
1963983443332657456
1963988064424091903
1963996028040061090
1963997076372828468
1963998474766254424
1964001092280123629
1964002271408390521
1964002277884088653
1964004741870240144
1964019744442634552
1964087051055169936
1964105666118726134
1964150601484292373
1964164948428292195
1964166857398604067
1964200070032523385
1964202852957515987
1964207054521856086
1964213292282380738
1964213308099076316
1964230949132259803
1964230957571199142
1964232677080334581
1964233728554934378
1964237687918858255
1964239390588489926
1964239835092156888
1964239886099038567
1964239910648394120
1964239949223362681
1964240250714091695
1964240377596035512
1964244006465863879
1964247365994389929
1964250522501677248
1964254012951126375
1964258315770212746
1964262689854619967
1964275342006206776
1964287440962658719
1964303805023211783
1964306106416845260
1964306120672940297
1964307234483019878
1964307370256826545
1964307595595759651
1964317873431855566
1964320241996992746
1964320466392268952
1964320499795972262
1964320528207954282
1964321257932902866
1964321291277857240
1964321313528697216
1964329897205387623
1964352574171009386
1964352607368986739
1964354584715178484
1964355613791834574
1964355633735512210
1964356410998718906
1964356763416760726
1964372690241835135
1964377853421900067
1964383870125752341
1964384691236302944
1964516711211671799
1964518350954123295
1964521098424569876
1964522900121337933
1964524060978893133
1964528067348746576
1964530446303363543
1964550195460657315
1964550210270744858
1964551121109996010
1964565489142944252
1964583616270286947
1964585466055053509
1964586601947816016
1964609907162022027
1964609922714505683
1964609925952553054
1964609954767421888
1964610106005635213
1964611679188378037
1964612504614744399
1964622934217244987
1964624019153633342
1964624841618887150
1964625367278522761
1964625406679761186
1964625415013867523
1964632191427879075
1964632202953765146
1964632396932030933
1964632558710452603
1964633926770856422
1964682565954240972
1964688845494202411
1964690760575619432
1964694347234115701
1964731703571972256
1964881488761274368
1964890517348778424
1964894962442813743
1964895395060056556
1964916490077175844
1964916909465596402
1964917341139120559
1964918812878213619
1964922184817881353
1964930666606555341
1964932250879095129
1964932352397992302
1964935579793007058
1964938032366383436
1964938059214201304
1964939307699114231
1964939437848355019
1964941249246572590
1964944408593539128
1964944864375947635
1964945075584340024
1964949641365168326
1964955276723069439
1964962710497673637
1964964870383878291
1964964877212279054
1964965375311012061
1964966366399865066
1964966444099088542
1964967998617424260
1964968156625248378
1964973890167558414
1964979760607674826
1964979766051897689
1964980754057994561
1964982747132481797
1964982756095693257
1964985129157505320
1964988529794261344
1964988900738482305
1964989855634760172
1964990451188109561
1964992048484036816
1964994826476400775
1964997242814943396
1964997318249467974
1965000077627572683
1965002260683125091
1965004766570066009
1965005616726040674
1965007291826192763
1965009929577828476
1965015406701351099
1965015649467691193
1965016553788944853
1965017209551692202
1965017313402581316
1965017989948018761
1965020919170240737
1965022180640694503
1965024188856717491
1965024996826464484
1965028215099166996
1965030924267258048
1965031979319267726
1965032167194702333
