1249011381862449153
1249011509877002240
1249012524969644033
1249034245667872768
1249036761239453696
1249174358431600640
1249235796504150016
1249246751308926982
1249247200187543552
1249301511802204160
1249304722315415553
1249313395955752962
1249314076502573059
1249317870904815617
1249317958796492800
1249355982775283713
1249361021736648704
1249379990514221057
1249539403396943875
1249540363833888768
1249541206301757440
1249542072069062658
1249543151682899970
1249556967950913542
1249568106466459649
1249570747619524610
1249571014771605505
1249592754692173826
1249593106644623360
1249593354993586176
1249594113936076801
1249604094395736068
1249625207452491784
1249628462773460993
1249633712297435137
1249643698847170565
1249644613452935169
1249655138660343808
1249655366754938881
1249655730325651456
1249726409452310528
1249893355049213952
1249893434531278848
1249916157890416640
1249922090766962689
1249926840480706561
1249934417822248960
1249935139758428161
1249937582592417792
1249940065918152714
1249950795698561024
1250015901358776320
1250023241378226181
1250043532317847552
1250049521016422402
1250050131983917056
1250053868311937025
1250083768225820673
1250120251938754560
1250250735893098497
1250254715142565890
1250289468017233920
1250309341057396738
1250332531402002442
1250424334088146953
1250452431835516930
1250492728250478592
1250681974051635202
1250682527360020485
1250683120283783168
1250686453719449600
1250708293967740928
1250731409460748290
1250742818030735360
1250742992757030913
1250743262668828672
1250751839298977795
1250753877386747904
1250773174674812928
1250776359661563906
1250776903247474688
1250783889783525376
1250820251778011139
1250820374100692992
1250820439573757952
1251002072662568961
1251002595843248128
1251009134889037824
1251014625165901826
1251032652498399233
1251038333095931905
1251047164811206657
1251047212320083968
1251047224894558209
1251047269266153473
1251088667424092161
1251090990623940609
1251178062906966016
1251179724782485510
1251179805497683972
1251356051024211968
1251356812588142593
1251375527090286592
1251397113881047040
1251400298993553408
1251407712929280000
1251417100893093888
1251421687574171648
1251422143398572032
1251445762598113285
1251454316960858114
1251469862368456705
1251473291136516096
1251500700636286980
1251500759339823104
1251500843771158528
1251508521301970944
1251508812520947715
1251508859505569792
1251514517919391746
1251545159210119169
1251594346509422592
1251701682443964418
1251704566103412736
1251705039497818113
1251721635301691392
1251722822545584133
1251724198684352512
1251741187012255744
1251746159556800512
1251746679453372418
1251750947249958916
1251751814082359297
1251752166722699264
1251757836834467840
1251787103651823617
1251787279548289024
1251788057633648640
1251795689236951041
1251812548011229184
1251823957977657346
1251870347411943425
1251877690186985473
1251914943739256832
1251917603603243011
1251919182905532416
1251919265633976320
1252070243930746881
1252090475281920010
1252098835918225409
1252139216764633088
1252154428666212352
1252165031132901376
1252165345885908994
1252166239306215424
1252168677669122049
1252169645508849664
1252169720087711744
1252169802551967744
1252178146025025537
1252205633333366784
1252209362627473408
1252213712003444736
1252213865464705024
1252213939368267776
1252213997958508545
1252215706558402565
1252215789320499200
1252216411797118977
1252216534400827393
1252216597801926658
1252250571244855296
1252250611480854530
1252265964562862089
1252268104194723840
1252269066464575488
1252269899562409984
1252302976863006721
1252435271582273540
1252445406874632193
1252446639245062144
1252447088090071042
1252459409843695616
1252459718838116352
1252459767055826944
1252489911174934530
1252497213739032578
1252503255063674881
1252510474039472128
1252517632923713538
1252523882675941377
1252534168568967173
1252548519828705280
1252548592553693191
1252552799126089728
1252555335987941378
1252555387368173569
1252555398747308034
1252557453792698368
1252558292737331200
