1952617953557610535
1952619256031699397
1952619846593921187
1952620016249327821
1952627813435199629
1952632092954673534
1952633828163620944
1952639697924354056
1952640008529289265
1952640879304561085
1952641538217132111
1952641948290003177
1952642192855499259
1952642678640066746
1952645553994727635
1952646272621424869
1952646278317289775
1952647164145914268
1952648490674176483
1952650118638833726
1952650124502487077
1952650837437624472
1952651391266066766
1952652216923505079
1952652368429875364
1952652389665874240
1952653113640571321
1952654471277989899
1952655523133759532
1952656687665467576
1952657992228487548
1952658201725325506
1952659143799537961
1952659184102555821
1952659781887345135
1952660476967428571
1952661933339095322
1952662010082267347
1952668626722455621
1952669012338344250
1952678110861668797
1952679120678080650
1952685704598700266
1952690028578214197
1952692314260054281
1952692870277992639
1952693222633062786
1952693917499134092
1952695173215113719
1952695882391937175
1952696755893477672
1952697589314240986
1952699413874278447
1952700889182994861
1952700896250302657
1952700901103468613
1952702888989327527
1952706387815059647
1952706789209759919
1952707382284566792
1952707992668750051
1952708866158047528
1952709424197369917
1952710528037519528
1952711277308191087
1952711819740717466
1952712567534887346
1952713288233730288
1952713702962348342
1952716334527041748
1952718897360052486
1952718904704532928
1952718911293825088
1952719214013284572
1952719218937401840
1952720732816912511
1952722677627560405
1952723260811915408
1952723818629444027
1952725465191358862
1952726073126580411
1952726180454608983
1952727492374282246
1952732934370119947
1952733928030163398
1952734147257999684
1952734577505484994
1952735699599245321
1952736805188485172
1952737455100026954
1952738004478386290
1952738519614468598
1952738766314942751
1952739463525798302
1952741872071315940
1952743974801694812
1952744910135628033
1952746078173818938
1952747067882737808
1952747094382399520
1952749645412634950
1952751761648722107
1952751911888617874
1952753139221741901
1952753147195150413
1952772236697641296
1952774460584673595
1952776534722494505
1952783211114729657
1952784349033841110
1952785217707483202
1952786453341356307
1952786469304590392
1952915867723022656
1952916734442389935
1952917191592157563
1952919795512525272
1952922606757396534
1952922665939026185
1952923067702993048
1952938803364282514
1952939788312691189
1952944724370931712
1952945978371350994
1952949543282348361
1952949971298467943
1952951878469484704
1952957117113221182
1952957234683809868
1952960823628021887
1952961456779198554
1952964622245634241
1952965216146473310
1952965247473729932
1952966414912111062
1952966962633687292
1952969188416602144
1952970182818971971
1952972341971202167
1952974172327751867
1952975378932511018
1952976926660014357
1952977789050921069
1952981277348642927
1952983215670739294
1952988179944096004
1952990246125355239
1952990563067937181
1952990867771539914
1952994730654220464
1952997815065690236
1953000234696753178
1953000466469798312
1953000611492053468
1953001218726609066
1953004686954418297
1953006744491442555
1953010834961252856
1953012401462562890
1953012791583096866
1953013902452593064
1953013906512749017
1953015161930842532
1953015168390070735
1953016493274173479
1953021268632191021
1953025278135156853
1953026443585196266
1953026453173658099
1953031423696294387
1953031855126540504
1953032286666146226
1953042058299527400
1953042612136624414
1953044956228272536
1953045297820819821
1953045831483048360
1953046806323183896
1953047638104047763
1953047669406126104
1953048511404229015
1953050057152102567
1953051249022259555
1953052235711009015
1953054507979723235
1953056573422481641
1953056605995753533
1953056839295275034
1953056948489793681
1953057661718565294
1953057783802413330
1953065896035123222
1953071864085135854
1953073971211170242
1953076656425279920
1953078192530702390
1953080162846994869
1953086184650949065
1953090754718376384
1953091138350719272
