1874037013676253614
1874037577705283947
1874041024731029832
1874041103818907870
1874041341283623240
1874041610788553208
1874045109895155970
1874046162422161503
1874046451795582987
1874048241861525543
1874048761665905133
1874049584609321026
1874050443183325366
1874052332625027366
1874053132562686412
1874056508398592498
1874061028511932792
1874061179632673050
1874066717749690624
1874066730085150970
1874066804542427450
1874066828202565783
1874066944393084938
1874067771392483634
1874069969962668399
1874072670087897366
1874073589139595304
1874073600883626301
1874075484054839569
1874076808926421218
1874077270274723984
1874077410116985008
1874077535711182874
1874077841186578898
1874081809602138248
1874084536407253144
1874089098291667226
1874089175072587811
1874105161272152547
1874125970594320886
1874130374894489957
1874160035305328988
1874163747360825819
1874322666804629763
1874342091092091189
1874360899991199866
1874368080891306467
1874374630313734511
1874376717663629518
1874377789090230666
1874385450812719233
1874385634661687473
1874467425359626491
1874493228457824716
1874505543215382756
1874505671653351532
1874505716846997675
1874510466288115831
1874511870608257160
1874667031989190739
1874686197194518629
1874686771528937946
1874686921605349443
1874687325369979344
1874687591448220142
1874687861754331591
1874688295176950126
1874688606817902684
1874688832811221215
1874689327785292021
1874690798102745160
1874693004000379015
1874693908300812563
1874695160120184952
1874702073046118436
1874703655670255627
1874710570836034032
1874715673987052020
1874717279830847659
1874718392781021672
1874719410885468215
1874719607677952087
1874720193710281081
1874720266687025586
1874720472866390032
1874721049331597456
1874722128454672472
1874726270266953916
1874729306737561607
1874732641737711624
1874738427922685959
1874750202416136511
1874759626190942519
1874763653276467401
1874764401687085173
1874764928625856836
1874765383623975227
1874766152473428165
1874767440309375005
1874770147090804826
1874770891709804798
1874770903751430415
1874772608643981482
1874774843947979168
1874774870606942301
1874776188788633963
1874776193742098581
1874777953395196287
1874782066568745205
1874791398509306185
1874793722510262620
1874794909041086956
1874800685570818333
1874801029411426570
1874803761627164945
1874806317136879789
1874807156295544966
1874808760440672721
1874809130227253604
1874809302608957696
1874818691789201835
1874819158476759330
1874819864747241757
1874820519515877684
1874823283113345083
1874831376945750043
1874847952642216364
1874871085482827833
1874886053229924630
1875031130250129454
1875031181999394999
1875031193827287376
1875036612570275913
1875037682457518382
1875038634824630505
1875039260895809985
1875047586568253883
1875049127157047451
1875049165572739150
1875050496182120485
1875051134181851208
1875052022610919573
1875053584091672579
1875061938100830707
1875063001558241585
1875065083304505564
1875083481044468209
1875084556824719788
1875089871297200595
1875090192367059021
1875090660237484085
1875092107821728175
1875094554455740813
1875096636499906739
1875097918732132484
1875097929398292483
1875098411722285135
1875112422404714731
1875113304231924198
1875113998733160867
1875114419052753087
1875114753150046214
1875115248732315691
1875117452956491777
1875118586219696502
1875119690693177426
1875120382254207366
1875121063832731860
1875122054594503126
1875122519621193922
1875122932277780632
1875123315079360890
1875125023683518919
1875131390523740468
1875143002345414816
1875158809515372991
1875160043823452662
1875160064543343054
1875160206092669249
1875160255971356853
1875160273696530877
1875162953529590244
1875163835155525708
1875164436761338300
1875166134015848483
1875169644954411048
1875172558758396161
1875179835905229206
1875202643255341478
1875216924105404704
1875217608284528797
1875220233641943263
1875238517808451929
1875238644560388491
1875396089005945106
1875407800693821604
1875419988280164831
1875421747727786228
1875425543610679385
1875435076890349885
