1368435241379975171
1368436759537676288
1368437688819347458
1368439758150455301
1368452589629493250
1368487221607604225
1368509317192712192
1368509615634223104
1368588253243183107
1368592003332640772
1368592025705082881
1368607928886816771
1368608908869214215
1368609120048218120
1368609281222733824
1368609312617111555
1368609874565685251
1368628632508190720
1368628740813594628
1368759388530372609
1368774163809243136
1368774641863385092
1368774987390230531
1368776909732028423
1368777179429961730
1368794396527718400
1368794730763415555
1368794776548507648
1368794854814224385
1368795014004838404
1368795378582089731
1368809373338759169
1368809613810753536
1368809685193617409
1368809821957455874
1368809854685515776
1368817260559618050
1368820621702930436
1368820816729632771
1368820861835247616
1368822353103179781
1368838315043033089
1368838447373320192
1368879863768231936
1368883494714101762
1368884305213018113
1368885602570039296
1368891076803633159
1368903776019513344
1368904294783619079
1368906451528249346
1368910132092956672
1368920976461766659
1368920979271942146
1368927432544112643
1368935817117392896
1368940468499849220
1368944934032609282
1368945849066082306
1368946106923589632
1368954606798053386
1368955106452893699
1368955324837765127
1368955503049469952
1368971090047893505
1368983453362921474
1368988635509399554
1368988664810762240
1368989942991384578
1369119636281651200
1369119684960813060
1369137367072665600
1369137957953626114
1369139823550730241
1369165530959994880
1369169587267276802
1369171617306214401
1369184011797491713
1369184129288343553
1369211572812345347
1369211730899832836
1369211747811270656
1369212609510055937
1369219620796702720
1369225478637191169
1369260029489020933
1369317140025679873
1369354067437322240
1369492019345649665
1369492665755049985
1369492789151502339
1369492810215292934
1369493112289067008
1369493297287204867
1369495689432997890
1369495736237232128
1369496586900762624
1369497394606313478
1369497845737263107
1369500410407395332
1369506926313140224
1369507558881300481
1369509929338302469
1369510336470999040
1369511562101198850
1369522991059496960
1369523019199119362
1369523094952443904
1369523493696536579
1369523889953382402
1369526050280009728
1369526657350963200
1369528018545242112
1369538917041532933
1369543121311125504
1369561958517645314
1369577117424381953
1369583264260788225
1369592434213064706
1369615894276534273
1369617901116813313
1369618234517852165
1369648240186904576
1369692092348329984
1369811653659828226
1369822381062033410
1369822513212006400
1369845588158640131
1369848777498976260
1369857116006010883
1369906845146517508
1369907053339189248
1369908014287712257
1369908290944069639
1369908433877536770
1369908541113298946
1369908646126055426
1369909012926373890
1369909528498610178
1369909771684311043
1369909841754431491
1369913945813786625
1369921686410199043
1369921784519159811
1369922261486952450
1369953958148513797
1369954007666413573
1369962620384538627
1369963709943017473
1369972139260977155
1369980091330011138
1369986542899326978
1370008220551446533
1370010976813125634
1370013668117651462
1370022276968574982
1370037681934061571
1370038491673890822
1370059208578588673
1370204947019563009
1370216715280293888
1370217970375426053
1370255114586320896
1370261461348458497
1370271255522201602
1370281673011589122
1370281701557997568
1370281874589839361
1370296877103554562
1370301138784854017
1370306559708827648
1370351056744456197
1370354334127452161
1370354338950836226
1370371989659996161
1370376556820897796
1370376586684375040
1370432956188086274
1370444285200396288
1370444531636736002
1370541322130497541
1370600061529255940
1370628949311516674
1370628951626842113
1370672331404713991
1370677966162694145
1370677984185610241
1370678030448820225
1370678043409190915
1370678052733079555
1370690716045770754
1370717491031199745
1370717493044543489
1370721342048247810
1370721347647639554
1370723259499438083
1370723264876613632
1370739713120772101
1370741672208785409
1370741727066091527
