1978828216514023428
1978828563420729472
1978829321692164247
1978829328499556655
1978832391910097373
1978839004536861122
1978843182956777561
1978845439001538903
1978845443787231347
1978849911488827495
1978851230584807884
1978852347347394820
1978853414890352798
1978860822949404894
1978864431946698891
1978870912096309465
1978872538601304065
1978873038272893299
1978873052198015296
1978873661106122830
1978873715325833718
1978873973862732073
1978874055668437059
1978886058013057210
1978906187677733132
1978906513893920817
1978915415024898224
1978981787054325874
1979011986584162553
1979029601486598522
1979046693548044594
1979046798053232686
1979048209759490526
1979048214444515589
1979062203501130035
1979064394282660062
1979065795654357499
1979076158026088652
1979078908134744557
1979082550053335123
1979085092946612393
1979087480415486452
1979091664044970309
1979092742950003175
1979094045059072011
1979096946389201153
1979102816971981278
1979102999344468196
1979107548088406270
1979107569449996443
1979108196108374378
1979108405714522343
1979109185796046973
1979110024678117675
1979123726554660990
1979124000119754801
1979126187877187755
1979127070845247674
1979127074393640963
1979127137773756568
1979128270604964048
1979129119313916136
1979129124175184237
1979129877874778199
1979129935907168592
1979130437474628032
1979131480216334393
1979131484695879690
1979133844981780981
1979133854926385619
1979143102502773181
1979143224884105716
1979150993783656739
1979152309356478593
1979152322648510799
1979153493400199300
1979154231534686286
1979154967152746543
1979156272587948121
1979156277340024912
1979156629590352056
1979157443088150955
1979158308431839259
1979158961824625151
1979159874580673001
1979160688682492289
1979161130028220805
1979161714743534006
1979162359814873514
1979164906306838922
1979166245069918341
1979166559995142356
1979189617036267755
1979191583435108460
1979218030283624959
1979222968233529743
1979222990584975798
1979256995774632316
1979344176493007253
1979364216634221015
1979374376639435220
1979389476129345570
1979395318237270351
1979399757807390981
1979404574667477431
1979404752753725590
1979421224838266980
1979423968387121496
1979427787283853605
1979434434857439713
1979435214062653801
1979444866619969923
1979444910181990472
1979444996916023528
1979445933848039868
1979446074172752147
1979449698822836525
1979449955598131218
1979452651914875000
1979452657099038913
1979453523483070642
1979453805759730162
1979454049755013364
1979457942031339603
1979459381973458956
1979461766707839032
1979463378541130150
1979464244853903598
1979466506401423522
1979469784145338659
1979471270258573817
1979474753368010931
1979476840533418196
1979482486708281461
1979487349483663684
1979492625460650058
1979493580436889816
1979498682363052273
1979520389584662878
1979528158916616476
1979540374227239394
1979547057221484701
1979573367243235560
1979581855403016677
1979581899631997169
1979608552097656943
1979706563565654406
1979736761447113027
1979751860601852275
1979793739385282960
1979794395936559184
1979843900597825941
1979902857328660599
1979923581376331833
1979923665438560394
1979929778645025054
1979938567217451199
1979951999014842691
1979955620423119173
1979955628333511056
1979957810466299988
1979957816380293169
1979962397520802075
1979963002859507821
1979963708253376991
1980082015937679739
1980133270068334973
1980133278335308238
1980146094811250860
1980252926959632589
1980261962132152728
1980265244384772349
1980269980597006625
1980277023831736404
1980282012872384963
1980282480797351963
1980282922260386277
1980285576260866338
1980309159796236577
1980310777610531327
1980335592262209910
1980481143129739503
1980481153451847703
1980485765693075843
1980487544187027556
1980487773393154320
1980487960861766064
1980493387477508266
1980496146322886843
1980502911315767505
1980519097717911674
1980522439298937109
1980523399819719111
1980537071535280416
1980546995619324324
1980548027770368135
1980548035672437062
1980549264112775639
1980549272916631721
1980550769561714827
