2002929586154385494
2002931805591347569
2002959785034231825
2002965539036295334
2002970390487076999
2002972378402550057
2002976133617475647
2002976147970445699
2002977607021928875
2002977705973919975
2002979826869895537
2002985491885646194
2002988050050339207
2002994127412383938
2002995251414519977
2002998847698796623
2003002696962650460
2003004609988817158
2003007474128077064
2003007478997615092
2003007665992343860
2003008703960863040
2003009477692530911
2003009482436251918
2003010980121588070
2003011463225733584
2003011474516799966
2003015810533797992
2003018212309708830
2003018602358972840
2003019317278089618
2003020490118738212
2003021144983773403
2003021676234334666
2003021836909793774
2003021859642868056
2003022561538617687
2003022844067008942
2003027642216550674
2003027647039992146
2003029624603971917
2003029629410668971
2003030368920989803
2003032016032612472
2003032019534811271
2003032022114304208
2003032584822129003
2003033146888258044
2003033589718618566
2003034362372378647
2003034727763280195
2003035485950914592
2003038476288282876
2003040144841224614
2003040650804285468
2003040799429406979
2003042473816523202
2003043121089904908
2003047381131227205
2003049308313321766
2003052904358519161
2003055311205306716
2003056725449211959
2003057379039224163
2003059457698480402
2003062331929215460
2003062354825912763
2003062390716608929
2003062418868744308
2003062436790931477
2003062456520986654
2003063666783178770
2003063953291907406
2003065666769994094
2003065671626936460
2003066592012452021
2003067150731493439
2003067277173019092
2003068349472006327
2003068353011945924
2003068982379876719
2003069632782180506
2003070914083405990
2003072156260020286
2003075648529760506
2003076205302755480
2003078000846463026
2003078003857948813
2003078004285816991
2003079691792695631
2003085883919233194
2003087854789132427
2003089204969107886
2003091891777351925
2003091919728161195
2003095671424074217
2003097456855355691
2003112169085526493
2003140769948000439
2003143042845577569
2003148383314428004
2003148676924117006
2003150280939176369
2003150304733528159
2003158867958726897
2003159498484326479
2003159525415879070
2003159794946048049
2003160658502967377
2003261774175567882
2003291973864571139
2003296163869667691
2003298150107554058
2003298803882041542
2003307074223243503
2003314716060639678
2003336798441996585
2003346265959198933
2003348046843981840
2003352049770201451
2003352634040951194
2003352655205413203
2003368346495119362
2003370037625942397
2003370905670680660
2003373545708224931
2003373549567054147
2003376407716720688
2003380292070047802
2003381295402058237
2003382193738121435
2003382534940557329
2003383480257069460
2003384085729919014
2003386330714374524
2003387734824816990
2003388437752402421
2003389151467700541
2003389806714466677
2003409628273705193
2003409999322861669
2003410342358155604
2003413235580698853
2003414879378767961
2003417551293071805
2003417573451530583
2003418151179157758
2003420195025748268
2003423215864209502
2003423682707017801
2003424491238809856
2003425186016804965
2003426472963506239
2003426610163196200
2003427455814762533
2003428062269178118
2003428539706884262
2003428732212797469
2003428779159597272
2003429087361245295
2003430275808911598
2003432363393696237
2003435182293205382
2003442265843491218
2003443641965240778
2003443784600998293
2003445484787061207
2003446394338914737
2003449359388803292
2003450814736794077
2003454005255766222
2003457323763925278
2003458283865284878
2003464565640859668
2003466835715588440
2003468049945686315
2003468637194326301
2003469241627083255
2003472195134296452
2003472814196850689
2003472818273681732
2003473290703331555
2003478199511187688
2003486515859718503
2003490168804901349
2003494535838703783
2003494831952433423
2003497390419116270
2003505179451359280
2003506384965632058
2003507101780647985
2003508495564575057
2003513671084048615
2003514015901946022
2003515964638527683
2003515989359841442
2003518437658886443
2003518457200148912
2003520212591865878
2003520233630564781
