1975461736989007987
1975462984194662551
1975466186520621493
1975469986362863761
1975470385970942006
1975472819854295284
1975474659681575055
1975476004018921798
1975478350312550648
1975478544164921388
1975479266709250123
1975479299772981556
1975479907263389830
1975481690182328809
1975482585578151950
1975482963375890820
1975484046265463132
1975484105191219637
1975485910004461598
1975486798752309509
1975487210125467704
1975488388343209990
1975488557172306376
1975488563975508308
1975489774866866642
1975489797939732582
1975490579640570193
1975491000538964063
1975491127576043944
1975491255934337452
1975491262372589845
1975491464852611494
1975493619546267867
1975493628467523795
1975495558245798049
1975495564348555512
1975497580290466174
1975498602664632326
1975499309237084495
1975499439671550169
1975499445170290998
1975499718269821282
1975499882271293481
1975499888688554353
1975501310096240990
1975501317927026826
1975502676692771216
1975503020659007863
1975503618284654751
1975504863468658920
1975505335528894819
1975505575724069208
1975505983297237158
1975508351996907922
1975513467797807129
1975514456923722187
1975514925205258545
1975515224779128907
1975515489494241603
1975517383012892775
1975517388993962408
1975518240299491838
1975518752083996771
1975519175423754336
1975520227333898723
1975520567530082424
1975521765494505557
1975524152456184054
1975525469270515895
1975527172539576751
1975530432071348360
1975533389878006221
1975533768971854131
1975534113223528877
1975534754578768332
1975537026910069010
1975537926391144475
1975538924065067125
1975540183711002705
1975541042431860779
1975542325163225323
1975543468597649458
1975545212568281189
1975552860084707801
1975554482198159478
1975556077367533647
1975563511863419386
1975574818272780532
1975575018051637327
1975584764385263973
1975585798339842498
1975585870003519617
1975592229403312207
1975594394830184963
1975595451404722640
1975595457050255519
1975603416849391995
1975603833876414486
1975604533532500028
1975615533585473848
1975620324680139021
1975627320351465759
1975743367595143385
1975743779744125375
1975744462543351854
1975756505334055097
1975796241201328324
1975799468814704878
1975801806786863113
1975801864735310298
1975803660790530052
1975804412821123454
1975805434830405707
1975805961718931906
1975806831529542116
1975808927695839415
1975809877357568350
1975810788465185069
1975811915332125095
1975821491855106499
1975824187039285550
1975826481436893498
1975830211007815918
1975833440953246139
1975839730551132217
1975840773137703266
1975841936021037132
1975843233399005436
1975843653735399515
1975846953830453527
1975850061642043462
1975867129619677431
1975877513319735493
1975878275231862957
1975878936270963127
1975879583242355036
1975881604922048577
1975881679249330240
1975882469095477700
1975883045061509541
1975883814917550217
1975884980770545743
1975887008213184849
1975889654051483687
1975890941191045621
1975900269612597376
1975900896447119366
1975901601199198603
1975902180768194977
1975902886048710666
1975903217142976675
1975903468947963932
1975904183200157815
1975904770314711182
1975915724444180935
1975916418458918985
1975916421923398033
1975916589385126381
1975918533466104226
1975919897722114327
1975921547841007806
1975921553666883835
1975921559492817144
1975921842084078065
1975922226173002054
1975928967241895957
1975930717503910216
1975931251006861667
1975943597058084985
1975966004942602591
1975967565999636656
1975973363530203349
1975973448875901320
1975975247246696532
1975977483066540094
1975977942015684899
1975978042330873862
1975980580685873628
1975980934991397229
1975980976603005024
1975981260951683476
1975984027766329352
1975993395094184355
1975995499267359238
1976099796101509190
1976107939745366155
1976108161879900662
1976109043421937835
1976112882254479847
1976117872100573195
1976118726903861333
1976119465814393096
1976120671722672484
1976123018700107813
1976123054984962168
1976124509855023353
1976124753426731283
1976125773959323716
1976135532339155379
1976142750157271196
