1161333457718374400
1161334882607325184
1161557776088227841
1161588211975516160
1163184161907019776
1163193686420676608
1164132279666348032
1165521626097573888
1165993844288053248
1165995662120370176
1166251124589883392
1166276105902292992
1168086230619148289
1168104612366172160
1168164062355546112
1168164207772045317
1168197641823346688
1168375030280900608
1168381514159030272
1168393089527844865
1168395291013181440
1168395858884218880
1168396947389943808
1168410584276062208
1168422558925869056
1168424742346358784
1168443197971783680
1168445062327390208
1168447390027640832
1168460603175784451
1168536036948901889
1168586803135176704
1168711718190477312
1168714816141185024
1168731363505082369
1168760272086949888
1168773594601512960
1168775855343947776
1168777667279110144
1168874585497817088
1168882356263874560
1168915045914480640
1169108448392302593
1169114457387261957
1169125933346971648
1169140246111563777
1169140501167116290
1169157167016009734
1169163141189533698
1169173497446195201
1169188454288150528
1169209158882643968
1169223163005157376
1169229957475684353
1169236221047869442
1169236664452964352
1169301097917239296
1169455841822400513
1169458489137090561
1169468836912885760
1169470353946509313
1169505505678462978
1169518074363445248
1169549089211473921
1169550211774959616
1169552864600936449
1169572109229539328
1169572111137959938
1169574977256873984
1169576153981411328
1169583008287879169
1169609326698188800
1169621538779226112
1169669804153692160
116968296523366400
116970323424972800
1169797113548394496
1169839760824684544
1169844019133726722
1169845467762458630
1169856664058515457
1169859332990627845
1169897386002374656
1169915764008083457
1169917087457767424
1169917410180091904
1169923554139234305
1169926464940077056
1169931093065138176
1169940236316528641
1169967561905033216
1170090168604184576
1170090611099103232
1170169500299218945
1170171759401652224
1170187737879597056
1170198420931280896
1170254536339886080
1170257474118504448
1170261685950504961
1170262565705773056
1170280765315092480
1170281057159004160
1170282607055003650
1170296845135777797
1170323356698103808
1170326823671984128
1170386226395803648
1170393473742061568
1170613390315622401
1170631823426064384
1170642506427453440
1170664883085426688
1170667028094472192
1170669878337888257
1170671866802921473
1170672135083196416
1170716965238763520
1170744536282189824
1170861586107338752
1170863120509595648
1170874371885289472
1170926438347763712
1170948678057517056
1170949206330114054
1170954228073816064
1170977821214117888
1171002129097490432
1171008134787190789
1171014481297588224
1171028410660900865
1171035956343754752
1171051049508982785
1171055220207452161
1171055945171914753
1171069997323407360
1171078611245260806
1171272563017695232
1171291331898904576
1171292588403331073
1171306447205888000
1171309276280737792
1171345837982511104
1171379435284512769
1171384028294868993
1171447446209040390
1171462318212841474
1171473738329538562
1171479590260228097
1171484974257561601
1171486119914946567
1171489437827526657
1171492369478213635
1171591937159127040
1171597497187237888
1171605933157339136
1171607612669845504
1171671624665272322
1171675333386354688
1171717694896259072
1171719109760806912
1171723970229366784
1171748217983098880
1171754733486260230
1171772852216877058
1171774544907919365
1171797831251685377
1171803227446071296
1171842273555832833
1171979685598650368
1171988469490442240
1172001363418464257
1172012746142937088
1172013717984174080
1172018850230980608
1172059486669770752
1172065159843418113
1172070722249773056
1172074309927358464
1172081010730684417
1172175260235362309
1172178107987423232
1172352614492622856
1172355750569467904
1172362523716112384
1172364545798524928
1172372004600549376
1172372826189250562
1172373219048706050
1172387850450432000
1172401105386426369
1172403921286942720
1172422697394946049
1172429219181187072
1172436557006958593
1172450862892908544
1172452803349889029
1172470299289239552
1172473515083096064
1172476320757907457
