1325700399542624257
1325703167791788033
1325705936095350785
1325705992940613634
1325713186981519367
1325715216890384389
1325720556423933952
1325728679603810310
1325728882998140930
1325728998291243009
1325730541774123008
1325730766316208128
1325770758358880260
1325777065891647489
1325782220770963461
1325783086110404608
1325784469760925696
1325788996258033664
1325794191763415040
1325794193260777473
1325795992323567617
1325797326833688576
1325799156376502274
1325823487131283456
1325823620623470592
1325823831680847872
1325857960854126592
1326039410320662528
1326044479346765825
1326047638295244800
1326047843748966401
1326050762850357248
1326071676627345408
1326120165205962752
1326123688740020224
1326143351914065920
1326170632464162816
1326173242302767110
1326174486043848704
1326175968583589891
1326186063161749505
1326195311467917314
1326212967117905920
1326223985269338113
1326228115496972289
1326230345075679232
1326230582972461056
1326336786650464257
1326360038420570113
1326384827248021507
1326387634948730882
1326392841615060992
1326399865522429952
1326403083669282821
1326426161044480000
1326429410040274945
1326437966965739520
1326441086554791940
1326442859612889088
1326447326907359232
1326457882422857729
1326461070098116609
1326471823928668161
1326472114115764225
1326475613184512002
1326477852598960128
1326483580265005056
1326488786922950656
1326495548505956352
1326505047065178113
1326511621464715265
1326513555340849152
1326516767309533184
1326516825643835394
1326519285179535360
1326521204648210432
1326522401593548800
1326535714712870912
1326555132092297220
1326580479819018240
1326581890074046465
1326583226576539649
1326586116607143936
1326705425333415936
1326709237225910272
1326714592953659392
1326742579728146433
1326754830501601281
1326768952605863945
1326796140625465344
1326800502395301888
1326834588027531265
1326845292549828609
1326845575547924480
1326846254928654339
1326847796050157570
1326850052724125696
1326861295153537027
1326864067319926787
1326866583793315841
1326869100468064257
1326873701564907520
1326874133594923008
1326876650278055943
1326944866526404609
1326946074683039744
1326951451478781952
1326951657876303872
1326953701483847681
1326954354734112768
1326954357439438848
1326955959697121280
1326962347672363008
1326962362583109632
1326985424967897088
1327099802245505024
1327100066436239361
1327119770756509700
1327125754430230530
1327148025811177473
1327180728086401027
1327181091648593920
1327181675772534785
1327184379697717249
1327186181277138945
1327187252405882881
1327188509904367617
1327190885704994816
1327197321478639616
1327198760695336962
1327199442005495808
1327202599838236673
1327204876070367232
1327207879032541186
1327221163680940032
1327228117430112256
1327230389585252353
1327231095876718593
1327241497838718976
1327279512816558080
1327279560832864256
1327280944533827586
1327300478632226816
1327303630576177153
1327303637110964226
1327307946930307072
1327322888718876672
1327453970462195712
1327489216599625729
1327536759589138433
1327538958000037888
1327539558599196672
1327540675366141954
1327574570421735424
1327584077013082112
1327589318932582400
1327589927433900037
1327609305474875392
1327831718108119040
1328164913336918016
1328165038784356355
1328165246993797120
1328165312122945536
1328253095764058112
1328256751167102977
1328260473372905472
1328297514483662850
1328327138269806593
1328345234611191808
1328355251489914880
1328384966418284544
132839065941835777
132847159874830336
1328523777924165632
1328552401138171904
1328560676705484800
1328562442830430208
1328562523084263425
1328563105308176385
1328563175399116800
1328563501799882754
1328601050794831872
1328632172786245632
1328632901655691266
1328635421799006209
1328653815625641984
1328679581755162625
1328719715745767426
1328720305099919360
132880850021908480
132889609498673152
1328896474516656132
1328899797961457665
1328901911148335105
1328902047534514178
1328909473000243201
1328911814738866177
1328916474996527105
1328972529201860609
1328995969011073026
