1829390474232418504
1829390491097649173
1829390572391633065
1829390601101398043
1829392253368115243
1829392570595611007
1829392625524502709
1829393774122008890
1829393802072834541
1829394365292118228
1829394600798417321
1829394672856277292
1829394687733465371
1829394911768248749
1829397778323386733
1829399980647297523
1829400643708031009
1829402375154786518
1829402523461103758
1829402544877232306
1829402765791002962
1829407821168840765
1829412850067984731
1829414566192660715
1829415329141022777
1829415795635683549
1829418524697309476
1829419257391968642
1829421096367722684
1829422738420773221
1829423929402028505
1829424950052085797
1829427995519631519
1829428634014318776
1829429152384213008
1829429848756142188
1829430378366673292
1829431372701659507
1829431377814798826
1829437696940679608
1829442669635936516
1829447357987008702
1829448155118571620
1829457878874472604
1829463112031855097
1829464185568194759
1829464390007165125
1829465222421402007
1829465939563135327
1829465971653738966
1829466516632273151
1829476733361512902
1829478218581086671
1829479246483317005
1829482319951859818
1829483831285440549
1829488410886901901
1829488924361957866
1829489878859661644
1829491138220478881
1829492593966952759
1829495968472941042
1829498207216239025
1829499333835923524
1829501086530695366
1829502746665378041
1829504159269134731
1829505498598527393
1829511166311490013
1829511500018635006
1829511591215456405
1829512395385147497
1829524234613485824
1829524240749805917
1829525581836521793
1829526749828542512
1829526774147092556
1829526790760804394
1829526849866850527
1829527459571904775
1829527503993757848
1829529504618049927
1829540998034452643
1829541036923957711
1829547802885603404
1829551383575679412
1829551425191563533
1829551623099851019
1829551639948321226
1829551994425729051
1829552034900783174
1829552068723630367
1829558017345429553
1829563858337587567
1829565061708583296
1829566361796071494
1829566448886485266
1829566891809239442
1829568148942770555
1829625735348109463
1829625863802945929
1829646615667257430
1829646838242426991
1829703691747639455
1829704804689445305
1829721339122344121
1829722861507846598
1829724157023588795
1829742774649831734
1829744784891605301
1829745265248477682
1829745693436596266
1829747489697669154
1829748152749945279
1829748515951485347
1829749606327923092
1829751017816142013
1829752246546153755
1829753897658765789
1829754012276518927
1829754507963633928
1829754852164960592
1829757919744651327
1829758488957862003
1829758873441275939
1829759558798967277
1829759565811822849
1829761052512583880
1829761412253827123
1829762200107372720
1829762211566231686
1829762265668862072
1829762306386882684
1829762525858074799
1829762955270873326
1829763733029339382
1829764923456700443
1829766268422959605
1829768656944869408
1829769244071919724
1829771303026331864
1829771797203398952
1829772280009990645
1829772641076445300
1829772967951098348
1829773516486439147
1829774306164760700
1829776817307136074
1829777563054428500
1829778660645073136
1829782346440327433
1829782412383166624
1829782467550810214
1829784806311510234
1829787192644006028
1829795409147072951
1829806027019108400
1829806934331179160
1829808023503847523
1829811552267960829
1829838471609139298
1829842412593955048
1829863582911381988
1829873309896622583
1829875087321022858
1829900710663897106
1829900828817420693
1829900984103158198
1829901380020289635
1829901386290520532
1829901399141814400
1829901829976576149
1829901835949494411
1829903197126713686
1829910416287547591
1829910849638842601
1829911956662411606
1829914603108835665
1829914929639395533
1829916006908661900
1829916097182572866
1829917307721646170
1829919172790263901
1829919339526443189
1829933280617250986
1829934931910541709
1829937297707712850
1829939035999256698
1829961053457039625
1829964275127107727
1829964317502161187
1829964338351784353
1829977812973036013
1829998755275554826
1830024461908918282
1830049207312351697
1830063682941845589
1830072244221198751
1830076291607117980
1830078756834201927
