1342031227620999176
1342031935418245120
1342038040823255041
1342038203151204352
1342046039105097728
1342056817346539521
1342066432973008899
1342067295493877762
1342072880947810305
1342079363945177095
1342085718814773248
1342087824292544555
1342100303064092673
1342112337470181376
1342140066525638657
1342140926517383169
1342151251555831808
1342154863342317568
1342163532209508353
1342165341749702656
1342166862637875201
1342167119182499840
1342172537204051968
1342172869158076416
1342172972228874240
1342178689677545472
1342290369552105472
1342293525480673280
1342293710420131841
1342293746486968321
1342297970859933696
1342356610593636352
1342369310119874560
1342374109993320448
1342377838771519494
1342387653023416321
1342398798648074241
1342402892259602434
1342402907971309573
1342405777995177984
1342407154888675329
1342408184892289029
1342410116151164931
1342410245402841089
1342423652105478144
1342426843383644161
1342432196779360262
1342435785685929994
1342436692905455616
1342441752917991424
1342466561500618753
1342466564222644225
1342482892333576194
1342483320421027840
1342486087315251202
1342486666049679360
1342487283514056706
1342490124139970564
1342490909246558208
1342490909754048512
1342492197820588034
1342493550433300480
1342497834591870976
1342511281186607105
1342525670979633152
1342533237420146690
1342534768752091136
1342539120044695552
134253947614535681
1342541741308563462
1342545401220452352
1342639072632696833
1342681008047497216
1342686907222790145
1342687169610014725
1342698699475079168
1342708554243874819
1342709170399670272
1342714214985527296
1342718707953373185
1342732637463433216
1342734112793059328
1342735392705933315
1342743069649616896
1342775504382828545
1342777522610565122
1342788146413486081
1342799461874102272
1342799698936160257
1342817893730328579
1342828165601742848
1342839649618685952
1342842753638547456
1342874476766056449
1342874845005017088
1343049916772274176
1343050324508954632
1343060741843156993
1343076607905288193
1343077152644681735
1343097023042527232
1343098490692354048
1343131028458651649
1343131206150311936
1343157762826506240
1343184594984607744
1343184596800733184
1343184615377305605
1343184695383654404
1343203375362404354
1343203600495865858
1343205683022348289
1343206504191590400
1343231531452518401
134323504014299136
1343236164497510403
134323832705138688
1343368569954869248
1343383628944867328
134340187592466432
1343426927881715712
1343426944860221440
134343254383661058
1343435922256216066
1343441590723866625
1343448442924765189
1343451237480480768
1343456888281710594
1343459191298555906
1343469424968302600
1343471419112345606
1343477125504925696
1343477755288059904
1343478585298829313
1343483818024431617
1343487173517971457
1343494333974999042
1343494336034398208
1343508049646870530
1343509994608594949
1343513474438025217
1343529597904666624
1343534678771335169
1343549638616489984
1343551269533696000
1343551272243265539
1343552314376798209
1343557776702754816
1343560786271117312
1343561852257591298
1343562468082081792
1343567278743273473
1343568838307139585
1343571833384173575
1343578796981555201
1343581197142642688
1343587341454086145
1343598044722294786
1343599617959555072
1343615870241656833
1343616379648262144
1343617033452224512
1343617459765440512
1343634518977069056
1343635299344109568
1343736786002927617
1343737258491318272
1343756987276750849
1343763191466094592
1343764140356034561
1343785830343589888
1343791741556539392
1343803662796083203
1343805346742108160
1343808504298029056
1343840612114595840
1343840657027129346
1343846560266743808
1343851630064635905
1343856628907401216
1343870769885970432
1343870815666769923
1343894165222875137
1343900487653814275
1343901229814960132
1343901271451824128
1343911807639986178
1343911951080964096
1343911979426041856
1343912018881875971
1343912067154104321
1343917613772992512
1343921301350563840
1343921303598759937
1343943476828753921
1343943814646382592
1343975372887506944
1343980313219792903
1343980315736305664
1343992011691462657
