1480909876805181441
1480912998541627392
1480913476591579136
1480913655357222916
1480916093233471490
1480917258822164482
1480917551374913538
1480921141871099908
1480927468940894222
1480933369802276869
1480933426114928640
1480933590401798152
1480933666545016832
1480933781561233408
1480933898972401664
1480936723827683336
1480937791387176964
1480939443422785537
1480941757638397953
1480943539869523968
1480947699750899715
1481080444385132544
1481099368027414531
1481099417369432067
1481099476513271808
1481100128886820864
1481118803732086792
1481152930468499457
1481159805368926208
1481159818182524928
1481160011980349440
1481160019291025413
1481160350347436032
1481160486335152129
1481160601816952833
1481161039949758467
1481162145408897025
1481164632421449732
1481174878971908105
1481176363063472128
1481176825225428995
1481177708860088321
1481178871278243840
1481187404879110149
1481187808333406208
1481187941167005697
1481194727710298123
1481194871021268992
1481195289797328896
1481195902463520771
1481196370518507527
1481199084992331786
1481199373187162117
1481206550111072256
1481206569283223553
1481206684316233728
1481207141726060544
1481207228225187843
1481207266389168130
1481209188034686977
1481216506273099776
1481224438704381954
1481224631457837063
1481228417731543040
1481229850988126209
1481229951001296897
1481230692436832258
1481230729606418434
1481233768795217924
1481241596792549377
1481254803825373195
1481257629670608904
1481258296619245576
1481260294878142465
1481261853707993093
1481264487915454464
1481264767121911808
1481265480455581696
1481266862466174976
1481272428034928643
1481272994983219203
1481273104924299266
1481277425103228929
1481283184671494154
1481283343774011395
1481304047089258500
1481307708813094913
1481308762283855872
1481312972119351304
1481325843624640513
1481326005789032448
1481326249062846466
1481454615036325890
1481458543358545922
1481458842940903426
1481459043642544128
1481459485944455168
1481462755807080448
1481463741183303688
1481468690218782720
1481469233414676480
1481469266704568321
1481469584398237696
1481469919292432388
1481485207845113858
1481485898584047617
1481486447064809473
1481486459572199425
1481512274053722120
1481514530639589380
1481514537891557378
1481514544275296256
1481516693277282309
1481517515755126784
1481519742368489475
1481520048565288960
1481521405883985921
1481521457134190596
1481524857539948549
1481527367726419970
1481528324451336194
1481529101110235136
1481529546264694785
1481530708346961923
1481530945622900739
1481533650051436547
1481534534265217030
1481535062021898245
1481535773266812928
1481536912863395843
1481538033426272256
1481538060580167681
1481538065852411914
1481538177970376709
1481539870711762945
1481543805581279235
1481544701505568768
1481558541773287427
1481576590609829889
1481588539360161798
1481588601221947395
1481588821817180161
1481613808636665856
1481613884071215108
1481615327104757762
1481616369271853063
1481620964635217921
1481621065420124162
1481622430854844419
1481622639550791684
1481627971220033537
1481628045543092227
1481628119178301443
1481628205836808193
1481628236534583296
1481631112380432384
1481664087704870912
1481665169352957953
1481666466206613512
1481667409807572995
1481667949966823429
1481669094105821185
1481678358761336832
1481678465921601536
1481680098214707200
1481682309703090176
1481682426736701440
1481682486916628481
1481682599571759105
1481684018529996800
1481687104224563202
1481688918584336387
1481688989212250115
1481690012895031298
1481692436519075841
1481816831492980738
1481835738144460802
1481835958131560448
1481839866480508929
1481841563026087938
1481842131471765504
1481842874161700866
1481842882646781952
1481864858731937798
1481867536912498690
1481868060432953345
1481869943628972032
1481870695294697472
1481873099998265347
1481893767636414466
1481893879129403392
1481893965271945218
1481907601839648768
1481918543079755776
1481932972857376771
1481945658085220354
1481950018181660676
1481950937195626497
1481979429446246415
1482016953510207493
