1349733121697017856
1349733125778100229
1349745421166366721
1349745423674589184
1349748113557254144
1349764935123832834
1349780783288913921
1349782029106253825
134981275403558912
134983540348698624
1349926037715525633
1349926784230334464
1349926861166374913
1349989247789355009
1349993813650014210
1350014359708315649
1350024539401404417
1350025115229032455
1350030273941970944
1350033139524018179
1350033439920070661
1350053108307488768
1350069633525530624
1350070188654280705
1350071096133865477
1350094455563460609
1350095071639556096
1350125777547714561
1350136280193982464
1350266373696458754
1350266460711473153
135027814167609344
1350386933407440900
1350428982395584515
1350428983108595718
1350438143594356740
1350444890841255943
1350447496951066625
1350451154983940098
1350453764772151298
1350455189992472576
1350455489700630529
1350458043981414402
1350463332289974278
1350468710876631045
1350471048018366464
1350477560862294017
1350620089783992321
1350620235259207682
1350620305601957890
1350624540871704576
1350625018175131648
1350640956576415745
1350670425194315778
1350739306344640512
1350776403646586880
1350784302733115392
1350784304368898056
1350784472032034820
1350785056319524865
1350791101137842177
1350800207273816070
1350800208989306882
1350803524691533825
1350822840786849795
1350835332795699202
1350837031480377350
1350837310489722881
1350837486759526401
1350837555319635968
1350839075511549952
1350843646522769412
1350843651870474241
1350868175752085504
1350995117990162438
1350995254145638401
1350996907716435968
1350998702203281412
1351003747078594560
1351049430716313611
1351049579656065026
1351101261345677316
1351101450013835264
1351130539093352449
1351132992874434569
1351134321369886723
1351137566112817154
1351138497810354177
1351146290453901312
1351146426445795328
1351146887206809600
1351152461822746624
1351160992613494784
1351162122726727688
1351167483990958083
1351167487333830664
1351185551362306049
1351196461531344901
1351209269560041474
1351382101568876545
1351394594722770948
1351395279715516418
1351395282425053184
1351399355295571969
1351400296673538054
1351400299215290369
1351406019541258243
1351421096642297859
1351423215214608384
1351437507523653633
1351437932612128773
1351441240643018752
1351444497603837954
1351447232675909633
1351478598201339904
1351492085757538304
1351524315422814209
1351524317125771266
1351543319734624257
1351552130818052098
1351596268649287684
1351600280375234561
1351600289690730496
1351603426082242560
1351711263923945473
1351711285671464961
1351759959218819077
1351770119186182144
1351770711505817601
1351825837008449537
1351825998149423105
1351826921701613568
1351829128933117954
1351846889595965440
1351847550202986496
1351847552014925826
1351848502360305664
1351874471645253632
1351874473239085056
1351947134187130881
1351947301510541315
1351947339548643329
1351971623516082177
1352105674105376768
1352105720951562242
1352105750051622912
1352105764496830467
1352105804338503681
1352105823405801476
1352105867123040257
1352105909955256320
1352123810539966467
1352157159669133315
1352175623234469888
1352175626677960707
1352183601526263808
1352184145804292097
1352199700015792134
1352199701672595457
1352199703425765378
1352199705216708609
1352225495379714051
1352273925376413698
1352273927192498180
1352273931349094400
1352318449335246848
1352319333884596226
1352319508568915968
1352319548062486529
1352321628512768000
1352322482905104387
1352325483061395456
1352363336831143936
1352446051504975873
1352483410082623490
1352511274496610310
1352514309872439298
1352520385271484417
1352526973910872064
1352527523637288962
1352532655775117314
1352560079116005379
1352631655924547586
1352632959887699968
1352642610742005766
1352645655022329857
1352648033310183424
1352651151234146304
1352651447393898501
1352653445979729922
1352654783937581057
1352655056248598528
1352657587213230082
1352686115384217600
1352843031850872832
1352843463952191489
1352843467261530112
1352845515579244545
1352850548706349057
1352853065414668288
