1933221070439624978
1933392019776536776
1933392295648506156
1933393109142155369
1933393977128141278
1933394636355350572
1933398026233786447
1933398635439665524
1933404125112512577
1933406238551015825
1933410028901577098
1933410737583694129
1933411275763298397
1933421166607413274
1933421379388649760
1933422632269197356
1933424850816938339
1933433008452968592
1933433475732025549
1933434653794578683
1933434970623889818
1933436453775663425
1933449976064913610
1933450347856495027
1933450368178139390
1933450480883007560
1933450543915282817
1933450578509901894
1933450634227052979
1933450654821069025
1933450669853135262
1933450701562077625
1933450717169361022
1933450739797442767
1933450757472465206
1933450773343490066
1933454636100268315
1933454959221354952
1933464473198866847
1933464804867412042
1933465337850151027
1933465679690383732
1933465820149264858
1933466836584312962
1933466853000818861
1933467114096255385
1933467843464777834
1933468991504461926
1933470933773439071
1933471576315605145
1933472189522870558
1933475283132379425
1933480563135901895
1933480568206799134
1933492420320374859
1933492604303520202
1933492784612462936
1933492999222374457
1933493462852383228
1933497781324587101
1933497794888937640
1933503504473337988
1933503892786196539
1933504086986350747
1933504200069288298
1933504421981311181
1933504803608670660
1933505437506416684
1933506132250857717
1933506594672963666
1933507357155471727
1933508051161711090
1933508603413139890
1933509345255567434
1933512250805137513
1933512764573761733
1933513066072682671
1933513205428736282
1933514027478757839
1933514493851750498
1933516933116407882
1933517525012324725
1933518649316569373
1933528584553164881
1933529056106197093
1933535305367257261
1933535310648127996
1933556330188713995
1933557324494315760
1933562063541936235
1933563173983899664
1933563179713638471
1933650475594727718
1933765955777409287
1933766752552522093
1933767532713767062
1933768219539747220
1933768746356944938
1933769301363994820
1933769913132548477
1933770663329931357
1933771711490687411
1933778445877850172
1933778477456765218
1933778527750664373
1933778563486089619
1933778585518813616
1933780153966211421
1933780176896446683
1933784173296431166
1933784847337861452
1933796338761936924
1933796413437100058
1933796447897739767
1933796460362928623
1933796497058869510
1933796553958764761
1933804473929118092
1933806065466163665
1933811352671494334
1933812576049406323
1933813367199953299
1933814469236564067
1933816223781052857
1933817109651558786
1933818462645981406
1933827430164418636
1933834184642236893
1933835222606639113
1933837442584637595
1933838783323271628
1933841094510600482
1933842505289912696
1933864003069219244
1933864484562776395
1933864935790100897
1933864996641161552
1933875014899732896
1933885791824196067
1933891762650833344
1933891783148368250
1933899682297880593
1933908352691835067
1933916349094633511
1933918977077756415
1933921207143014422
1933935153195467223
1933968194294911366
1934083704139469265
1934128455605690699
1934128471753765239
1934129321830167022
1934132104251711498
1934132865119277139
1934134415325794646
1934150061987881088
1934173367558340760
1934177044335857814
1934182114326700461
1934183604130812361
1934184404819271776
1934185796527137089
1934191167887093935
1934192367772615135
1934192690150957116
1934198061997371596
1934198100366872838
1934198116296835342
1934219339395146079
1934235315033473218
1934241714694430810
1934251561909453084
1934251796542967823
1934253922769920225
1934274118339485809
1934275818324410555
1934275824481612203
1934276811413975212
1934276974761136600
1934279897192808500
1934280552171163882
1934281598683513012
1934282832592990251
1934284422624456795
1934285462702878813
1934285733461987402
1934293035795501289
1934296598374383750
1934301750514823568
1934313938457637186
1934316478939185480
1934316583633191369
1934316647906746498
1934403790981222741
1934404387436413412
1934404791595397127
1934408079254134987
1934459901008302512
1934461865230475427
1934463695771586630
