1500121707272900614
1500121747831816192
1500121784993329152
1500121825275412482
1500121863816880132
1500121904732315649
1500123568591409157
1500134616556253184
1500135205239398404
1500135579023192064
1500155336996835335
1500157149221171211
1500157733097840640
1500157952233451522
1500159433443516417
1500165798887063555
1500220123751546880
1500327281507844099
1500334530355671040
1500432023231803393
1500465384952320002
1500468970033643521
1500469644955910151
1500478955455135749
1500479607191269378
1500479699608543233
1500479724329791493
1500479818420617219
1500479918882582528
1500479926470066183
1500479952143405056
1500479983252549633
1500480081101467650
1500480116090339329
1500639295279091713
1500639529350594560
1500639584555700225
1500640068121161728
1500640102208335872
1500660003040276480
1500675197803712518
1500700200226406400
1500700325744832521
1500709477280280578
1500709479591321602
1500713791742308356
1500715871009796105
1500721323202707456
1500723364624621568
1500723371008421889
1500723377429880832
1500724417717936128
1500727340783239168
1500728105149034497
1500729161458982913
1500729222255759362
1500729766688612352
1500729862310735872
1500730178619666434
1500730554425040897
1500731073432416256
1500731269314801667
1500731499586342914
1500732702336913408
1500732704698281984
1500733759553171456
1500734703036698630
1500735584398352384
1500738653597106177
1500738658114367488
1500750104399003648
1500750111059574784
1500754639419240454
1500756001871794178
1500757854068015104
1500759113667874817
1500760116446253056
1500760352166146048
1500760829234671617
1500773702975496194
1500774092416647169
1500774453583970306
1500774499503214592
1500778568019628033
1500781200264220675
1500782069017837568
1500782720124788736
1500783236032524290
1500783344149495810
1500783486097309699
1500783497165770753
1500783615999094784
1500784436463685636
1500797507353202691
1500797694021095425
1500797974355771392
1500824953046056964
1500826026381045760
1500826369336377344
1500826935487721478
1500827777666531334
1500827937737609217
1500829568445267969
1500829614553579521
1500831544134729729
1500836505236824076
1500837236471840768
1500849993556447233
1500849996781932548
1500850649109794818
1500851480080703489
1500859966319595521
1500860077338607618
1500860133429035013
1500860186713489411
1500862097361895424
1500862194749419520
1500862475008622594
1500863334748688384
1500871552719818755
1500914101459238912
1500914627374649344
1500914719997448192
1500916030813917185
1500916640653115392
1500919039673384960
1500922207840911360
1500926354887348226
1501061073926901766
1501067847627571200
1501069388211908612
1501077114959065090
1501077164699287555
1501077211042172932
1501077262464335880
1501084341069561856
1501085286809309184
1501085597062295553
1501085897562869763
1501086337143029762
1501086492810092544
1501087407730749443
1501098306935541763
1501102647692378114
1501102701740175360
1501105409641578496
1501105412107829250
1501106135767842819
1501107077691088898
1501108254469865472
1501108446892269570
1501110515896287234
1501110518660345856
1501111850221862912
1501117473726218245
1501119684816474112
1501120470133129218
1501121338773164034
1501122596552601605
1501123479059709952
1501123483128201219
1501123914793041921
1501124509146877955
1501125410587045888
1501126081381732353
1501130331201568769
1501131236063932421
1501131533574311936
1501131739149733889
1501131948156080129
1501132140636823555
1501132435169288194
1501134513157468163
1501136362275172354
1501136463307575297
1501139022059491328
1501146198912102402
1501146583844278272
1501147036543963146
1501147348675674113
1501157370436927492
1501160846000410624
1501171658987479045
1501220925546856449
1501228850633916416
1501228949434953728
1501228995085737986
1501229040111616001
1501229855740133380
1501234173800972291
1501268341339541509
1501393085372112897
1501393221389144064
1501393976607207424
1501394023453380610
1501396712833024001
1501409554814615552
1501456644521472001
1501463132501266434
1501466543326052352
