1910224303448076344
1910225647873458395
1910226339283558557
1910227111962353935
1910227941205696602
1910227981257105735
1910228606850412578
1910229628100264404
1910230417711440260
1910230524133625986
1910230921497698583
1910239019876708512
1910241261090406536
1910242511886369255
1910243564799279438
1910243569551503614
1910244576050266326
1910245749821940183
1910245756562210834
1910258171249050093
1910258293529858454
1910268442092982495
1910268459000213900
1910299497520832736
1910312029761532081
1910320864035209516
1910342854506926236
1910343570051022932
1910347010948952556
1910360702604226959
1910360706530091464
1910533634852847714
1910553745261302158
1910554653009621410
1910554887210869183
1910555614717096041
1910556289677013237
1910556742951543251
1910556762320601475
1910557330040905817
1910574900940624189
1910594763306524982
1910599168344682642
1910601837771940280
1910601842737717287
1910603023614693810
1910603958554439831
1910603963147153876
1910604693115486226
1910605259459776875
1910605264828461361
1910607455228235809
1910607588363756021
1910609239430553622
1910609493894836256
1910616565160042687
1910636773522497583
1910649693455143277
1910656054150517051
1910657181147382107
1910668111637885428
1910706602753073461
1910742153698877839
1910750509582987515
1910751015584055785
1910882678456336748
1910882719518568571
1910884182076572046
1910888884541472845
1910911539915149569
1910911685382058479
1910922268856696917
1910936006658056434
1910936589628244406
1910937052855841142
1910954954170290184
1910954982980853912
1910955446413750757
1910958814674776521
1910976133035659507
1910984734118707361
1910985838923567266
1910994275606618538
1910994369647194556
1910994491768815749
1910996117346476197
1911010880323768328
1911011789883466165
1911012206344392726
1911034559237419117
1911043742225617338
1911044848099942828
1911051551885672706
1911053427599159691
1911270304694907230
1911275654068535445
1911302748848468258
1911308953192915411
1911309239928438866
1911311833278873759
1911313886923366793
1911319370334109909
1911320357933404318
1911331531454316771
1911376985093230853
1911377002973606250
1911377040902676728
1911392065298284565
1911420115234550054
1911453913775042807
1911454062463025400
1911454077969461362
1911454342797746653
1911461260077543619
1911464122534810103
1911467161542877325
1911483018713182597
1911483092444884998
1911484710175564260
1911488946648887636
1911592743077560657
1911622942464655391
1911626378245513491
1911628659091288527
1911629447037362331
1911633283567304734
1911647642938912777
1911649540173910380
1911653141465948552
1911683340987732004
1911691422815735834
1911692046748013024
1911692885902201205
1911693168682434957
1911693198180630697
1911695029019562247
1911695385787285684
1911695405714178160
1911697412936126478
1911697783435989083
1911699001860391021
1911699166734012421
1911700842371223726
1911701728262799742
1911702719653425315
1911703109849719022
1911703377030897823
1911704744399454493
1911705816618483807
1911705945534775343
1911706775239475224
1911707189552488923
1911708021710856541
1911708978259902525
1911708985352442052
1911708991488503900
1911709973006192837
1911710923871420749
1911711426072228283
1911711432334512550
1911712056044138943
1911712981794300376
1911713281393500528
1911713539192136152
1911713986917105873
1911714047315104120
1911718192814190665
1911718734877651186
1911719119780815349
1911719324760277353
1911732835855089930
1911738640792793148
1911741388716204100
1911741402574188580
1911741949721067923
1911743740013617354
1911744263689216193
1911747345915723832
1911747855280202090
1911752823470960699
1911765827457859954
1911766212649828544
1911781362438152342
1911783092815323160
1911789300959555640
1911793298936893807
1911793305563938876
1911793311729476069
1911794033082655214
1911794813382582574
1911796619135119554
1911800247480725703
1911802845487350182
1911810433193005241
1911817526058856512
1911818937857417547
1911819172318982159
1911846541465428007
1911851029559451730
1911987728482205902
