1239590173781835784
1239603055089205250
1239616329155411969
1239619964287369216
1239731532899606528
1239732736425779200
1239817399781621760
1239835235170189314
1239836938237960193
1239845439337140226
1239846022609645568
1239857677078941697
1239858219243069446
1239859419636064258
1239863991897174018
1239864252460040193
1239867644800454656
1239869195329781761
1239869252439400448
1239878826231881728
1239880863187218432
1239887770979426304
1239894072472428545
1239894446134587392
1239895898039042048
1239921444303200256
1239926024478941184
1239926385101000704
1239962494057111552
1239964024793518088
1239982066982195202
1240097995464441857
1240100061406625793
1240100724882558978
1240100810224046080
1240110244849577985
1240129531043876864
1240189126843883520
1240220895018233856
1240222596550889472
1240223334672896000
1240228959729545216
1240238042436096000
1240239446680715266
1240243076397854720
1240246036376866816
1240246886872711169
1240249857136144384
1240249858964877313
1240263218351591426
1240276044583784453
1240282252841553921
1240301941516689409
1240318997339320322
1240319346448019458
1240319413305225216
1240459247952859136
1240459358703517697
1240459411908227072
1240460772955680768
1240464189165989890
1240464219922825216
1240466921704718337
1240467886868549633
1240474933202841600
1240519532667527168
1240542968987021312
1240556377539403777
1240557774150356994
1240557954769682435
1240558416315080706
1240558540671991809
1240559560336654336
1240559996355526656
1240562309900029952
1240563169627492352
1240563170122452992
1240563594514710528
1240563904003993602
1240566368086323201
1240567003800207360
1240567252136517632
1240571068953161728
1240572095156736002
1240573345734610944
1240574255168811008
1240574444399030272
1240574485608026112
1240574626985463808
1240574700788441088
1240574832057565185
1240575005278089219
1240575158865129473
1240575539254931456
1240576222767099904
1240578495173906432
1240587917656875008
1240588273661009927
1240589576768344066
1240590548551024642
1240591181647458304
1240592507630575616
1240595163644219394
1240618228742647809
1240637106633863170
1240658814417817600
1240662684585955330
1240665647102607360
1240665804116340737
1240665821002608640
1240853154398212097
1240868675902676993
1240869174873735170
1240878037488390145
1240878211115839488
1240878336823287808
1240917674479116290
1240918754961141761
1240919376875814913
1240920563125587970
1240921123539144704
1240921285669994498
1240921437054980098
1240921692974665736
1240921828396154880
1240922049293340673
1240924180213686272
1240924427119779841
1240924572133646337
1240924686826893312
1240924896449851392
1240924898198867969
1240927104465686528
1240927717278670848
1240930518885007360
1240931430651187203
1240933733420548096
1240934408334401537
1240942513415839744
1240942577714487297
1240943351567802368
1241005279883350021
1241013350747664385
1241016903146942465
1241176444023091200
1241195004418121734
1241195004422270977
1241195269137420289
1241195376322867200
1241229678867656704
1241243997911179267
1241268418168274944
1241270790613434368
1241280045546528769
1241281024656474112
1241283977962336258
1241286760950140929
1241295616317087746
1241295938234146816
1241302844394704898
1241306553967202304
1241307860488749056
1241309126807846912
1241331620713381890
1241331810119741440
1241334409111846912
1241338296552177664
1241346562971725824
1241350142231371776
1241368417183006720
1241387276396982273
1241405212826320898
1241405302819262464
1241408393237020672
1241409195238277120
1241409609882992641
1241411943555973121
1241417284343611392
1241581332309790725
1241581991495000065
1241606396606435336
1241613641960452099
1241614116168462336
1241618030146314240
1241619308230385664
1241623857951195136
1241625559127359488
1241641007885606912
1241648854384033792
1241678786329903104
1241678838989344768
1241678898103848964
1241680426701213696
1241688093226196992
1241699156466384896
1241699211239772160
1241703844544823296
1241706164535975941
1241706424205377537
1241710332625563648
