1276413534662877190
1276417587077771265
1276418740632993792
1276424434375487489
1276425291225632770
1276426374023004168
1276428571242684417
1276430780244393984
1276430961694126082
1276431244348272640
1276431456215203845
1276436463647784961
1276447647692251136
1276447674800025600
1276454095482572800
1276454098280169472
1276462819827834880
1276467454034669570
1276474960190431232
1276478252412841993
1276495312001986564
1276511646496653312
1276521371116290049
1276535668584312835
1276536680816631810
1276538606635507714
1276539639197626368
1276542249350754306
1276557109690163205
1276568994875465729
1276719192851480577
1276748209382031365
1276748211567226881
1276748213177868288
1276750233888624641
1276750334270902274
1276750437115256834
1276751122896543745
1276751440493441024
1276787778756329472
1276794376362946560
1276805464077094912
1276805499321634821
1276805527649968128
1276816229701836801
1276816241374552064
1276827434629783553
1276827580264402945
1276830267106144256
1276852926669926402
1276853237157474304
1276853421602009089
1276853733645627394
1276870304816525313
1276870441143918592
1276887806627831810
1276904169643716619
1276904304742293511
1276909351404367875
1276909401287192577
1276917714695491584
1276917722861850625
1276927564229951488
1277068845769875458
1277068950052892672
1277069485074051073
1277070109564010496
1277070171887112193
1277070993534533632
1277071590711148544
1277073131962642433
1277078872752680960
1277081030256545793
1277096035261669376
1277120959401476097
1277120970096959490
1277125797745053696
1277126943670824960
1277127130548072451
1277127179264901120
1277127320424181760
1277127548179111936
1277128273068060672
1277128275131641858
1277129636707622914
1277147620729745408
1277151785065476096
1277226171856375808
1277226173441830916
1277228898476941312
1277228914364911616
1277229029515358208
1277240859965218816
1277256998933815296
1277258591280472064
1277269513944174592
1277279539471609856
1277291341706215424
1277291343530754049
1277291344969383936
1277420638005673986
1277420704695152640
1277428784996573185
1277433404124827648
1277453713381093376
1277464318921981952
1277475172413366274
1277499574320422913
1277504347094413312
1277504966261739526
1277560247188512768
1277560249319219201
1277567980260347904
1277572115869454339
1277586577758158849
1277600040819675142
1277606193448419333
1277606257478664193
1277606881603665921
1277632178457702402
1277639209856065536
1277676994939850752
1277680605937848320
1277791151500607488
1277791551721140224
1277791892256636928
1277793974241996800
1277794278526222342
1277794375762800643
1277816073652338688
1277820422453510145
1277834303905214465
1277834507366723591
1277846372557832192
1277854160767967236
1277858864747044865
1277860352244330502
1277861293920153602
1277939058786938880
1277987798096601089
1277990301320114177
1277992065511550977
1277996888197746689
1278005392375607296
1278008017443794946
1278008268804157440
1278010199987482626
1278022520130560000
1278023183522652161
1278148691266691073
1278163102467411968
127818241585324032
1278191990824267776
127819217486618624
1278216491880472577
1278217027119837184
1278217408256397312
1278240558683570176
1278240561527312389
1278250534617485312
1278250682651340800
1278250771394383877
1278274103258935297
1278298069553963009
1278298548061106177
1278318987164569601
1278328602048598018
127834989617348608
127835758240346112
1278360775619342336
1278361188170993664
1278516446595698689
1278517947460227073
1278518335462797313
1278581285435236352
1278616357936885760
1278617349193531392
1278617508711292928
1278622764358725632
1278622767445762048
1278622769698050054
1278626783852552194
1278626786457219074
1278636476499030017
1278647222943379456
1278655512117080064
1278657556060094465
1278657560900333568
1278669817281744897
1278670175819239426
1278670844684898304
1278685524744519680
1278685719553163264
1278685734002552832
1278688081621598213
1278688311020683264
1278690283387883520
1278690836792832001
1278691160597213186
1278693813263859713
