1957075605515567322
1957078232026447965
1957078413388234819
1957078584289280467
1957078686189990085
1957080533608890643
1957115641967841547
1957116449891434507
1957118873666232752
1957136443047915788
1957137316532924533
1957139538280866146
1957268076929724810
1957272904019935288
1957272932537004129
1957290128357085437
1957293635231531404
1957294000836161703
1957299285277790314
1957310514054484140
1957311311601172518
1957312161103130797
1957313539431145973
1957319735353462947
1957327822206415275
1957327897599111210
1957338476556538042
1957344165680824373
1957345466787488157
1957347654343520533
1957350990568374413
1957356393540862348
1957358038244892976
1957363310707495319
1957363594942631944
1957364123714703837
1957365113742315941
1957365806926606435
1957367180032623103
1957368408867283204
1957370056037265886
1957370560284958905
1957370687364256031
1957374955374698787
1957375581479174359
1957375586415808572
1957376459460263949
1957377116208554297
1957378163459170372
1957378169192759639
1957378690158891387
1957382707262153008
1957382791198634291
1957382825168318828
1957383568075731247
1957384030372110840
1957385210745757753
1957390500522029391
1957393971623116812
1957396355309064493
1957399092960633090
1957400772930322704
1957401264691859521
1957402844019245558
1957405127804907607
1957406352768438635
1957416077509726462
1957420585622872172
1957421589869306128
1957421691849613700
1957421864847867984
1957422327186026691
1957422331896205460
1957422445805121989
1957422910932463910
1957423277158117577
1957424140358422895
1957424144921891136
1957425056201515166
1957425780352299188
1957427321721528828
1957428433950024120
1957429079235551535
1957429624473866494
1957430216990560304
1957431244108542306
1957432771707592875
1957435089366729078
1957440903296987597
1957442276604456992
1957443401546137766
1957450958067421282
1957463769925157184
1957464557024153729
1957470454488445035
1957476031671292280
1957476072804724754
1957481223548441064
1957499769674428571
1957661300974129651
1957669388451971556
1957669935783768195
1957671585147388114
1957673790936174933
1957674214598549608
1957678937292574894
1957680501638197762
1957684176335126783
1957687367902363918
1957692225820700815
1957692546269974744
1957694066784698715
1957697499000353088
1957701305100816644
1957701808375099619
1957702459738190288
1957708033620078953
1957711341986201891
1957712666937508302
1957713257642553804
1957713385711382913
1957714120070840718
1957714474112110852
1957714750806098072
1957715387115593898
1957715731354939581
1957715836635935087
1957716829461176357
1957717042477560239
1957717048823316726
1957717435475202439
1957717928633303378
1957718060300685618
1957718844572635572
1957719865332232335
1957721088139620593
1957721092946292981
1957721875288846431
1957721880401457286
1957722217401524430
1957722343377383444
1957724333544984879
1957724880608117008
1957726856611815807
1957727850691166695
1957727854361231598
1957728211820753338
1957728958473961630
1957730394582970708
1957731058805514573
1957742615387902405
1957743766686822642
1957744488635584677
1957745809434317284
1957746464664219669
1957748084202750178
1957750531524554900
1957755152141799646
1957755975462420690
1957756623570788640
1957758987845185772
1957761310135128330
1957763946464559550
1957765848908669183
1957769730921463939
1957770983474938308
1957774748563435681
1957778139171496276
1957778777880047797
1957779217652842782
1957779390416527677
1957781489707618596
1957782414681600270
1957783627661717901
1957783687472508995
1957784031904559538
1957787909341474987
1957791098266612186
1957792991357116611
1957793310497513799
1957794000531857628
1957794473041105359
1957794992631566357
1957797132020380061
1957824277941457385
1957825365751038033
1957825370968772806
1957826871208374708
1957826876098986130
1957828273771090273
1957828280045703371
1957847292066881809
1957849124969066668
1957850281682579763
1957850565012074945
1957852102312554659
1957853161797923120
1957854400665227445
1957858681275793904
1957859039876116981
