1888532008487530929
1888546968584225048
1888547503420924150
1888547616692306285
1888572122643222748
1888575393810288786
1888590280615743906
1888590907701903584
1888591422892441736
1888598486393778501
1888600201532751905
1888606596747698235
1888621032736481457
1888627657300115768
1888632757137666166
1888632772853666217
1888632788091609225
1888634586525233183
1888636447005241813
1888819263575904271
1888859025275855313
1888860918710522124
1888862886266888478
1888865775890633118
1888886728817090720
1888888584729723341
1888934571082928388
1888937370093027409
1888938036710535667
1888938896240832977
1888939287170994416
1888939597713064442
1888941938596036649
1888949237364523380
1888949271204094182
1888950149294231611
1888951046569168933
1888951970066845858
1888952623824539770
1888957222438457365
1888964685615030449
1888966489840972120
1888979493517459826
1888980611530182901
1888980615791542531
1888981141107134844
1888990779710083247
1889174197848715306
1889175361096736837
1889180595508715697
1889182332973932639
1889183350910529833
1889187328188715477
1889196026906702161
1889196036666912811
1889212976051421280
1889213022289453562
1889215315260899681
1889215482705871201
1889220323213804015
1889221924976484484
1889232859992650130
1889246864291053716
1889255898545373628
1889256042594230294
1889280728011084152
1889294799691501832
1889294804917322106
1889306287395225920
1889310630806515739
1889311513753837887
1889311597300216029
1889320899784130960
1889326928219271231
1889329380448784472
1889329383644778770
1889330541520199696
1889330544695202189
1889333749705510979
1889335752276029897
1889337528622489697
1889337533760479287
1889342664585228596
1889345625755660688
1889362150063591574
1889366904642609322
1889373442740490675
1889374583645684044
1889548518458794370
1889549239598064075
1889550753276240279
1889563914960060498
1889564481874780185
1889568225953980587
1889573511989174775
1889573515218596280
1889575338650313037
1889577056494821602
1889577970374676931
1889578735378239574
1889580272816902490
1889581471200952620
1889582480006484111
1889583145210515840
1889583627798770008
1889584493599637611
1889584500268528114
1889592497367613594
1889595623919219134
1889599649175994395
1889610507172069785
1889617815344230425
1889624271820931581
1889654590619926632
1889654918421651714
1889656193221546417
1889657443245814216
1889658530929463351
1889661485028458868
1889662437239980067
1889662479602688061
1889662925058523561
1889663610475127012
1889664705792262626
1889664941293969905
1889665529188639083
1889666236985880982
1889666347140841614
1889667424611385458
1889667462469202336
1889668858619072554
1889668877581189631
1889677529792885097
1889681867454161397
1889682432988692518
1889682916386787636
1889683100977783004
1889683806317113638
1889684820877357175
1889693112307781865
1889709206309114071
1889712039930564647
1889713062367633775
1889713068768170218
1889713850754142608
1889714473725727072
1889715247768019431
1889760910773796932
1889764193131438304
1889764876593041528
1889764896608313386
1889871568039453078
1889881411341238380
1889882876445073726
1889883651753779491
1889895906885116369
1889898156244279556
1889901448940703897
1889901583850197423
1889901774699729339
1889902524129485053
1889905080897511773
1889905173566464423
1889906938533802326
1889907681357603218
1889908406166888598
1889910795439681899
1889912062467514555
1889916705436213309
1889919290448793719
1889932504720646425
1889934292635230304
1889936895184155014
1889938763285144013
1889939011315310780
1889939164227142030
1889939532986101795
1889941286381310115
1889946106823618886
1889947221610942544
1889952214841696427
1889953226042253586
1889953493412200886
1889954299159203952
1889954303584116990
1889959639971987924
1889961890866204941
1889962682427777361
1889963562413801974
1889968915268419721
1889971717327782134
1889977896607031549
1889978179290591555
1889986643886825575
1889989150755209488
1889990909422698998
1889991690892771765
1889992364472865170
1889993641269358908
1889996583770669128
