1357038102242447361
1357038215761301505
1357038874183172096
1357039476816547840
1357039970339328000
1357076251773526016
1357168403375484928
1357171732201631748
1357171815324418048
1357172503261581313
1357175223280275457
1357175407762526210
1357179402547650561
1357188389426982913
1357189907077242883
1357200513477955584
1357203341621690374
1357204560549277696
1357204651586719744
1357208368708898817
1357212612082077697
1357215539752361985
1357217502023933954
1357217600372056065
1357217601269628935
1357217737420902401
1357234407174639618
1357234524636147713
1357234591933730816
1357240790867607553
1357240920169611266
1357243100456910853
1357243571271655424
1357245508344029184
1357248024779476993
1357250541349445633
1357253058464473088
1357254501304967171
1357265317412569090
1357265700931338240
1357267494801530886
1357268157916794891
1357270674201432066
1357270722184290309
1357273190729281536
1357273465082974208
1357275707450163202
1357276380849840131
1357282269900099585
1357293538094981120
1357299618304856064
1357299620284567552
1357313000126877697
1357321819078807557
1357321822346178565
1357344116011532289
1357346549609558020
1357346659324235782
1357351046708797440
1357352463871873025
1357358951055065090
1357362262701297665
1357363166926176259
1357381796321632257
135743755985756161
1357502326596984833
1357502360994467845
1357502826969067525
1357502985476075521
1357503416159797251
1357513481579208705
1357513681756557316
1357513936304631809
1357518100812374016
1357528258284113920
1357531274106179592
1357561218953744384
1357584785888083968
1357586774365622275
1357593058729021441
1357593265676058629
1357593294662889474
1357594701579264004
1357600516637814789
1357603341300240384
1357605391257853952
1357606061318918146
1357608655256907777
1357609180752867328
1357609341012963329
135761205041184769
1357616966609948672
135763202792357888
1357632179547738112
1357641057270308864
1357649492317593602
1357651260174815239
1357653526369898499
1357666737294987268
1357668135139115012
1357668425171046405
1357673424185741315
1357674771111026689
1357686244407300099
1357692257567084546
1357695666567323650
1357711758773817345
1357714933694144515
1357714978854215689
1357715165773352961
1357716452090908674
1357722304017428480
1357736717533413379
1357737217410560000
1357739369453428737
1357761270313754625
1357874779659796480
1357876857882877953
1357886525967458310
1357936579096969216
1357936724333137922
1357937118325075968
1357937991008755713
1357947344814133249
1357954246512025602
1357957200266727427
1357959621508427777
1357964837855236097
1357967070760116224
1357968845764395010
1357976615062433793
1357978415224156165
1357978836017680386
1357990207274983427
1357993456199606273
1358013661277614082
1358013831117606914
1358042507381149697
1358058509443551235
1358078776895180800
1358079423518437382
1358082959195049987
1358083258395762688
1358089307324489729
1358093633849679875
1358098626547830784
1358114534024638467
1358114894659260416
1358234879348019200
1358235356236288003
1358238318341758978
1358239133181698049
1358250132504866818
1358250802406559744
1358278315308511232
1358328095556595714
1358328172425605125
1358348660539465728
1358351021777375234
1358352923441303553
1358353352216571905
1358377700533039112
1358378041194340356
1358382827012673537
1358391786591318021
1358392158277931014
1358392569252618242
1358400828852162562
1358410922436399111
1358411191668772866
1358432243887181824
1358432356709769217
1358447348561506304
1358448424320831490
1358448453194448896
1358450392191799299
1358455677165793282
1358455732744507393
1358455958310014978
1358456083073822720
1358456097917464577
1358456228679061504
1358456673988268033
1358462422462337024
1358463802950389760
1358464739999842312
1358488194614923264
1358488803141246977
1358490049654886400
1358490715181903872
1358521406825193472
1358597004843044867
1358612416712515585
1358629444676591616
1358688377940242432
1358689588982599682
1358694187550478341
1358698222105948167
1358699517831311365
1358699624937136129
