1347506923562700801
1347509431861272584
1347511949190287365
1347517121924796419
1347535105431019526
1347535564514369538
1347548843445899272
1347551966453325826
1347552871173087233
1347559290937118721
1347591290083426306
1347592283189776384
1347595310323830785
1347595826932027393
1347595909559853059
1347596514760163329
1347597942006325248
1347598143786004481
1347601012144525314
1347604699478859781
1347604759956516867
1347607426527162368
1347608011196403714
1347729217681702920
1347729272954241026
1347729311696969728
1347771207433609218
1347778598388654083
1347780942140637187
1347783724960673794
1347787762922004480
1347803390328279046
1347812410770419712
1347814105852231681
1347815719547801601
1347830646790529026
1347831879458717696
1347856032932843523
1347857857559941127
1347889640976510978
1347896351267295233
1347932022543507463
1347957109598478338
1347964981074038786
1347966501802758144
1347969802468380673
1347971558199808000
1348189662771249153
1348207593962020864
1348207596059070466
1348209599720034305
1348250716020740101
1348250815249567748
1348256301411823617
1348256332927832067
1348259323823079428
1348268380818599938
1348269688040550402
1348271674580377600
1348272700507099138
1348322567111626752
1348325808356564994
1348333287635263488
1348475565607567361
1348475636889702403
1348475680489525248
1348506571291070464
1348507241997950980
1348532260132163586
1348535113282244609
1348537629973868546
1348538294598922242
1348538323124436995
1348538417315942400
1348539449152454656
1348539796440825856
1348542663092527104
1348545179557486593
1348550212831178752
1348572416373493760
1348594815387070464
1348595180631322632
1348595541056229376
1348603482962423812
1348604024757440513
1348604324482465795
1348604540665282561
1348605039837761537
1348605174177169413
1348608877873434628
1348609635540824068
1348632902498545665
1348633130966478852
1348637361341493249
1348641463337328640
1348641588797337603
1348641765419454465
1348641828187168770
1348685058719170562
1348692402828021761
134870500932460544
1348857266410164225
1348859430712971266
1348859447762849793
1348879302939398146
1348879428386885632
1348879707056472065
1348902637840658432
1348918881960689667
1348920375137116162
1348920533719519232
1348937390203670528
1348937840923561985
1348963355680145409
1348963358599352320
1348963840914903041
1348965693933244417
1348974814602481667
1348974840749805570
1348982248217853953
1349008451515658245
1349011907768963074
1349018779704025090
1349027517206732801
1349057552269545472
1349057845271040001
1349058209911246854
1349059356822630400
1349187725073686529
1349190513937641472
1349193277472296962
1349193383902736385
1349194569443807233
1349195740040499202
1349222474592894977
1349222774653415425
1349222947123126279
1349223085761728513
1349223427958194176
1349223491963211778
1349223591502434306
1349223620137029633
1349225126735220738
1349225273259028482
1349226257536335875
1349228190783311873
1349234949757407233
1349241136502591489
1349241166827380744
1349241599805386755
1349241909252812802
1349241962071695361
1349251774314528773
1349251816324624384
1349251954573156352
1349251992191844353
1349252056498884608
1349267825039298560
1349268693784567809
1349268750890004480
1349273484703059968
1349275841918758914
1349280188849262595
1349288570708611074
1349288765005602819
1349308948713668609
1349340697124499459
1349341731704119297
1349398000452263938
1349405395131932672
1349411002446581760
1349411267899924481
1349543284259975171
1349545082265903106
1349602681829003265
1349607122380615680
1349607345291096067
1349607381416636419
1349611896933027841
1349629329504784389
1349630996421906432
1349634017482588161
1349634081525403649
1349634366478065664
1349634571994685446
1349637589192458250
1349642615549947905
1349652444385484801
1349662727908704259
1349681686674505736
1349681733843619841
1349690816885714951
1349700066517258243
1349702470709088265
1349703816346681348
1349703819190407168
1349704165212127235
1349706744939704323
1349715262262505473
1349715270382751760
