1929108806468067487
1929115420872544663
1929116086072709189
1929121827437040120
1929121850837053501
1929121889231794333
1929123137834078633
1929135013456478562
1929135049921679501
1929159802569015426
1929159932638826864
1929191432642044387
1929194044724334942
1929194580022575171
1929195348309709106
1929195631660384622
1929199053633642963
1929199141088813467
1929383123378217357
1929383313858294006
1929383377515241781
1929387497982931259
1929400780810772906
1929405229981962242
1929405322856116515
1929405454255370547
1929408192921932051
1929412515047338052
1929413073061769463
1929419326546997372
1929421557967073519
1929425314738036759
1929425722398933213
1929426646307672417
1929433384628945302
1929434372148793475
1929434952447484309
1929435136971665820
1929436190958322019
1929437091491954966
1929445855511060552
1929447877899620539
1929451625694785794
1929451630912577967
1929452637721960921
1929452644382191793
1929454052867178914
1929454330874110356
1929455002772267383
1929455634568851917
1929456297277116542
1929456300972228683
1929456678669341115
1929457033440264530
1929457038976758207
1929457299510194456
1929458592530223301
1929460154006921320
1929460678290772441
1929460784913924486
1929462642839605644
1929463020448575820
1929469253247185070
1929470405275771152
1929474325935272284
1929476245248680272
1929477373205860742
1929477913021190555
1929478042575106303
1929478826553204991
1929478900184473806
1929479034271858784
1929479428305727926
1929479472933142578
1929480165702160417
1929482414474367227
1929489277744038036
1929489612998619322
1929492033288474845
1929500975200633214
1929500983333142802
1929503544832303601
1929504209071706282
1929504605609816201
1929505135639617647
1929505857689022913
1929514737626173640
1929514798540038421
1929514819570323852
1929515144293572988
1929515187683668269
1929518312280469888
1929518701545480211
1929524032233156814
1929524046670037417
1929526155155284044
1929526312089108555
1929527314779381855
1929552225157918777
1929552392132919683
1929552511326716093
1929558636918886846
1929559244501876987
1929559455919649034
1929560545176510879
1929560550188421558
1929561251115634739
1929573512223523215
1929573950218019216
1929574167981994184
1929575529016963077
1929585572118466976
1929585665299148862
1929591816141049872
1929598056028082447
1929715281565511734
1929718013009580437
1929719950543147075
1929727277535043996
1929727688098697262
1929728959320936611
1929737247945118127
1929737284083175806
1929738138140004750
1929738160806023343
1929738297661870288
1929738532060647473
1929738800177336703
1929738821505364430
1929749889157943331
1929756054776344835
1929757042425975048
1929757178900234311
1929757670913069086
1929761463771845066
1929761575323554023
1929765894936580413
1929766391131132043
1929766631716393034
1929767486213214587
1929768470063075834
1929768543689887787
1929769018556399876
1929776279739683077
1929776485440618878
1929778717125234756
1929779633710580083
1929779722973860145
1929786136047861952
1929787273681539493
1929787385899864503
1929789737558049101
1929789782789706125
1929790049555456386
1929794658621657130
1929801175526003169
1929801188582806006
1929812227659649522
1929813534315344370
1929814132179583086
1929815478681379032
1929816192488771940
1929816573818376535
1929817039105151032
1929817326016422238
1929818223027147245
1929819951969587658
1929820190512123987
1929820720957477062
1929821045172982143
1929821910822723696
1929822315405348883
1929823151401173149
1929824057857659088
1929824674449420534
1929826694879440901
1929826701330268446
1929826708762341446
1929827472746729537
1929828419476287650
1929829148761247981
1929829621874233488
1929829628387999947
1929830051983643030
1929830152676299094
1929830396105011608
1929830933626335534
1929831459952775418
1929832401347530871
1929833361633432035
1929833597935960284
1929835403697062154
1929835580931686908
1929836521215119862
1929840876458848327
1929841915425706092
1929842403671789587
1929843275491692892
1929843870868951238
1929844613805998525
