1361033696027967488
1361034970806984705
1361036823703654403
136106171676377088
1361137328295616513
1361139068457771014
1361139103606005765
1361139144236277763
1361139276507877376
1361140343782002692
1361140443967221764
1361143507641978882
1361143513337892866
1361143572645351426
1361143608942858240
1361170449095254017
1361170544234622978
1361170623364427777
1361177222392909825
1361184478945714180
1361244549767602177
1361251778956730369
1361259578348892162
1361266873820618757
1361268628297949191
1361270488559878151
1361270923349741571
1361271512662044677
1361277740444393475
1361336500302962688
1361336830180823044
1361338406697988107
1361339264835874819
1361339305239539713
1361352363177484288
1361359103847632901
1361360859788759040
1361366987725701123
1361367043228934146
1361370011802030081
1361372158098726912
1361484924608372738
1361519529449332738
1361592454034587651
1361597389878910979
1361605103539523585
1361605906387980288
1361609247243468802
1361612320716165126
1361612471547535365
1361612628695519233
1361612723486789634
1361617273564274693
1361629480947642370
136163151262654464
1361631770811060224
1361635536763379714
1361637592836440066
1361646787694485513
1361649496183083008
1361652923445383170
1361654783237492736
1361656853365628930
1361659088585723908
1361665184520019968
1361669469345513482
1361669854789443585
1361671006780235778
1361674183869034497
1361675302573809664
1361675773556367370
1361677502897250309
1361679232334581760
1361692133023911937
1361694467229646849
1361695329339338761
1361747227727654912
1361748502976471043
1361749118209548288
1361755429169074176
1361873057258725378
1361875011926061056
1361875042875756544
1361875349752090625
1361878624475914240
1361878637406916610
1361879358575501317
1361901014123646979
1361901047791329281
1361901381871800321
1361902711856238598
1361903825687220227
1361904781258760194
1361904924255133697
1361905917277528065
1361906720931385350
1361908170575122433
1361908376112795648
1361908481712787456
1361909027735670787
1361912007121903618
1361913339232669697
1361913378029981701
1361914523603542018
1361916700430462981
1361917174407786496
1361917176425312258
1361919557028388867
1361920025473376257
1361952378660954113
1361971740432166912
1361984152187269120
1362012883626827779
1362017322198704130
1362017324992110594
1362017326762127367
1362017328519548940
1362020066020134914
1362066434747113476
1362114259472117763
1362114591753261056
1362115592245833728
1362116021432119298
1362230420876656640
1362230713156734981
1362238204393320452
1362238234885906437
1362241801906647043
1362245052844576768
1362260120365715460
1362271030320844805
1362271881236148224
1362271894578155520
1362278074998419459
1362288210735374336
1362288464843079690
1362292364551757824
1362295872927670283
1362296474395009026
1362343006745989121
1362344429692936195
1362347909493088259
1362356969537896450
1362374085389418499
1362374617722089474
1362399548442775552
1362399550191718405
1362416483750400003
1362428084612341769
1362428087988674560
1362582580906762243
1362585518463209474
1362643951363129347
1362663313406980101
1362677511730077700
1362680806435479556
1362683659912941572
1362701268133703682
1362763354268336129
1362797681618219017
1362797722487586817
1362800403318890501
1362826828839223298
1362827247351029761
1362829908834066433
1362829972864262146
1362830458258513920
1362957060237783042
1362957152042717187
1362957336420081664
1362957694689185792
1362965044246421508
1362983953607446531
1363046712676216839
1363056717517348870
1363056816041586690
1363058771736424448
1363059132966727680
1363059209370173443
1363081872004194307
1363100240211972100
1363100241709260803
1363122760462008325
1363122762332573700
1363133175698886659
1363137966198034436
1363151597711237123
1363152425217978372
1363158045518307336
1363160402478075909
1363160440591716359
1363160609664028672
1363162266896535555
1363171226026348554
1363174517925834752
1363174585697325057
1363179891089285121
1363180123793416192
1363187387547852805
1363303269590654976
