1805980154990141891
1805980233855652265
1805980337568202831
1805980413283688785
1805980525401637312
1805980571379597495
1805980637016236056
1805980792205595008
1805980868239908869
1805981022103670908
1805981040084660260
1805981052030144950
1805981063660900519
1805981075555897549
1805981090051416522
1805981102646931722
1805981537009279409
1805984107522101450
1805994812543483990
1805994816574308660
1805999817610658257
1806003777969033701
1806019386777751876
1806021039690055842
1806035553168789821
1806148944759820787
1806149020638941388
1806149411741057522
1806152463894081588
1806152513126801805
1806168075638804489
1806185502607041023
1806188345560871390
1806189379775610992
1806189392316281047
1806191414356976025
1806191655709708614
1806192415239258374
1806192788628758651
1806192868752605316
1806193233157870001
1806201045330379022
1806202149434499378
1806212695773032449
1806213797448970308
1806214135644127599
1806214139582538172
1806214704966287545
1806215174921294126
1806215424935403602
1806216364442677348
1806216467526082750
1806216667883778088
1806216871831839132
1806217556501655948
1806218226390741427
1806218325930004488
1806218512643555828
1806218821306335283
1806219029012775215
1806219310333079889
1806219511982616914
1806219772910322060
1806219857693900999
1806220031262703743
1806220364202254426
1806220377929966075
1806220785247531071
1806221035030950169
1806221945828188380
1806224239084908592
1806224269254574225
1806225863538884848
1806226159560282464
1806226196973371640
1806226381002736029
1806226432181543099
1806226454990241792
1806226530051518927
1806227073561981081
1806227753517150576
1806227774178508848
1806229561006231964
1806230207486890310
1806232163236688127
1806232257348420052
1806232306769973650
1806232344938062114
1806232459396448649
1806232556352008194
1806232666574123369
1806232757724647639
1806234628535267796
1806235083826962477
1806235975968079917
1806237686140911731
1806238165755462003
1806238658565185853
1806239285802086754
1806239324201259316
1806239345730572545
1806239438302839064
1806239471945314581
1806239541751132514
1806239595463344637
1806240964010442973
1806241337647485226
1806241508636397935
1806241680909357072
1806241863504109926
1806242034816352377
1806242214567391423
1806242374873711067
1806242505505329298
1806242649919344872
1806242836003651685
1806242943139012895
1806243007794180440
1806243187243303043
1806243379665359272
1806243520123928940
1806243668744880391
1806243844096159803
1806244101727350844
1806244245868839028
1806244391511794166
1806244573565640864
1806244747620810966
1806244940206531060
1806245092518510646
1806246338260341108
1806246926427324875
1806246950855221521
1806248969942737332
1806249014226211316
1806249242081861972
1806249346612310402
1806249434302546172
1806249638175072469
1806252334344781852
1806252914966437968
1806253253413482541
1806254374798422357
1806254457497460972
1806260234400518188
1806262714429473248
1806262816736682051
1806266303038034207
1806266979755454897
1806267804770791620
1806276003444257064
1806280527508320691
1806280862725705791
1806284575683006719
1806284767459197357
1806284962196488235
1806288698771972590
1806298096693043341
1806298809510871496
1806301159248085381
1806302053796544998
1806304755997704512
1806305334459576356
1806306302072947095
1806314588096414010
1806314769701572855
1806314805659398288
1806317992814203187
1806318014217761043
1806318029203976540
1806318047315050689
1806318069246996966
1806318092089266266
1806318134950760882
1806318160024424601
1806318357508956506
1806318632567189701
1806320515046601019
1806321540839227858
1806321970923065379
1806322886464168071
1806323457376022750
1806328376992419843
1806328403869470778
1806328418444722190
1806328433246347366
1806328448115228960
1806328461981540385
1806328475768275025
1806328493036208202
1806328763396813273
1806328909971009647
1806329017311678690
1806329126787195242
1806329275798208618
1806329426671448478
1806329531608752131
1806329823805002150
1806329935180521805
1806330023416041810
