1884132501326815494
1884132881297232289
1884133569796473306
1884136437798568230
1884138734423265550
1884140206762385785
1884144422226649438
1884145166577197394
1884145545301885174
1884150316549169220
1884151091706880097
1884151795846435029
1884153406190674291
1884153825864646784
1884154460911612365
1884154587017535759
1884154911912571185
1884155055311601701
1884155103663517976
1884157907367084198
1884157913113198768
1884159230724431902
1884159234717446179
1884160344941289722
1884160349492109755
1884161598576812375
1884163409740239245
1884163414056132895
1884163419059937470
1884163654289141799
1884164214530719788
1884164632136540178
1884165225597002045
1884165230273679378
1884165235222913040
1884165239924772881
1884165409936638443
1884165586974040422
1884166424425554307
1884166800117727354
1884167232953147515
1884167699502358792
1884169466201923726
1884171442151121141
1884172909905862997
1884174199138484412
1884178296814088608
1884183788416327881
1884184009107968011
1884184186099212408
1884188193068834906
1884189897034223639
1884190485650235552
1884192056496775659
1884193249725931778
1884194339880108428
1884196687515902457
1884197655301263737
1884200235033104860
1884202298257387649
1884203897130213859
1884205265018577158
1884205290708689004
1884206314110480485
1884206454208598167
1884220157935112643
1884220860619448416
1884221249947340836
1884221652403367951
1884224311155909052
1884224689356349607
1884235353227420013
1884235356268323154
1884236480249536756
1884243366948532475
1884244835785429470
1884244838654328918
1884252479334015110
1884252483234803923
1884257458400690253
1884259309682385308
1884260244177788951
1884261206648631634
1884278060436144482
1884278064882016629
1884279414063861770
1884283585395605553
1884285957102526496
1884296254966173845
1884297204334301420
1884297686750527543
1884304868921512341
1884308180337115636
1884309099468452230
1884309292347711856
1884309429220434024
1884309573634515107
1884323110947848212
1884421034235027898
1884467666628514245
1884468601853469068
1884468905995034946
1884470991860150691
1884474424193360169
1884475363876823309
1884481036849197519
1884490418009899114
1884504241580261438
1884507508745904377
1884509330613100952
1884510635612070311
1884514000639259104
1884514034768375978
1884516123288428604
1884517506204983590
1884517690364289365
1884519635892199608
1884522775869812790
1884524118596325576
1884524973878071751
1884525893353078846
1884526289006059802
1884537040769093960
1884539325184143807
1884539894435111038
1884541682097750194
1884543660639043905
1884543666599129452
1884544489748136236
1884545362951860601
1884546248289792369
1884546751149093146
1884547042049130621
1884547452973498773
1884548048119820704
1884548229955825704
1884548675675762922
1884549623647453266
1884549766237008301
1884552025775694002
1884552965278888096
1884554099942715468
1884555088662049167
1884555092457935177
1884555124426883321
1884558143918870773
1884559797720383853
1884561954838339837
1884567431538200892
1884572574576996452
1884577362655748479
1884577689430028629
1884578518316744973
1884580304586961131
1884583263081242940
1884583450768027812
1884584281852494267
1884589495347274020
1884591351964262706
1884597060344942991
1884598560211271690
1884598563986120769
1884598910242402596
1884599637136597215
1884599640882139397
1884600110635782349
1884604211263864936
1884607645426106633
1884626205070270875
1884626527427686731
1884626879413715047
1884626884937601513
1884627167017160909
1884627541459394705
1884628154872152459
1884637200798900609
1884653109894348947
1884655714238345507
1884685524427796655
1884786728788967840
1884803693377417601
1884821341246804026
1884831405802209559
1884831985065230611
1884832866582028304
1884833160732745794
1884833387099410644
1884835120068071735
1884835322984530117
1884835963312173180
1884841890882969619
1884849243627942191
1884849418815570122
1884855792341512320
1884861835368898741
1884863494086168724
1884864904072679443
1884866346078584984
1884867427756134434
1884868630455955655
