1498567852634550276
1498567895072522240
1498567948491173890
1498568479662051331
1498568543281233928
1498568567918571523
1498568746256191489
1498568760843960323
1498569132442198018
1498571158765117442
1498571172979658758
1498571206810816512
1498572120561008644
1498572602012356608
1498574546214928385
1498574552829284352
1498575453866446848
1498576634542440448
1498578028393222153
1498578582406598656
1498578785989705728
1498578849898332161
1498579090516758530
1498579119218761728
1498579605909041152
1498580920550367232
1498581446986182660
1498582508048306176
1498584972264820736
1498587561727791107
1498588120186785792
1498588304723173380
1498600778595930117
1498605470684123138
1498605474047877121
1498609435664551936
1498610418364809217
1498611271851462664
1498612603551350784
1498616516345950208
1498616587242577920
1498617802198220803
1498618889873539081
1498624057989685248
1498624509531676675
1498627383762436096
1498646336052236288
1498646715355713536
1498649761200496640
1498662286944133120
1498662676720881668
1498663961675198468
1498664647611674625
1498669411376705539
1498669420755185666
1498669438165745673
1498669448118796292
1498669456205414408
1498669464099127303
1498669471929868292
1498669480733712387
1498669491131412481
1498669498555301889
1498669511964508160
1498669519992401922
1498669529349914625
1498669541265928195
1498669551793635331
1498669563797721089
1498669571880124419
1498669609842782209
1498670423982374914
1498675513031901191
1498675520715776003
1498675529813221384
1498675687217053696
1498677002731196422
1498677010994024459
1498677529007333389
1498679321954861056
1498679424455221249
1498681901363904513
1498681907441471488
1498681927628648448
1498681939192348674
1498684011908149255
1498684636968660994
1498684645332119553
1498684653867532290
1498692560306388995
1498699863864741889
1498704720357359617
1498849477771526145
1498853040321069057
1498935571326341121
1498936569507778561
1498945863686967297
1498971816022650883
1498972441364033538
1498980842978242566
1498982803215507458
1498986684641603586
1498988193881886722
1498988231479611393
1498988990430875652
1498997542981632001
1499005120037539843
1499026147002449923
1499026170985463810
1499050962438475781
1499051438441472002
1499051441985851392
1499057228674125824
1499057280746397697
1499057602764099586
1499057629490204674
1499075719703707648
1499240362787086341
1499253633954709506
1499271881664659459
1499272317255680000
1499273027342987265
1499278282709434368
1499289138063110144
1499308596860837888
1499309457142022144
1499310170525954048
1499310337501188097
1499310366257401856
1499312608771330051
1499322796031107075
1499323194184200193
1499326765277200385
1499342791943794688
1499344361989238794
1499346705002954752
1499346772971626503
1499346829728960512
1499379575620440064
1499391324436385792
1499391338151743492
1499414725138219008
1499472141875494922
1499472748372193282
1499472934372777984
1499475313625296896
1499475989700964352
1499486246821052416
1499603340707364867
1499615144384819201
1499622012113014787
1499624284020690944
1499624366354870275
1499624408889315329
1499624722023456768
1499628694054522883
1499648983056015360
1499653478108766210
1499653874214633474
1499654046147579908
1499664439699972099
1499711054880059393
1499731368712208387
1499735016083177474
1499738551121891332
1499741623751610374
1499742049666428936
1499752767447248896
1499753507943256064
1499761417209389058
1499762950412075008
1499763423995121667
1499790742365310977
1499820903253016576
1499822838844628995
1499825147347636224
1499826607862784008
1499827138656358400
1499839318067941378
1499859733528080385
1499977189642493952
1499977484544069636
1499977721518051331
1499997328014725120
1500005258222718977
1500005637945581575
1500007062289276929
1500044846547222529
1500044946602336259
1500053645269733377
1500065651335266306
1500092633548746753
1500093218267881472
1500095842962735104
1500112897388605440
1500117576265105410
1500117875830697984
1500121569485795329
1500121625957924865
1500121667959652358
