1838849420588388837
1838849669071245652
1838849805076041751
1838850087675662395
1838850940297973868
1838851045188837707
1838851164890394940
1838851171605438639
1838851182326092263
1838852053600227334
1838852498066375135
1838852957716242781
1838854655776043195
1838856214140326412
1838856476871282832
1838858476526661931
1838862139471126718
1838864589326323900
1838865143951667672
1838865301930443121
1838868322663764190
1838869588802445802
1838870965050290355
1838873182302064754
1838873591431233972
1838875622283813337
1838876669186081271
1838877384063308113
1838878365773615257
1838878602252911076
1838879427666510002
1838882824818212923
1838883476361372131
1838884125237027056
1838885550281113912
1838891127891525738
1838896111768961384
1838899696401633734
1838900474554016084
1838905888188633496
1838905892173197509
1838906068069691805
1838907076497879160
1838907286041104882
1838908580642123794
1838909329707253800
1838909351593234822
1838909368709812351
1838909934278164534
1838910275225002020
1838910390950085081
1838910538979381257
1838910945214746891
1838913752118296953
1838915592218181921
1838915730479403049
1838917894144471164
1838917953430945796
1838918095680778610
1838919888091422987
1838920537130553642
1838921091898835158
1838921459093082333
1838922021222383856
1838925721089286571
1838926203064828154
1838927512656863308
1838927628658671842
1838928005252501856
1838929338231910770
1838930401748021427
1838930568832282717
1838949076336873619
1838953785038971020
1838958156749394161
1838965182023778365
1838968921346674884
1838979974537109922
1838980204951396464
1838980461235765658
1838980885149868364
1838982465660367159
1838984420708991375
1838987884608749742
1838993524005785746
1839008522023088148
1839023336241700876
1839115170062414205
1839138564803539255
1839139273326665788
1839141983303917620
1839142025234366909
1839149177974173698
1839152918521434555
1839166829484245416
1839167770560274711
1839168251487518919
1839168385017606385
1839168971897188487
1839169600837267490
1839170020070604975
1839170299503456397
1839170544534433984
1839170758716829861
1839171248246632470
1839171545366708581
1839171613759255039
1839172157554991287
1839172670354763838
1839173031085879524
1839173310460080317
1839173653424201848
1839173800442867955
1839173925097582633
1839174288491868654
1839176310507118917
1839176702338990119
1839176731669721152
1839179933324583100
1839180137973108988
1839181137513431538
1839181294246256872
1839183379461271555
1839184298483790077
1839184789368353190
1839185306987233443
1839185543185527012
1839188960058147284
1839189284013711496
1839199526508191774
1839203866623246656
1839204601423343933
1839207585523663347
1839209937420890261
1839211405779828979
1839211767609573572
1839213436082835709
1839214827333628116
1839224206170419546
1839231887333531777
1839236953134297191
1839239108717105589
1839240305154883960
1839240369206071627
1839240604779426198
1839242097658048902
1839245773642359215
1839248830472106412
1839251123669991663
1839252226788692242
1839252624790507690
1839257022581428622
1839264621741690930
1839264626883833946
1839265676797558879
1839272421087408628
1839277196600553876
1839282182193394134
1839288305684459762
1839292733200150714
1839301170898284876
1839301173712662559
1839314315268207010
1839317667397906534
1839327821879300165
1839334760520491354
1839339663192170574
1839339796977832441
1839339864527081643
1839343394931572976
1839343399293603989
1839358020196737238
1839364405387239839
1839462460358582690
1839484698793238714
1839492800083009932
1839504583640359001
1839505545084244363
1839508033220616338
1839508601934635159
1839509070773993826
1839530411371675924
1839530672035172649
1839533608488345695
1839534202754097336
1839535839627596199
1839535843163205798
1839536173443879307
1839538768593788931
1839540518151209186
1839540641795322087
1839540808006926659
1839541834101785047
1839542071293833348
1839542633150271756
1839542789455204782
1839542855205007367
1839543040454881418
1839543214295920918
1839543502084165925
