1828669288234053980
1828671348769452158
1828671352103903396
1828671400900792396
1828671445893095909
1828671454700835052
1828671463068725255
1828671472212357290
1828671925201371152
1828673423989698880
1828673542927667638
1828675590649516498
1828676737158255078
1828677197852250448
1828681654673854480
1828687711722508673
1828689285316268430
1828693298115928373
1828694398499991933
1828695028392235431
1828695239453802630
1828704690126868604
1828705477087093047
1828715947819233493
1828715951325667696
1828727764783935612
1828738031794487342
1828741562538283012
1828743323106070873
1828746293994225878
1828750319494517127
1828753870606180410
1828757670599516316
1828757958534287652
1828758293524914349
1828761351415554481
1828763437482258589
1828764425613988045
1828766064823406690
1828767767832744097
1828768610199957622
1828770343835898161
1828772084744659058
1828777113148944782
1828778205601481061
1828779375539675356
1828784117779161142
1828784823718081009
1828785650042278265
1828791135759917299
1828793576962314291
1828793889693827397
1828795813142904921
1828795975458242830
1828799240086446101
1828821803516731518
1828822188545483237
1828827006118842703
1828827024909128022
1828827053204095030
1828828179592863796
1828840926053298449
1828842259523219477
1828853964483563895
1828864958261801123
1828919058139316394
1828970889162973450
1828995094260920735
1828996784053743733
1828998511561716080
1828999790132375813
1828999817827365206
1829002749557486044
1829005210284642598
1829005225388315054
1829005290181943661
1829010618827018296
1829011251474866351
1829011276670087323
1829018966070632933
1829019952809918521
1829020323892633804
1829020622942310870
1829021854587146740
1829023110986629336
1829024989888294986
1829026235487322165
1829029001773625681
1829029386949177443
1829029571993436466
1829029730823352394
1829030186001805435
1829030595877646454
1829031156085588440
1829031393575256451
1829032111317361073
1829032384962207802
1829032771861524545
1829033030566158359
1829033061603840107
1829033332048572835
1829033910988341383
1829034545984819643
1829036951678398728
1829037937301864483
1829040856298303659
1829048342829281787
1829048455253332183
1829053794094854524
1829055002196992287
1829055006286458893
1829058296751538652
1829058906573918586
1829059555030159603
1829062437988941930
1829064035867689217
1829070888136028160
1829071666020020235
1829071670121738705
1829078466538643492
1829088656063377418
1829090323785757035
1829090326851792954
1829091042211311881
1829100774032379974
1829101617246818660
1829101676252348505
1829106514369622093
1829107634827378912
1829113396308127941
1829115144678584818
1829117642684113338
1829118029168292324
1829120639543734621
1829120800055599224
1829121637171495328
1829122566977392648
1829123402248138972
1829125819475865831
1829126630331080979
1829127598833603005
1829129822133473430
1829130734520369155
1829131878311326178
1829131967625036003
1829133281826136549
1829133791891263676
1829135845787340993
1829136585075433765
1829137675858882790
1829139135539622121
1829141011135934747
1829141570467074541
1829142172844605478
1829144014538346531
1829144757647618473
1829146723056509281
1829146726323888502
1829168777868796221
1829185704493978038
1829186957580116234
1829187131698208871
1829187671140483275
1829188401158816018
1829190764632395932
1829192446280118317
1829200535276458103
1829201286300086668
1829247861583970582
1829247975270560143
1829248009986887762
1829266776196010387
1829361069636350018
1829368876137853053
1829368880197968005
1829374584740589920
1829376109466812921
1829379604441928026
1829379876027277455
1829381438619398643
1829381625869955475
1829381703842046030
1829382354558910846
1829382481264730117
1829383482352501226
1829383959194763608
1829384189394796601
1829384794452676968
1829384834701312374
1829385354371035546
1829385637566554157
1829386155470762319
1829386254913335413
1829387149793263907
1829387350775923156
1829387925588742258
1829388446797885535
1829389563791315214
1829390067934355783
1829390394200867319
