1818176286210302203
1818179720976249054
1818180394333933990
1818183420901814709
1818183800406581546
1818184718757908617
1818185069863075992
1818185266139681074
1818185456363679787
1818185994291839369
1818186242137444780
1818186604302725141
1818187045053075750
1818187579302547537
1818187972736602353
1818188310147481735
1818188911816183899
1818189773493977513
1818189776266113113
1818190266689556829
1818193227616575788
1818195059785040160
1818195547121197421
1818199225450246241
1818199853274378337
1818207403017396277
1818208012642947530
1818209562333417616
1818209629249355831
1818209939292381569
1818221947794116874
1818222768682639850
1818223676132614444
1818224607616278840
1818225023804657883
1818233621301649579
1818233626687045639
1818234651456270393
1818235471832764517
1818236217139564577
1818238594068226126
1818238690222858748
1818239522078941634
1818244497756823887
1818244529415442873
1818245284155273688
1818245477520801969
1818246243875000780
1818247095830397374
1818247384297869459
1818247555509268941
1818247671645380752
1818251995553386563
1818252702067118503
1818254808811487647
1818255431967621362
1818257734799683727
1818262077708095605
1818262771097825732
1818265387697615302
1818266543173902507
1818268720109846598
1818269828102471908
1818270330328146113
1818270341179056552
1818271365939839336
1818272550830604719
1818273076913865023
1818274093285691752
1818274169177756069
1818276074842992921
1818276102856679581
1818277867655995405
1818278581241540979
1818281643330945314
1818285355063533820
1818287393121669402
1818287933981368811
1818292967246885272
1818320289559654442
1818331518043144249
1818331900005486795
1818333239892746477
1818343349725937691
1818399419378893250
1818428864432865373
1818443962480574769
1818492442154614895
1818504291386376495
1818507717255770391
1818509254396891416
1818510561782776181
1818510967782699299
1818511521850315214
1818512729650724949
1818513563557966202
1818515319113019739
1818515684457943153
1818515779165602030
1818519800965931291
1818520449044623705
1818523234033099029
1818523424962105577
1818523579425665189
1818525605823930672
1818525996687237545
1818526131559284884
1818526802551488832
1818528020715774384
1818528968519344543
1818530784174809363
1818531264292389375
1818534031429890232
1818534716494287309
1818534720852165010
1818535329952911673
1818535763468075055
1818535793931304991
1818536313551045041
1818536812878741859
1818537583921840140
1818538087519338983
1818538330893480268
1818538333624008846
1818538553858736233
1818538850626818168
1818539174292816356
1818539446968762417
1818541211562725703
1818549461154427249
1818552095215435898
1818554151711740405
1818555849582776355
1818556625499627723
1818556861555085315
1818565491373621312
1818565495383306558
1818567117060669718
1818567120839741843
1818567241698623949
1818568290920476925
1818568423372472616
1818568989909647557
1818569772302242280
1818569781123170367
1818570813366243724
1818570901392441701
1818571076840177899
1818571763116392835
1818572481046950330
1818573860146757961
1818574555818213868
1818576087955521636
1818576426506797559
1818579859783733577
1818583658401583330
1818585008858447894
1818585012817875402
1818588192813334917
1818589443265335469
1818589744080748555
1818590621743083750
1818591008797684077
1818591035796414837
1818592196683350450
1818592311988645984
1818592623596023952
1818592869331951654
1818592986802049452
1818596802716655941
1818597203893469570
1818597650750751181
1818598544695075245
1818600977529786498
1818602307619270863
1818606660367401024
1818610057824600187
1818611126130634916
1818616652407488773
1818617899072078017
1818619485789864433
1818621454696722894
1818622238968738060
1818622474625470649
1818625254404603948
1818626149896884239
1818627136368128479
1818629515167580251
1818630189578154131
1818631418773377026
1818633504487620766
1818635725929431290
1818638579448332781
1818640255995560396
1818640586943218116
1818642406029578676
1818645990553116678
1818646208157761629
1818649314970759661
1818651070467653801
