1267304472621060096
1267308807291617281
1267367306599911424
1267387983931387904
1267388301159194624
1267388584522166273
1267389094251749376
1267389430978850816
1267390354161991680
1267390728683941888
1267394295578816512
1267421121889972224
1267427146269634562
1267432544493953025
1267452163401318402
1267452238357827585
1267452303319207936
1267453381963952128
1267455738294616065
1267467161192280065
1267468894991605761
1267488271673602049
1267636201382526977
1267636357314146304
1267646603726336000
1267653450852118529
1267656138197217281
1267674390482673664
1267674925860450304
1267675242467520512
1267704455182430209
1267705782616731655
1267710729584472064
1267711220208955393
1267716864962031622
1267718011726659584
1267725148905496577
1267728746288680960
1267734129786777602
1267760430794981377
1267760689474531328
1267760853324988417
1267808838603771907
1267817409760555008
1267825296889139202
1267825652930994177
1267825738666766342
1267826449282592770
1267826798764539904
1267826995901022209
1267835462212825090
1267836582410813443
1267836971868659713
1267874094994710528
1267892119622111239
1267905857888477184
1267992743940206592
1267993417558093824
1267996673298456576
1268033369465470977
1268038718654275584
1268039164357795840
1268043014175367169
1268043041404788738
1268043269625257984
1268048623373295617
1268057612924276736
1268058934713044992
1268059150518378496
1268059275647049728
1268059592543440896
1268060035440979968
1268060945063882753
1268086167766884353
1268090118893498370
1268093729211994112
1268099697647841280
1268100076817113088
1268112249509609475
1268112431655481344
1268138588463497217
1268187492492034050
1268188575897550848
1268188703790252033
1268188707674140672
1268188767468220417
1268188787839885312
1268188833088065536
1268188920853835782
1268188926470049793
1268188975014932480
1268211301387366401
1268231023432622080
1268231213979848706
1268232185661644800
1268243477436882945
1268245306220527617
1268247273714012160
1268258771999977473
1268261348967735296
1268261969628262405
1268265396018098176
1268269142794100736
1268273468811776000
1268277296722403328
1268278401376215040
1268283805401415680
1268292829777768448
1268355348554854407
1268363580837167105
1268375795350847489
1268377923704311808
1268449621648347136
1268450286206476288
1268452401608040449
1268486626176630786
1268486699820122114
1268488322969673728
1268488916597956609
1268489267510116354
1268519691519057920
1268527453699338241
1268531932154888193
1268540274726313989
1268540459867144193
1268567481985056768
1268572921745661952
1268574037837410304
1268574727242543105
1268575230676439043
1268576854094405632
1268589886279307264
1268592220879245315
1268717445339963392
1268717445411254273
1268721008472514560
1268721489836232704
1268721855814344704
1268721919588741120
1268721993379086338
1268731335842992129
1268732901903839233
1268733021445746688
1268737107830255616
1268749406758563841
1268761964509048834
1268763931981549572
1268764102899499010
1268764110302445569
1268767276171395072
1268767743471427586
1268774966331232256
1268775786653208576
1268776480751775744
1268798410598969344
1268800679599996928
1268823732111335425
1268823753212882945
1268824992797483008
1268825732723011586
1268852734234488833
1268852824571437057
1268853239769776128
1268853523485085700
1268853747020517376
1268862627196710917
1268862809476968448
1268865785004343298
1268870928978587649
1268874498675281921
1268900253241049088
1268900497920049152
1268900877672361986
1268910254131052549
1268910283071741952
1268910997525282816
1268913547674869761
1268926275827257351
1268941214159474688
1269108471753891847
1269134849853591552
1269167892546965505
1269177194015678465
1269186202164289536
1269226133960003584
1269230871606726656
1269274641106780162
1269297197884928001
1269304258467229696
1269332341295472641
1269441233119657985
1269441263159267330
1269441327579533313
1269443303214166016
1269444209087442945
1269444381364248577
1269444444287193088
1269444508141318144
1269449492186624000
1269455290262605824
