1882434812893622645
1882437179370352731
1882437613610840430
1882439768673521755
1882440547526447422
1882441498031239474
1882441543304597526
1882446069411553774
1882447804414541960
1882450216928092306
1882451020703568077
1882452768973320296
1882452772823748939
1882461519113494940
1882468263206273170
1882483272086872151
1882484690009133058
1882486284775727530
1882491316434841967
1882494373969199115
1882496254783238306
1882550002498842807
1882617481048834295
1882622242275971407
1882656905874845950
1882657838214119680
1882658200929099948
1882658662956888292
1882662297866539507
1882665700034285625
1882665751796199438
1882665838777643097
1882668412176122351
1882670358224163037
1882674291449479170
1882681434454081845
1882682727348261251
1882683113618432327
1882685748513734712
1882686457787351246
1882690978575958382
1882690982476726764
1882691567775085017
1882691831634489786
1882695155582705974
1882696260324594114
1882696269120037232
1882696498842141163
1882697757422649364
1882699110849090013
1882701217979416923
1882702749353357597
1882705609554096571
1882707367911141485
1882708615720841567
1882710893269827758
1882714316199387402
1882722431531651144
1882728741857800296
1882730016389353496
1882730691722678648
1882732751864074469
1882734726697689393
1882735624047968761
1882739232890081397
1882746034855776289
1882746585211388031
1882749400671559680
1882751231241904521
1882752836460789805
1882754155133194478
1882760307854193107
1882761520913973552
1882769836402708708
1882774841646022891
1882776350832132243
1882780219146428718
1882782534876172690
1882784663267348830
1882786901268259094
1882802991234978228
1882807969156583424
1882812054584869254
1882812959094886727
1882813803370549276
1882818427846541791
1882819572514050321
1882819598439072180
1882822805819179212
1882823857809375415
1882825191501549953
1882825366022291564
1882825383646761457
1882830372637221195
1882833060561088601
1882845626033152491
1882846546573844881
1882847642843300003
1882848866732835244
1882851383361359898
1882861145087946767
1882910141835878698
1882911031938461843
1882990102466699293
1882995902228598803
1883013412827082769
1883021492734382411
1883025152432275573
1883025611989688515
1883027723171545191
1883031803893870818
1883031863062942203
1883032670827118720
1883033506412183810
1883046770244276333
1883047695239258177
1883049062234280059
1883053030880559234
1883055702677262562
1883056775446122542
1883057286014509086
1883057816539451699
1883058213400277349
1883058775311217008
1883058994773967169
1883059141373247597
1883059959967207804
1883060177026654490
1883060839936380988
1883061381727187348
1883063461711921164
1883064122688086507
1883065002585895156
1883065006625042709
1883065097033310411
1883067007517831622
1883067569370001850
1883067573325148178
1883068693145698601
1883070834216194129
1883072833775169798
1883072844617433249
1883073667544027444
1883078029926338995
1883080157558411321
1883081521382441137
1883083247749628208
1883083452565897563
1883089228055392290
1883091647124447325
1883093259305861464
1883093654086312288
1883095306935599178
1883095415828234451
1883096334871535967
1883097603191279677
1883097607897305088
1883099367466516731
1883099858577600910
1883107093613564412
1883110338415223255
1883113440920867302
1883113735008751756
1883115152184373525
1883126585139875951
1883126589506093112
1883127702104015160
1883128402871476405
1883128454796984781
1883147451278004494
1883148039256514591
1883164816556408999
1883164821019078823
1883166299733516700
1883167490580369529
1883177124170780731
1883186264842936679
1883201026532270292
1883201093267775790
1883201283378839803
1883201638812565609
1883206391386489327
1883208754872864939
1883211566981751036
1883222518678569216
1883332768903647358
1883343503612366903
1883348318463590734
1883378240464867681
1883381868915253419
1883385646909431873
1883410751190356005
1883412067560149130
1883414307368841289
1883414359202005418
1883415105003725119
1883416275986358499
1883417134098993217
1883419873256276266
1883422341604184309
