1244196855807795206
1244197294448107521
1244203223818227712
1244205146264858624
1244205382173523968
1244210788417638401
1244216307584765953
1244238601229139968
1244240331668770816
1244244512836210688
1244244543798562817
1244252468344524802
1244254021851811841
1244254582781300739
1244256956245667840
1244257575337517056
1244259438183059456
1244260529989775361
1244261072615256065
1244262166191935488
1244262972282806275
1244264302275629056
1244265254479159297
1244266268540252162
1244280125568376833
1244294297555329024
1244314717574717440
1244317453959618560
1244318530599702528
1244333426301267968
1244360503117221888
1244497721945239552
1244499339478585344
1244499715015630849
1244499920398118912
1244500499895701504
1244503530360074240
1244512312968409088
1244518079184482314
1244527703203524616
1244534164059234305
1244536389305118721
1244537415991275521
1244538006570074113
1244540954662432768
1244542258285699072
1244572573926592512
1244575057298501632
1244581753932505088
1244585303056232451
1244585307384750081
1244612135360987136
1244614658016694272
1244623541980413953
1244623679280934914
1244623904787722240
1244624272116428800
1244624550861524993
1244624782059950080
1244624981708791808
1244625117281304579
1244631027076804613
1244635639242534917
1244678316189073411
1244678390746992640
1244678619902799874
1244678795409276930
1244678909213331456
1244679091363561478
1244679093712371712
1244679335102959616
1244679501646307328
1244681880978386946
1244688985651216384
1244695144164515840
1244836714645835776
1244837333418954753
1244846759399927808
1244848535930978305
1244848578092097537
1244848588707880962
1244849433600090112
1244854056696217602
1244877132326744064
1244877512804622336
1244898490020331520
1244899377820372997
1244900167813181440
1244918641281257472
1244920195912577029
1244932726060281857
1244934369233342465
1244936177687257088
1244936241960734720
1244936524430323712
1244938126734135296
1244951048285900800
1244953202740453376
1244959640040771584
1244964141745332225
1244964309530071040
1244964736778661888
1244965112584089601
1244965456579977216
1244965698138279938
1244966013789073408
1244966277778509824
1244966887332532225
1244967429509242880
1244967432290070530
1244982855127556101
1244998008510582785
1245001640265969665
1245004813491822594
1245004817765765121
1245007419630972928
1245015508870520832
1245022512523575302
1245036422278463488
1245045033373294593
1245073463166951424
1245184803613237248
1245186778882928640
1245207112696754177
1245208346463834112
1245208850422063104
1245211211085631491
1245211826423500800
1245217309909643266
1245221488304807941
1245224205244928002
1245225134287400961
1245225898401353729
1245225983814197249
1245226131868880897
1245226202576482304
1245231745340862466
1245232116775837697
1245232138854838272
1245233701690064897
1245235407324729350
1245248191655796738
1245249114096295936
1245261750389227520
1245261888818044929
1245261942089908224
1245261989187694598
1245271176152141825
1245276649064562689
1245276804413190146
1245276818615099392
1245278448035094528
1245278495741112320
1245280558122323968
1245302549164494849
1245304741439008768
1245312409314537473
1245313311643561984
1245319703792422913
1245320062619103235
1245322961755701248
1245324393250721794
1245324867286609922
1245331683945086976
1245332029253857281
1245340032740651010
1245340777045086208
1245341065185394689
1245341455058534406
1245342207113957376
1245342516292939777
1245343142238248960
1245344287316774915
1245344478354788353
1245344764792197122
1245344767300341760
1245345151569948672
1245345153738407936
1245345353651482642
1245345593502748679
1245345836059377670
1245346070260903942
1245349238759927808
1245360117219909632
1245385551127154688
1245393757161140225
1245408299136086016
1245429606477213696
1245429696809938945
1245542713430167552
1245569320471498752
1245569376029270018
1245577124188024839
1245577265376669706
1245577619480825858
1245596116625682433
1245599693725298688
1245607095115767811
1245607250552446978
1245607294311657472
