1854076757856641106
1854076799246020942
1854077019178324209
1854077894764757174
1854078135815508097
1854078808082850051
1854079212937977867
1854079489069961629
1854079658108891565
1854080541106258281
1854080618428268831
1854081702416785754
1854090992422731818
1854092095025299919
1854092331923943541
1854092830408413665
1854094021909712963
1854095379790516376
1854095955131609417
1854096041018380393
1854098145485209701
1854098310191350031
1854098897800511980
1854100247720673483
1854100646670348315
1854101959550369891
1854102900257263923
1854105414641860949
1854106169050337517
1854106319126757488
1854106322213781862
1854106717287764409
1854110090485465199
1854113667316683010
1854117173431877935
1854120271520645566
1854120294664860072
1854122274879910164
1854129040573251691
1854129261143372117
1854130131201315064
1854131403761516551
1854133082238173280
1854133086096912521
1854139851710533663
1854148204381794810
1854152719214465331
1854153534842998981
1854155213344805233
1854156441760014435
1854156851862212879
1854157239747285405
1854158893393621097
1854172970979389717
1854177663088541935
1854201777924546773
1854203190729932936
1854213439515955466
1854335461168230571
1854357566027104514
1854382247534829916
1854384365276631070
1854384583422464227
1854385251528908929
1854385488234508495
1854389682500751592
1854389960465666203
1854392865436389799
1854393291351236731
1854393371357557144
1854393568942551459
1854393665629904981
1854394419400912913
1854400213076853233
1854403301300650204
1854403622173581420
1854407812023255337
1854413898922992104
1854415229045891330
1854418155759956154
1854420113413607739
1854423340330664409
1854423646011343303
1854423844020425039
1854428693323547028
1854435270156079524
1854437425046790244
1854437498933686481
1854437548736803047
1854437575496458445
1854437632698380426
1854437653783126380
1854437670698799535
1854437689061499071
1854437771785703896
1854441049445511422
1854443145901322719
1854444609889505302
1854445798303338820
1854446170036146259
1854446629476040868
1854447153801802086
1854447176350347294
1854450888418459691
1854450894194033144
1854451732870463809
1854469729190351045
1854473224928813198
1854473228577861682
1854474187559305376
1854475027145785741
1854477278572683737
1854479568603856984
1854480074369904647
1854480738042933377
1854482343161217507
1854482957836468631
1854483494610878760
1854486878344380687
1854489584182473021
1854489789191598394
1854491078692343963
1854491743670145344
1854493784978899289
1854495452571341044
1854498363187880080
1854500919356145789
1854502793660571679
1854507371940520182
1854521001071067581
1854527715111842013
1854531315628163271
1854533885109080400
1854545078968295755
1854546256678576179
1854547068905554018
1854555569757327461
1854555578141475037
1854555584563175902
1854558001149219167
1854567768169103838
1854568064094019681
1854570341026406752
1854697850732752923
1854722768933470663
1854723978633547967
1854736295148634328
1854746109610279210
1854746197707399665
1854750599256195378
1854752107536224420
1854752897365688823
1854784687002276273
1854785224628150393
1854785966810214429
1854786337016328375
1854787552370475154
1854787897494585373
1854788233156346266
1854788548945494287
1854788944258646391
1854789247280247046
1854789525341716649
1854789895291846734
1854790171386159577
1854790290315592144
1854790472159707242
1854790865048551550
1854791577245548746
1854791591191625842
1854792025620857018
1854792817069174965
1854792858035003512
1854793148054356394
1854793430414901585
1854794424200695958
1854795028792779163
1854795034815512726
1854796178472514013
1854796735178330316
1854796740073075031
1854796771614208281
1854797116981596537
1854797337874641086
1854797936221388824
1854798532735389872
1854800140944785693
1854800145483022440
1854800532545618032
1854800945227632657
1854801698713465178
1854803208281243831
1854804421433286784
1854805564762820657
1854814469454471195
1854816626291675640
1854821393369907420
1854825543554023636
1854827007915225296
1854827819937022199
