1435866747962228741
1435869741541847044
1435871856385429507
1435872865610391560
1435873167835164676
1435876340842917888
1435877099605090311
1435877303095943168
1435878003750281219
1435878569385758720
1435878617444085767
1435879415817261059
1435879556024393732
1435879771162824705
1435881008541290496
1435881279774355461
1435881365816307714
1435881736177479687
1435883119056355329
1435883436879736833
1435884353733607425
1435884732974186496
1435889888813989892
1435892008753582080
1435894789061234688
1435895167697907715
1435895879462838274
1435896718545997826
1435897347888726021
1435897886965780480
1435898035989467141
1435898227149053955
1435898376751513600
1435898649817485314
1435900211792998403
1435910782986768384
1435913120870850565
1435913317336244228
1435913346126008323
1435929910283935748
1435934301971828749
1435952420337565698
1435955720676012046
1435962661561270278
1435972089773654028
1435982894732742659
1435983037892726786
1435983544644296708
1435983680917291009
1435983789650432000
1435985137246740481
1435985187309907978
1435985557344043011
1435985603590455298
1435994582106329094
1435997084482621441
1435997738349465611
1436001460693520395
1436002382924582915
1436002510846656514
1436004176610271238
1436006342959853570
1436007172249296917
1436007336267554848
1436007379263311872
1436007773666353154
1436010329113174036
1436011888375046153
1436013690143133698
1436024105203998733
1436033637951016968
1436033648373878801
1436146438673612817
1436146746413891586
1436150283478843404
1436186192790188041
1436229113044373520
1436237746603888648
1436253345891504134
1436253718341566466
1436253788289961986
1436256666824032256
1436260671595835398
1436262734526484483
1436266946631143427
1436269300478664704
1436274371497058308
1436274640234504195
1436331686581583876
1436332850148634625
1436355133139406856
1436371195780231169
1436377623639199747
1436378507798450177
1436378990621593606
1436383228768579585
1436524999246954497
1436527492240527361
1436527543725686787
1436531844422377475
1436569662561533953
1436575099008606217
1436577073280159746
1436592547351040006
1436599225412849668
1436620286216982535
1436620634943942657
1436628223698214917
1436628622400389122
1436650535948468234
1436664664650248197
1436679306411794439
1436689778301227012
1436693403811540998
1436704460839931904
1436705826484326403
1436708762899808257
1436710415069704196
1436712637845282824
1436717414851366916
1436720557236502540
1436724269212475393
1436725205813006340
1436728241956425731
1436729307682934791
1436733045977989122
1436733724108812291
1436734573795151879
1436734711104032768
1436737135856390145
1436740502661918720
1436750546065510400
1436757076370288643
1436757175020363783
1436757810818138112
1436886905392545796
1436889238788665351
1436889272531898372
1436902045194145795
1436938220768423941
1436943851776741378
1436944307202584578
1436947363331915778
1436949818484543494
1436950345154924547
1436954394919014400
1436954629057572867
1436958482343682058
1436959409066758144
1436964489987981313
1436965997563375625
1436968375243001859
1436971842397360133
1436972608734384129
1436984975748788230
1436996141367713795
1436996850310008835
1436997345237819392
1437000519109599233
1437003942152445957
1437011275494477826
1437012965044064270
1437013054705659904
1437013898368929799
1437014252779307012
1437014283406086151
1437019435403931648
1437023998232055813
1437024581991030789
1437026441749663746
1437041103090294790
1437049439529570307
1437059743416082434
1437064983783739398
1437070856379781121
1437071718971940866
1437075857709797378
1437080467203760130
1437081348867440647
1437241866345332740
1437242059312615424
1437242124928356352
1437246576913645568
1437268609026310147
1437268647815249923
1437268807056121856
1437303271169740800
1437303277524172802
1437305769834123265
1437307508092125186
1437313570581012480
1437314184778190852
1437316440529326081
1437322636443324416
1437322642978066438
1437322648954957825
1437323390767927298
1437323484149911553
1437333230181502979
1437333629823111174
