1990740806177538152
1990742428454957138
1990742515872592322
1990743448924860826
1990743951041835399
1990747099361919349
1990756086744555810
1990761873814532147
1990791019470991382
1990791202992763241
1990793038373978193
1990793958117814454
1990794057984192981
1990794129786483185
1990794386549166171
1990795283228451108
1990796740346458504
1990796918008762561
1990797235274363083
1990799056025890928
1990799830709645318
1990801733157863916
1990802068815397317
1990807780329206246
1990808964939075838
1990810403098833015
1990811687872569672
1990816485657161877
1990816641387475377
1990826541303976136
1990830351871303954
1990830466610434110
1990831067184705710
1990837281767231553
1990963135952679194
1990963241401381146
1990974110202278220
1990995779163771169
1990998035388903841
1991001587406549213
1991003661091418481
1991006552439103805
1991009099535036557
1991010127219183785
1991012611920703652
1991014853708833122
1991019777738092715
1991019954955788339
1991024188631757205
1991024658800652767
1991025070098297342
1991028283224510551
1991030466821173638
1991032105644724704
1991032862838305112
1991041364663111890
1991047150009266436
1991047891436363853
1991049067598934375
1991049466133328100
1991049936075681862
1991050493326737551
1991050952242250140
1991053835427778941
1991054563315724620
1991058738770510195
1991058761742524613
1991058882211557847
1991059663857856968
1991059667309769096
1991059773241131516
1991060352998781422
1991060782935937385
1991060787453182016
1991061168656691593
1991062675925954809
1991062680137052168
1991062995154391344
1991063861836058973
1991067145233412528
1991067231451521384
1991067253484229056
1991067576298807541
1991068144023069047
1991068203309568405
1991073131646063049
1991087561951908047
1991087567530348594
1991088287394545678
1991089200926507506
1991090425609048568
1991090685168975890
1991091371948626424
1991091980022231547
1991092313377153205
1991092592986268114
1991094251212681312
1991095922416337204
1991098122278461679
1991098942730506554
1991101426353975413
1991103489028882884
1991109761144963097
1991110255623987419
1991110872706814270
1991111962886013035
1991121027624276221
1991121222667788496
1991122102465036760
1991131357058060519
1991135406792847601
1991136604405043630
1991146517248270540
1991193765944422508
1991204675417432554
1991204731298148783
1991208492481527875
1991298695443411075
1991329649503470036
1991668885112693226
1991675931732148479
1991680463363055767
1991689018405523774
1991704097012289966
1991709403263955421
1991731483669852446
1991733771247472796
1991733967029170578
1991742644129800404
1991742686777471359
1991743144879353939
1991743906804035793
1991744363446300818
1991746144901427690
1991750912503869781
1991755270100492482
1991761726556021016
1991761886115766356
1991767555917377568
1991770939961536720
1991771566980632902
1991773915203666126
1991774179759436135
1991775202515275989
1991775221528080792
1991775337668059345
1991777133346381936
1991779280788103660
1991781256439427562
1991781973434499188
1991783388311875770
1991786162718151156
1991787143061254187
1991788240484098529
1991789123112509747
1991789862601769123
1991790534567096477
1991791123501908263
1991793276001947853
1991793312936890614
1991794235704758522
1991794343246696711
1991794389870637429
1991794437262049653
1991803344667718112
1991803714261397963
1991804802121310285
1991808259624509485
1991809031292493837
1991809645967794339
1991810755365310877
1991812037031362684
1991812874243911853
1991813078397432056
1991814250302722558
1991814796266893568
1991815351735304673
1991818468426154169
1991818474428186684
1991820538210373724
1991827939621785874
1991827950120161401
1991840691081884123
1991841710754955431
1991841959439388724
1991842562622259239
1991843486522597820
1991843627342107105
1991844453557109097
1991844564110557551
1991852392640573819
1991853465350664253
1991853531578748930
1991857953000112416
1991858753399132380
1991861656180150701
1991864697382146143
1991866592532312343
1991867507582591155
1991867583029756364
