1393144490005725185
1393144493919010818
1393145258725175296
1393152919554248704
1393152946238459904
1393153024541958146
1393166934795902977
1393167411130507267
1393171175438651393
139317117911703552
139317159863123968
1393171614657777667
1393172078640070661
1393172439249481728
1393176916442550279
1393181251415072776
1393183109705732100
1393184408245391367
1393184410657124357
1393187280899100673
1393189147850854400
1393189150635958272
1393189406916235264
1393189964616146950
1393191482874417163
1393191529494110208
1393192396234493957
1393192753895383045
1393197537293598725
1393206526588841987
1393211554980499458
1393212716257480704
1393214806107168769
1393214823219879938
1393215330760028165
1393217086487359488
1393217205760708611
1393218876121358341
1393225045250437120
1393225649091801098
1393228178164830214
1393233442741964806
1393233868103184385
1393245915519979521
1393252449910071299
1393252994968264704
1393257734158524418
1393258079345467393
1393260327937089539
1393260657009594371
1393260926107672579
1393262609500016641
1393267529020149761
1393274881119195141
1393275213312270342
1393275259353124864
1393276556756148230
1393382595031822336
1393450979517812740
1393452045265375233
1393452069579751424
1393452071840411648
1393453589004111872
1393453801277853697
1393454091754344448
1393454117796814850
1393455262598504455
1393464069978345476
1393470018663325703
1393470168899096581
1393470307311132674
1393475325284143104
1393487746618904576
1393496964063371264
1393501242542891014
1393501400122888202
1393501463456870400
1393501470281015299
1393501801199013893
1393502015779524611
1393508375078469633
1393508382972145664
1393508864872509443
1393509784188448768
1393517950712172549
1393517953526603784
1393521925771599873
1393524897884753921
1393526233082724354
1393538626902913026
1393556064658878468
1393557939147853829
1393575530998341636
1393588558447796226
1393588568237379584
1393589731884036097
1393589747637841923
1393608416573095937
1393613874939662337
1393620183814590472
1393744174172688385
1393744299288760321
1393744424643928068
1393744551240630273
1393744684594327554
1393744751376048128
1393744811358769156
1393744904493301767
1393745100128227328
1393745214003507201
1393745283553513473
1393757789378416641
1393778934244798467
1393782584799158273
1393787250635202563
1393787402020265985
1393820064982323200
1393834826231271425
1393834940966445060
1393835926233616388
1393842037598789641
1393842170163990537
1393859774668689410
1393863773635497986
1393867335220355075
1393867649394741251
1393867886981091330
1393867987283816449
1393870481732767749
1393871760928374787
1393875280381452295
1393876195310141441
1393876515054514180
1393887339093499905
1393888553684258820
1393890005211222016
1393891073169059841
1393894186051543041
1393895282706849793
1393899680128327688
1393902983205711875
1393903017515118596
1393907372670676992
1393907412965330945
1393909806256201730
1393910563407753223
1393914466333458436
1393914470238330885
1393914824942182403
1393916374511091716
1393919595191226370
1393925858499256323
1393925873993084935
1393927095856680968
1393941637995237383
1393944240233672711
1393944586372861954
1393956421046132741
1394002741362499584
1394003129520119813
1394023824920776705
1394123337530363908
1394130809569824768
1394130884501020673
1394184388192079879
1394211331440476167
1394211781459935236
1394211907062562817
1394212055603761152
1394212134607720454
1394212295979376643
1394212384626016257
1394212557657833472
1394212616151523331
1394212867138670597
1394212979747426306
1394213531055054848
1394213671383883783
1394213844046606336
1394214597750452229
1394215295527444482
1394217732552335363
1394218100061446144
1394218904918978560
1394243113028186115
1394257118669148167
1394257228438196226
1394257337825697792
1394257452887986180
1394261084710658054
1394261087470514180
1394262741402013698
1394266862205116417
1394270417599139844
1394270419885039624
1394275139408187392
1394282793295773696
1394282795418021889
1394284001003667467
1394284456018472963
