1938213447789137928
1938214239589830819
1938215284231585999
1938215777787908127
1938215849967685782
1938216603617005986
1938217011739320668
1938217339675426973
1938218949587702237
1938230115407958262
1938238088792158471
1938264789505216956
1938313563841425863
1938313565502656823
1938437782999077040
1938438045222768846
1938454743711629772
1938461192671957374
1938461661620310507
1938461939350573487
1938462263171559756
1938462653426385385
1938469844531187806
1938477918952534330
1938478853405716614
1938481856342827231
1938483113338016236
1938483956351160677
1938489116779549004
1938489478760567243
1938489775637598299
1938501093040021751
1938507129188716956
1938517737594368411
1938517877310775754
1938518790440194312
1938519036247388345
1938520001474113786
1938521144845623753
1938522526315065449
1938524093244195326
1938524826903482778
1938525397144223799
1938525616556458479
1938527236245827688
1938529592429744156
1938532810572365970
1938533835945161031
1938533908502704421
1938534507944267777
1938534538386506218
1938534542979264705
1938534548310237473
1938536758419099970
1938536762974081494
1938537962826007034
1938540453923901936
1938540459674239172
1938541650722386083
1938541657571619230
1938542407727104420
1938542875391955206
1938543241454059849
1938545139116650981
1938545714591834568
1938546355661832580
1938546836572459148
1938547522265547037
1938547686044553621
1938547950491484646
1938548429271248985
1938548904171274318
1938552142085738663
1938553408778272950
1938554600904392777
1938558945968423082
1938560123603173534
1938561433283047873
1938561637830799675
1938565776849678432
1938566087509164145
1938566180115268006
1938566722342260800
1938566885332893769
1938570222622892393
1938571531246080229
1938572808889717183
1938573564887863467
1938574448753541563
1938575069548302758
1938575736258060798
1938576484039524620
1938577809758400522
1938577828280406474
1938578227292680268
1938578285241266342
1938578936574951544
1938579480001564785
1938580400445719009
1938582041903141361
1938582435807281576
1938582556422660172
1938583878219800960
1938591039704678679
1938591387840283128
1938593078610362693
1938593483822149913
1938594035179950220
1938595037702771006
1938605251982209368
1938606463142027689
1938607040487907535
1938609485561614425
1938624783333392416
1938634042850574524
1938636301026419054
1938636306449608722
1938637160720060622
1938641857350647897
1938649171172716886
1938675422553649617
1938814092611068409
1938814625384145003
1938821148554469573
1938831191752482918
1938832042537689373
1938832823554904131
1938833525752619028
1938834214042124666
1938835122901656036
1938847950060614055
1938848609912705119
1938868564704026903
1938869685497536900
1938871041402822755
1938872332292104312
1938886839013908948
1938887535285154143
1938898216508080370
1938900423219495258
1938904738948620630
1938907728845709658
1938907858407694468
1938910891866481022
1938948560982045155
1938966528898277533
1938974985818906792
1938977415486992723
1938977588723974510
1938978251889877206
1938978275034017906
1938992562129510671
1938994412371222839
1939000495760363657
1939001182623801379
1939012254042898942
1939016746150559781
1939016774730522674
1939016914556145898
1939155645422305707
1939155747981664427
1939156096993648750
1939157203094589865
1939160397501591754
1939182562028433876
1939186218509738106
1939195645426102390
1939195667093823683
1939199946936164368
1939199991626555724
1939200045217390911
1939200085163684056
1939200124095442999
1939217853309427726
1939220418503606595
1939220436400714102
1939226411505721733
1939239550838354025
1939256801284739315
1939257816071700745
1939257819745968368
1939277774163935649
1939277843575517464
1939278372678636001
1939324670731517992
1939333789341347885
1939333899727057258
1939335887495774241
1939343095369494689
1939345435568828899
1939548613048418542
1939549463040975355
1939549884270666187
1939553591544693019
1939554224729460832
1939554945738690912
1939562006962655404
1939562418642001992
1939569397053399209
1939570751197319678
