1843316288753746423
1843317301011243219
1843324772379426962
1843327251816849758
1843327325808837021
1843329048006770747
1843329883252101170
1843331063629873203
1843347549438214152
1843351838764216539
1843353523465138198
1843355246523011161
1843362082349297886
1843390466349511148
1843463826123174306
1843474018575507651
1843475808951906711
1843479074238542235
1843489695143211447
1843508854807769547
1843518245871202752
1843519092331802683
1843519757141848382
1843522536384147811
1843522746124513490
1843522962634485947
1843524254140375358
1843525965730984275
1843528540198973914
1843543244300529782
1843543797344678134
1843548487524458636
1843550123495960969
1843550158417768654
1843550499607588917
1843550535682798088
1843551341962244193
1843555945118609789
1843569058656272768
1843570729327210984
1843570813066457561
1843570966225662285
1843571814594949271
1843577911552434415
1843578007534862725
1843580379891937301
1843582321837899852
1843586184565657686
1843587246349549974
1843589565904498867
1843593073974239478
1843593660757377326
1843595817090986444
1843596716345356763
1843599309578875116
1843599983091609935
1843600009125904798
1843607323937231193
1843610080828371231
1843611064006783436
1843611854482133184
1843611915810939013
1843613831052046570
1843613834126426368
1843614654620414453
1843614771767329132
1843614775789711820
1843615553271017886
1843616293997408669
1843617536627355722
1843618422367695283
1843622699974963319
1843624167221973231
1843624350513246670
1843628852998025427
1843631678905803088
1843632908105592922
1843632936924656031
1843633693933613152
1843633872459968938
1843635214423323109
1843635667714355387
1843636139296440379
1843637478735090094
1843638035143090368
1843639503669637267
1843639770980782533
1843640493596664165
1843640557320753544
1843641263670899056
1843642174761824368
1843642270891012348
1843645018461901251
1843648990577078688
1843649528722833802
1843655191125721146
1843655971631215049
1843660120989020592
1843667778269790304
1843670435713761341
1843674134611669224
1843676233525264861
1843686716303126778
1843695553089286627
1843696704476037259
1843699530748789155
1843706383314891116
1843708034050412608
1843708799720509738
1843712265016754662
1843712411087642875
1843826212365361424
1843831493921309008
1843847677399969959
1843848025719951719
1843848057605239245
1843856411740254660
1843863961462034623
1843866430090903611
1843871115929854042
1843876078324199439
1843878011449552954
1843879707508649994
1843879906121527684
1843880759238754651
1843881248584049130
1843887720403529901
1843891410787020936
1843892010144657525
1843893432097616297
1843894304835531025
1843895575990944078
1843896088161587608
1843896428403536105
1843896929702555767
1843897374206575023
1843897918451003608
1843899313044566259
1843900934813782148
1843902153393319941
1843905711706882140
1843909219906445588
1843909280962863478
1843919594416656415
1843919767528452130
1843919980498399342
1843921028780855683
1843922327467372620
1843922865055584558
1843923109222723626
1843923460642484551
1843923625390551295
1843924328800498063
1843925034357927980
1843926082074096047
1843926086964654349
1843926924709757327
1843927568636059877
1843927623824748815
1843927724131565801
1843927749011931266
1843928791065997640
1843928913799721175
1843929546221035984
1843929959871733858
1843930197357408553
1843930865958826062
1843932114082988516
1843933569862815989
1843934689574387975
1843936543058038852
1843937824607027653
1843939861876584912
1843939884958196049
1843941139654770711
1843943097186898222
1843943179328098562
1843947025546838146
1843947189317374110
1843947839510225281
1843948181450793188
1843948244638052748
1843948572959744200
1843949327661801491
1843957652264796335
1843958698621964554
1843960257087000739
1843961015207350331
1843961931746729994
1843962015762846205
1843962228296532042
1843962968582787164
1843963674635174098
1843964071953240298
1843964679607193891
1843966035650867708
1843967590735167854
1843969701334171704
1843970299274092659
1843970661041234314
