1443855971252531201
1443855979884408832
1443876210203713539
1443878240595025921
1443879666599677959
1443880617314172932
1443885201457704961
1443885337147686915
1443885627418681349
1443885721173970944
1443886140126162951
1443886342375497731
1443901722166923273
1443919488659832836
1443924701160480768
1443925180607123460
1443927563076702211
1443927701245415431
1443927848805228553
1443929582357258246
1443936204882268163
1443936264458170369
1443952346438848515
1443957348360343560
1443957849743192075
1443970932305842181
1443980325940449281
1443986203896782852
1444119661952442375
1444119966974832644
1444133530016043011
1444135973613342721
1444139417690513413
1444140937404321799
1444141168468508673
1444146527807553536
1444147958841184258
1444163996454514690
1444164395467100163
1444164437481426945
1444171140604186628
1444172345099182081
1444174128857055233
1444175365136551940
1444175562965065733
1444176656894103563
1444181117972537344
1444183800037076996
1444184111426334723
1444186044492967938
1444187633345728514
1444187758155624451
1444191732795523072
1444200147454291970
1444211462558289923
1444212218124374019
1444212786842587144
1444219665648021513
1444220697090269188
1444221134593953798
1444221232061169667
1444223906110316555
1444226301649321984
1444227708070686727
1444229193005355010
1444233429990531075
1444238243663212545
1444238371996401665
1444238439017181190
1444239585425297411
1444239602902974468
1444239927210696704
1444239933623865347
1444244493390127106
1444245190659633153
1444247088984772608
1444251497219301380
1444257759638081538
1444259195402866690
1444260222399246345
1444260746615922689
1444266557698281473
1444285530535956488
1444289718967934981
1444289771119939586
1444296182549811204
1444297402714771459
1444486774579814407
1444522825440579590
1444554130714812418
1444554350668386304
1444590713950261250
1444598212187201538
1444604937724317700
1444617065189441546
1444644056718446597
1444644400240291841
1444647264115322888
1444648920169078789
1444651570071699463
1444651727743979521
1444652285380857863
1444654760901025793
1444667501246226437
1444681437014159362
1444682593111134217
1444689122069676033
1444689528225091589
1444691131682353153
1444894199954874370
1444904985423060993
1444906089837776903
1444908416913182721
1444912822706597890
1444916054497452033
1444916450330759173
1444919022198263810
1444922307563057162
1444924998871703559
1444925318993625092
1444929011671470081
1444929675038388224
1444935268570566661
1444938703374196738
1444942714429005827
1444942833153032197
1444943014518919168
1444947933443411968
1444949721043267584
1444949755381968900
1444950111134486529
1444954013191917575
1444958577429409794
1444958580717670404
1444958791791874052
1444958907584040962
1444959176371814404
1444959824920264707
1444960143133659137
1444962942168887299
1444962997080711168
1444963211854237701
1444963222348386311
1444963568042926081
1444964153307787265
1444964549975625737
1444964583836291072
1444964769451048963
1444966778027732993
1444971945427030018
1444995406362861569
1444995581135364110
1444996307886624769
1444996501436989442
1444996679736852483
1445001386832195586
1445001574305042435
1445006403802783746
1445008197761187851
1445008731763138564
1445015442527899654
1445022817200656392
1445028116552773633
1445029388945293313
1445029990060363783
1445030097329684483
1445030242683273221
1445031153342156806
1445032939922677763
1445034172398010374
1445040523853524992
1445051998953295875
1445052546511347712
1445182611047862272
1445182773124222985
1445183332950556678
1445183514777841667
1445183667446288386
1445183743522525184
1445183840046116864
1445184452506767362
1445184554461908996
1445184787963006981
1445203465328685056
1445203486803595266
1445203575643066371
1445203805889568771
1445204201957511170
1445208182452723716
1445213507171930113
1445262257923915778
1445263218843127810
1445263243606315009
1445265141222629377
1445266840851156992
1445266882311770117
1445270247083163648
1445270500058415107
1445270835384635394
1445272633176514563
