1462026700066213889
1462027652005445633
1462028705925001218
1462028803077656579
1462029921023238149
1462031283689693197
1462038338441924610
1462042124522721281
1462050969160540160
1462051801776070657
1462054936166887427
1462055152672653322
1462055166849392644
1462055376526790663
1462069487893504005
1462070920147705856
1462070926913142788
1462071698233065476
1462071835466473479
1462071836972236800
1462071852507926532
1462071896703320067
1462071944145084422
1462072007055400960
1462072242817273857
1462073868235902982
1462075215077208064
1462075706695839745
1462075927966351364
1462076424165101572
1462077004774195208
1462077758704553986
1462078391197175811
1462082715033821185
1462083277464866820
1462083378988011532
1462083799651475457
1462086767301984257
1462088517715050501
1462091221518544900
1462092957247369218
1462096723300421632
1462096907195412490
1462097978567524353
1462102869855793155
1462105123119714306
1462105173854015494
1462117335439798273
1462117453358456837
1462129749468188678
1462243675992301569
1462243755595948044
1462244318647775238
1462246657832022017
1462248306659131398
1462248423785046023
1462248517527752704
1462249361761394692
1462277216574722055
1462277287018074116
1462278120304611333
1462292170740625410
1462299477742534660
1462312097862221824
1462312991521591298
1462314479161544706
1462349787173306374
1462413470872182798
1462414183882846212
1462417038756831241
1462417373005185024
1462427764657590280
1462428482273562631
1462428636275830784
1462430216664485888
1462430775089905665
1462430800863842308
1462430842421080065
1462431283380776965
1462431305904230406
1462431322064900096
1462447275808944132
1462449013311959041
1462452475366023174
1462452605053853696
1462453470619844611
1462458639025803265
1462598841018961924
1462599117369053184
1462599157886046209
1462600300456333312
1462659359603761156
1462678388036935682
1462678447390482436
1462679443726483461
1462682155981492225
1462693390718439426
1462697090522382336
1462703071574650880
1462705269838802945
1462706047001391104
1462706092958355456
1462706146410569728
1462706176152399872
1462706349104451592
1462706446542393344
1462706461713125379
1462708111077036034
1462714171506630660
1462715801824161796
1462717356619141120
1462717999564005376
1462718535130513409
1462718835660779520
1462723214036013059
1462723282893881350
1462723424791371783
1462723606111145985
1462726253929136129
1462726335009210375
1462730266758160386
1462731752758120448
1462731838095458310
1462731848790904839
1462731892990513157
1462731940147068932
1462732012796534787
1462732055926640646
1462732186474336256
1462733301714538497
1462733302821838850
1462736106596667392
1462737074407174154
1462738045745041412
146273873955008512
1462738856495648770
1462738865127510020
1462738871960043522
1462750737369161731
1462751607787974656
1462752341258432517
1462753479219318789
1462754287772049412
1462754322559635459
1462755427842605058
1462757106226843656
1462757715831230468
1462760143808962561
1462762521450872833
1462763627937611783
1462764131547713549
1462764432145088514
1462769187231727617
1462771692208631813
1462776669953871880
1462778715637616642
1462779448596467714
1462779564447256576
1462786213065080837
1462787308050993152
1462791838360760324
1462792603678638082
1462792672704274432
1462792784138563589
1462792842489700357
1462793152922722315
1462793310938951682
1462793361593491464
1462800403012014085
1462800481835573250
1462801162608930817
1462801469338382338
1462803316681822210
1462805648039559174
1462812381310902276
1462812388453797891
1462812395231870983
1462828619072360449
1462829783427923970
1462830317656371201
1462831580678742024
1462831902092521473
1462836163366899717
1462839561885675522
1462841738041561091
1462959641613062149
1462963933585674243
1462996847761543175
1463000271005511681
1463000283118653440
1463000297144418309
1463015621969399812
1463025700420550658
1463025992453083141
1463028621455417345
1463028655706161154
1463028992596840451
1463038706244149251
1463041958125793280
1463042411660075008
