1902794408883524009
1902927059900645454
1902927862832996590
1902931242653458496
1902933597973254396
1902933956573663709
1902948493372916005
1902950718568632596
1902950846465552596
1902954201262723392
1902954603953655999
1902957233140650289
1902959586363298110
1902960321675116593
1902961333404147818
1902961761348882616
1902962785480237071
1902964121177604586
1902964421577916433
1902964427055575179
1902965836433989877
1902966863056822296
1902974737401385248
1902980227795653062
1902980232401109105
1902980789920219229
1902981275973030019
1902987964621164944
1902992098439438748
1902993428444848296
1902993433012429281
1902995231165034700
1902995851053764908
1902997998038290725
1902998001783619869
1902998236920680463
1902999234657522058
1903003645735735552
1903004061303185620
1903004854328627311
1903008090963972431
1903008654196084854
1903008658113601859
1903009058392772700
1903009629371597074
1903010102866743524
1903016399045620044
1903017273616634331
1903017288850346271
1903018546948608433
1903018696798347531
1903023119926956201
1903023766436974988
1903031853055086726
1903047538737025368
1903049950432235677
1903050486502363316
1903051440178044949
1903051972397371720
1903052534992003122
1903053620012003543
1903054092001480919
1903054712649421224
1903055143815483858
1903057073136603207
1903065045199884351
1903066566553637011
1903067495176556583
1903068156052349244
1903068881557619141
1903078234948092379
1903083566466208058
1903085306712097016
1903093382047731909
1903095732862865778
1903102359846420860
1903115093107482829
1903116196339388459
1903118439079952889
1903122623850299854
1903122814938570995
1903123195005374917
1903123769180426299
1903129654460027058
1903130921462870382
1903132248892903460
1903133323133923604
1903134108936704479
1903134898963222576
1903136861247414448
1903137122128912413
1903138252401545585
1903141294047891693
1903141297868902788
1903141949563081006
1903143639880175691
1903143643944456468
1903145230301532249
1903147477399900660
1903147504180531353
1903168518893473908
1903271641951420802
1903274160446714090
1903274825256415401
1903274926565626143
1903274993980674351
1903291980412801371
1903293086358442330
1903296168655982796
1903300926363898178
1903301417743331451
1903303459392328090
1903317863752175682
1903317908098519296
1903317958153425306
1903318029267566851
1903318054995624254
1903326544598274314
1903326856277004594
1903327109499458001
1903327154034892853
1903327643388584439
1903327979150991692
1903329909403222275
1903331277371216313
1903332165158322364
1903333152212344965
1903339124435849549
1903339328702648701
1903342556533936159
1903342951197184316
1903342954548433141
1903343986980352026
1903344245249020407
1903344676700139688
1903345076744622495
1903345182243971114
1903345208198377925
1903345859397554614
1903345915345223769
1903345931774472312
1903345955929293138
1903345978230308977
1903346103782871137
1903346634127446518
1903347207593750851
1903347461776871861
1903347495335551194
1903348055388442751
1903348096861638871
1903348466195042434
1903348830021751216
1903349021340762367
1903349542507921811
1903349921333514602
1903350715017465874
1903351473423126893
1903351478879703047
1903351638469013851
1903351655015583941
1903352554903261191
1903364461756391623
1903367872472326467
1903368099061178811
1903368179377930474
1903368297770533246
1903368366339072429
1903368393937375731
1903370177451823408
1903370686187659464
1903371538159874462
1903378457775735219
1903378687472669060
1903379184912859450
1903379277040800184
1903379620717818107
1903381998921756760
1903383179719045358
1903383657370591554
1903383686231605622
1903383772092895291
1903384356724584867
1903384450089836835
1903387902886965451
1903388103857053822
1903389201070260653
1903396741657100670
1903399849673773410
1903401876395339863
1903403816164151486
1903403997018636453
1903405646873268397
1903411098424062450
1903412353842200860
1903412726027977023
1903416225440677909
1903420011227598868
1903420031679312070
1903420924810162339
1903423449365991694
