1804418243500618123
1804418461218558162
1804418682598093122
1804418873866747911
1804419113042809124
1804419329456246940
1804419512386674916
1804419831837376785
1804420281001283723
1804420746263089539
1804421590941155609
1804421757832438160
1804425727955341748
1804425852886880707
1804426040770728439
1804426222862245993
1804426400918835372
1804426765970047179
1804426975723053145
1804427116706173195
1804427314836754528
1804427503597171190
1804427674938659081
1804427865133584714
1804428268776677617
1804430964980101163
1804431253514375599
1804431506833539559
1804432174743195947
1804432460673093931
1804432603816345786
1804432749136388225
1804433148098531381
1804433343125283073
1804433568514621613
1804433747678470240
1804433938737512630
1804434288454324483
1804434430209200415
1804434760640709006
1804435076740239708
1804435383389999355
1804435853974159730
1804436047675174995
1804436257302512033
1804436608583860455
1804436873311666249
1804438106915176465
1804438384909381837
1804438857372553504
1804442462339076521
1804443588040015935
1804482822511726860
1804482827725262998
1804483741437608166
1804483747276083480
1804503764977524803
1804503906308772267
1804503969273700625
1804504054120206609
1804504432521933248
1804504819987542520
1804504839251968399
1804504854733201705
1804504873288749249
1804508073241022677
1804508226135982219
1804508292192096715
1804508384387117380
1804508448136343694
1804508595922559165
1804511174152925308
1804511267337449653
1804511325617574169
1804511396505502202
1804511452109443287
1804511509483311192
1804511564093137037
1804511612113658160
1804511661262622943
1804511717860475130
1804511770788151326
1804511866636636201
1804511974023397658
1804512014817198521
1804516117366333642
1804516338573983936
1804516600256626689
1804516823062253962
1804516853210820656
1804516870562717875
1804516885997748645
1804516903001436513
1804516919203991584
1804516935243125141
1804516957888053553
1804516984215736392
1804517008752419219
1804517023034003855
1804530619122413927
1804561979216122024
1804740270732484759
1804744529469440381
1804756362343432361
1804756424461000811
1804760021571342337
1804760944696074415
1804761059728953647
1804761276129980793
1804761456824697055
1804761578350477527
1804761938934804749
1804762112377373078
1804762268598415472
1804763716770222411
1804781736691487155
1804782675959407057
1804783782631031078
1804791724860145736
1804792360615993592
1804803968406552751
1804812171207200859
1804815465249931771
1804835911638667542
1804838000737607694
1804849606146355637
1804849798396436715
1804849826112417879
1804891501643874635
1804902630411378740
1805096787935625415
1805103430723412168
1805103554237239671
1805104045046059284
1805105705763905848
1805110442001567961
1805113145855492281
1805113637125931517
1805113914876998112
1805114342284878102
1805116768622633101
1805120218148245992
1805121334177153304
1805129154129760361
1805130219180744733
1805131014861205699
1805131960957927813
1805133950454731177
1805134240687780162
1805135029766701565
1805135908586590352
1805135932091519480
1805138009463079058
1805139213383533014
1805139647921824061
1805139917665923152
1805141237948973565
1805142578440052942
1805143048713887746
1805143064119501051
1805143592450805799
1805144745502732679
1805145451760603276
1805145846285230497
1805145970503541142
1805146192562847996
1805146281263685703
1805146396104020323
1805146809427476861
1805146813554405531
1805146924628025572
1805147115389407565
1805147220364107804
1805147433758073087
1805147480780153286
1805147696233144774
1805147776961196141
1805147896620400889
1805147899606733035
1805147907680534655
1805148073087422944
1805148180905939145
1805148446602477854
1805148456601747748
1805148833061703732
1805149054940467494
1805149100590911588
1805149261920915758
1805149343260856649
1805149515718287549
1805149614305050823
1805149721276866954
1805149750238339159
1805149886930649444
1805150093877903512
1805150167693210107
1805150624012779600
1805153024337383643
1805153505042387101
1805154247488700625
