1880543518432559496
1880548927096971658
1880555534656680019
1880559781469131235
1880560436334190704
1880561351925608575
1880569866098503683
1880572285859557717
1880572648356560937
1880585404593869247
1880585404593905863
1880585405017522289
1880585888901853287
1880586094028443750
1880587661980959118
1880588587093446743
1880589707702370348
1880592826783944843
1880593875129295046
1880605900442058968
1880606190893482135
1880609197341172130
1880616115141009820
1880619815771295863
1880623942609813654
1880629236597399700
1880629687610978350
1880630082966024539
1880632614610161894
1880659901602759125
1880659946146296280
1880659963422597574
1880661120249373135
1880662938362741144
1880663942558801976
1880843801343996315
1880844554087350345
1880848402453602565
1880852561839943882
1880886653969174552
1880893250334327085
1880893292272849234
1881009244423750112
1881009249314345115
1881062124958704030
1881062174141071772
1881072903179149484
1881098127505047859
1881189014403002614
1881189049928654886
1881205139551469577
1881205192127107541
1881206467187147063
1881218684141850909
1881220557695508485
1881224432108408985
1881228881694535728
1881229346393989262
1881229849408450871
1881230270227267907
1881230710750801942
1881231016528101398
1881231341955752121
1881231667677053035
1881231982656680413
1881242848789750160
1881244100957258019
1881245611376394330
1881247006032793739
1881248825828114473
1881251381480456663
1881252901148106968
1881255151195017364
1881259840628211785
1881270978556129499
1881281039215276498
1881281644130451758
1881281931863859456
1881283555810218034
1881283559455183088
1881287480047264130
1881287482718957911
1881288013462057356
1881288016188334174
1881288557261979695
1881289306926731615
1881289646363099297
1881291787819717117
1881295937651483072
1881298205129965688
1881300320841773480
1881302966789185553
1881317846153875855
1881318661778182607
1881327396655370635
1881345284518912329
1881345773809574321
1881348011730804911
1881348638322155728
1881348645821493579
1881349712202412467
1881358667804721491
1881377743243505819
1881377762214383633
1881442736223801811
1881442826602647639
1881442908601249818
1881563302058414198
1881563305128739165
1881566938746458389
1881568328197812425
1881573095804420313
1881573774275027253
1881575650538209751
1881576106031251567
1881577960672764260
1881593060901199890
1881593647919137059
1881595046648246481
1881596103621288099
1881597252982153303
1881597258556424291
1881601083455492602
1881601989391606088
1881603852157538694
1881607419350130771
1881608600944288184
1881609424139432066
1881609431437500606
1881609543895105550
1881610694539583867
1881611924301062207
1881629959271371065
1881629964619182489
1881631170510860717
1881631259652472894
1881631807915069701
1881632377182838862
1881632382606025119
1881632387748200471
1881633514044756403
1881633556956590184
1881633589751943628
1881633965657956813
1881634653834285107
1881634888870404129
1881640562081857917
1881654746156773420
1881656548667293985
1881658097716056190
1881658927198417278
1881659914696941783
1881661431747338683
1881662462443090412
1881663472641179937
1881663807107592520
1881664629711204558
1881666640439574740
1881667652378320993
1881668597510266892
1881673568746197244
1881674851976651161
1881676357668925453
1881678034622963888
1881678336868635084
1881682674810777770
1881683403906674906
1881684399399514572
1881685437154230715
1881686653733052444
1881709764973043794
1881709769100243049
1881720365594112257
1881720424964464784
1881726326710915336
1881726332452954564
1881727445839270108
1881727887407190142
1881727966264049830
1881729125200830774
1881730445446103471
1881730517349069270
1881745456528769431
1881751122685424110
1881751582372671583
1881752054278013141
1881755380675690670
1881767488935055396
1881787045829541917
1881787065161175339
1881787413858828360
1881805817218998414
1881820490534457428
1881823212755157455
1881823911513346278
1881827225370280136
1881863673028989438
1881940430872580244
1881940928480546871
1881941518862483781
