1899383294631780826
1899384157161263168
1899384190811971775
1899385180718354611
1899385289745064412
1899386303080202467
1899386853226418514
1899387409080406417
1899387530346475576
1899388339427631557
1899390274859839897
1899390279146455369
1899390283579822443
1899390288604627108
1899391337189011849
1899392392815333420
1899392403288789380
1899392774123995271
1899394063163388384
1899394100178423916
1899394631458263089
1899395571762516445
1899395772694565004
1899398578147336338
1899398618093949062
1899399198581088470
1899399325773685000
1899400162981884362
1899401515875647607
1899403523642765373
1899404723310256305
1899409741681750472
1899411148396753294
1899411963807178861
1899413010906837487
1899413660679709050
1899414183675900396
1899414669678592312
1899414756433498566
1899415493389189573
1899415635651916105
1899415786328072628
1899416396674781652
1899417949058084996
1899418039520837939
1899420785233830016
1899421204697776551
1899421677756551374
1899428942223921348
1899434450808934897
1899434883635978723
1899435077932634227
1899436257580888476
1899439292382085191
1899441258579579042
1899443035982979084
1899445957399572969
1899448226799083675
1899448265575485902
1899448301184786482
1899448317555446009
1899448352443646411
1899448542026199298
1899450668546674816
1899452001278390707
1899454533958299686
1899458617310626013
1899460038273720329
1899461340714201400
1899462001505743209
1899463154234736672
1899465669034545250
1899465841584013675
1899467331526594749
1899469781511893292
1899475409047285860
1899509022673539382
1899513215018770794
1899515626978504844
1899626397955416141
1899646130687971433
1899656604779270457
1899685923622658526
1899686169488785508
1899686389203206489
1899692624443040083
1899693837884481867
1899694991519416810
1899695583499256315
1899704404565217308
1899706399145504808
1899707502813475087
1899710178083123596
1899711816886075591
1899716154249339281
1899716958607794426
1899717661292167483
1899720054981484564
1899720293226311712
1899724912711061771
1899725277682606549
1899725958766268715
1899726699132002764
1899728401122165167
1899728536971231716
1899733039896482028
1899733516604354931
1899733771047608758
1899733771886411813
1899733817038176464
1899733988866244790
1899734015869100403
1899734748827640076
1899734777596633386
1899736931526680975
1899737087483469834
1899737184695210482
1899745275574616210
1899745882167447960
1899749676573966752
1899766073060184320
1899766858871714119
1899768212193264030
1899769970739007508
1899771113145839676
1899771889876144432
1899772489959694649
1899772529440702623
1899772684847960171
1899773241050509431
1899775188482556054
1899776689603022883
1899781736818692452
1899800272479875224
1899806865996890432
1899808097771930111
1899824624017297907
1899827197529251948
1899828609138983336
1899833942318235665
1899840317362151440
1899840506039075088
1899846335517593702
1899846832848847126
1899847294893306282
1899847326828810473
1899852169752486175
1899852234508382316
1899853134220157376
1899855428017877407
1899871536460554616
1899873571578826856
1899873990963061138
1899874147255411158
1899877256694260019
1899877576094695591
1899878092509950400
1900012757719933168
1900040500201361807
1900041630448836960
1900052480181825626
1900053605006131691
1900054013334479180
1900055780935741726
1900056496777691371
1900060199484088700
1900063241231098267
1900063327126249777
1900065500690055212
1900065528267628582
1900065642050707891
1900065676229759358
1900066033626485112
1900066122499833913
1900081246052475203
1900082733893738695
1900083712513237359
1900086023251489265
1900086793585729768
1900087475072360877
1900088272531136995
1900088906483458262
1900090856801263770
1900091568687644887
1900092013552230492
1900093620520415541
1900095133489496130
1900095199788884269
1900095429850890485
1900095442853282208
1900095992999141473
1900096191171616809
1900096736573759807
1900097118687437284
1900097635438256188
1900098399975989472
1900098785910419749
1900099320218886578
1900099414657733087
1900099982239424574
