1468518460334362624
1468519342602010626
1468521506846113796
1468521819812470784
1468522217814179843
1468522768358510593
1468526355058806786
146852665207435264
1468562649470226432
1468565203071561730
1468566322845937667
1468569914604544000
1468583032349069315
1468587394974699523
1468587402704740356
1468590631177973760
1468590633438773253
1468603085249335298
1468603091503124481
1468603309116190721
1468606196974178304
1468607375380664322
1468612659591278595
1468612662527332352
1468614305612369925
1468614446410989570
1468614479302696960
1468618855643709446
1468620489690025991
1468623692183719936
1468624771592056834
1468633597300985857
1468634037736534018
1468634287037575170
1468636733306654723
1468638902520975362
1468638911828090881
1468640770164867072
1468640887173369857
1468641152433750021
1468641428641181700
1468648546060550144
1468648572883070979
1468768236300685314
1468819458420473858
1468819945228148737
1468820594527334401
1468824041762934786
1468831689187024901
1468831895077076992
1468833491252957185
1468843006497214467
1468845209190473728
1468846195954966528
1468847068987150338
1468849954718294016
1468850286726815746
1468853827159740421
1468853829672128513
1468867491476623362
1468867886600966145
1468891858109546497
1468892523120582657
1468903348279463939
1468906894366445569
1468963217707712523
1468963603415900176
1468969196469964819
1469153999370665984
1469164901113290753
1469172757984251909
1469183008506662912
1469183550515605508
1469184928990388224
1469188513878843394
1469188738416734213
1469188811234054145
1469188919530962949
1469188965244669956
1469193424347623429
1469194362810626051
1469195758083530755
1469197241084637185
1469198476730781701
1469200457037844480
1469200514571071491
1469201871365558272
1469201976613171201
1469203782764359684
1469204830950359043
1469204834607775744
1469205178968526848
1469206256892088320
1469206347405152257
1469206956871086083
1469208072371408899
1469208979519598596
1469209142841659395
1469209145723158528
1469210612257341442
1469211410051698688
1469212104158629888
1469223741003419648
1469224478399877121
1469225442930409472
1469231475409047555
1469233261209554944
1469234028935098371
1469234678552948738
1469239717380034560
1469239733700071427
1469239741425995780
1469239771884969984
1469239780768509952
1469239800322420736
1469239824565424131
1469239840394735618
1469239855162871810
1469240439274278914
1469241496419246080
1469242433506398208
1469243583995645952
1469250194365562880
1469253046005743624
1469253135692492803
1469263703040139264
1469264362175033344
1469269827705454594
1469269829639376900
1469279922136903680
1469281035770683397
1469281291199647747
1469281429292941313
1469281891387772928
1469282223597572096
1469282325976719363
1469282416653000705
1469291080948404227
1469292080392392705
1469293199655006208
1469294232510681093
1469295706783371265
1469306272738541570
1469328549337202691
1469493220711100417
1469493367847350272
1469514821808713728
1469515700825853953
1469516243669372930
1469516472879747075
1469518456965910529
1469533687264210945
1469537425420546049
1469539510836862976
1469552316889976833
1469559481159720963
1469561318856220678
1469561776660353027
1469567584936755205
1469567974612733954
1469568610263699460
1469568991106535424
1469572250139455492
1469580938409508864
1469587303618138114
1469587403727728643
1469588948573835264
1469589432000937984
1469589624934703104
1469590931116412938
1469590938041286656
1469594528365441024
1469594727515234311
1469596419673575424
1469598029862694912
1469605747810275328
1469605884279943169
1469606899590971394
1469606939113910273
1469607172032000000
1469607913236819968
1469607920518119425
1469609947126112258
1469611348027793409
1469613354062811138
1469613516470435844
1469614023775821832
1469614148740734977
1469617002071293953
1469627635030388736
1469628336892624897
1469647942403309568
1469648591652229124
1469654094239334407
1469654749410586625
1469655046442741762
1469658642236338177
1469672410785845251
1469673268885934080
1469673539884109824
