1930578943377096831
1930578973224058929
1930583516380790876
1930586236118503677
1930586861770268983
1930589568262402064
1930592251220255126
1930592302017523919
1930592322862952703
1930593015090872812
1930593212743528674
1930594219493933514
1930595054084874549
1930595058312733178
1930595757381628004
1930596402981437939
1930596921938469072
1930597233403244877
1930597824905060821
1930598688055013400
1930600089577558133
1930600234788499761
1930601744972849442
1930604961965990182
1930607453416378470
1930611286536282369
1930611917191889223
1930611963987710347
1930612303390703730
1930612714872918317
1930612793738448912
1930613948081946918
1930624258381910024
1930624790228082959
1930625100241604828
1930625361470951555
1930625925387112775
1930627464029769835
1930629144271884798
1930633540292460665
1930651675578225045
1930651723087142991
1930663544648868030
1930664127782961415
1930665138593419422
1930665303396303087
1930665888178381253
1930677396304478587
1930679709769322651
1930681967127003476
1930835990907895856
1930840912357470348
1930862604630503682
1930863329792446546
1930863917049561408
1930865368647848397
1930871549470335077
1930872425979449726
1930875021968478450
1930888991513161837
1930889018700611632
1930889246791086194
1930892264525431118
1930892961304158676
1930893503975882866
1930898216565805389
1930900087506612226
1930900394600984737
1930901208321139147
1930901252776632630
1930902009034789239
1930903500684460289
1930903594527772956
1930904150889710079
1930904327683805529
1930905467800461551
1930905574067351564
1930905972803067968
1930906654629126494
1930907572716077500
1930908316181451005
1930908662962475309
1930908802653814933
1930908986569842820
1930909032363196709
1930909628323491973
1930910151869083857
1930910200799666580
1930912284433690703
1930928048968450106
1931194542323322947
1931227112314417563
1931227287456014468
1931227372315156505
1931227695570166271
1931240567595467066
1931240578290978895
1931240611295727618
1931241674144981174
1931261090505371653
1931261786617205044
1931268339386765360
1931269254827163819
1931269276025160003
1931275077552894168
1931275933782286674
1931303296830206292
1931315871559090388
1931341237614997733
1931493945491767633
1931582869140549907
1931591861627707397
1931592936535339084
1931593739786719386
1931599089051075022
1931616608033640649
1931629516025462944
1931629544261480776
1931629576121418151
1931629596295954571
1931629617020092866
1931629636883976678
1931635924343070774
1931665865558093933
1931666173751681140
1931667012536656228
1931671270837649738
1931683523574002025
1931684160395157543
1931685033380855837
1931694509580230865
1931695082018947304
1931695259336986626
1931695423204499460
1931713312984588450
1931713408241459383
1931719028483244420
1931720797959201262
1931745898977280216
1931748774785036393
1931751470657138859
1931767622292701681
1931768646411714755
1931786306860044520
1931786315198026025
1931786316292976687
1931786899301023818
1931943059509703064
1931943484942152108
1931954001802904037
1931963593135960472
1931966476917055850
1931966505274822974
1931974031626105207
1931975362897994225
1931978533611700393
1931985291709120977
1931985902714429836
1931994180718559263
1931994909067899255
1931996880185217102
1931996998061924543
1932000275377914095
1932000280641741090
1932002514737741879
1932002664944222452
1932002668563857887
1932003076329857244
1932003881220972650
1932004003157844062
1932004713391915231
1932004757025243196
1932005891626135784
1932005924723646773
1932006893012295722
1932008279896740351
1932008678082658650
1932008693006270769
1932009297728151568
1932010167542956319
1932012671987282137
1932013835508236514
1932014217936109592
1932014374593634499
1932015023888519507
1932015200334709030
1932019249947848970
1932022622163714153
1932023159731138745
1932027381876973883
1932030034589720834
1932033266003091671
1932035845621690698
1932036916603650259
1932038985532178847
1932056523381096850
1932056863472013496
1932057274769691044
1932057443200389601
1932057965420544144
