1968978441006391405
1968979750124147112
1968979789584450018
1968980593665876153
1968980649886285881
1968982661109571830
1968983148789666099
1968984264596161011
1968984878180966413
1968985113959501965
1968987486664724518
1968988156427948412
1968988393607422324
1968990251629625404
1968991123591897582
1968991764594802804
1968992202849148957
1968992887481266186
1968993231946801433
1968993436389835134
1968994048720482535
1968994259631005822
1968994686108045558
1968995612138877058
1968995670804558303
1968997613857907048
1969002104732741771
1969002798671974507
1969004336140234896
1969004952354771055
1969005936925868257
1969007866620346746
1969007984001925589
1969009896201789716
1969010380161667454
1969010913639371218
1969011422882357596
1969011998705795457
1969012791550898601
1969019859389337706
1969021737208627611
1969022184279486588
1969023575106502661
1969023579984396702
1969024799084011971
1969025329671877018
1969025690491072513
1969026351962128414
1969033175029678344
1969047556911939781
1969052855442002323
1969056855382176020
1969057010915393625
1969063738817798622
1969068592814543214
1969074605944938523
1969098240432673023
1969212414412669262
1969224816780886064
1969227514410045745
1969227514829553971
1969230029675491578
1969241261052690548
1969242155353874599
1969242613745410454
1969250033871569264
1969253937027940556
1969257715181424749
1969270294998106153
1969272812452941881
1969275586141892676
1969276273919730059
1969276879598174431
1969277621876801583
1969278392060031472
1969287606275096992
1969292518228439138
1969300550052200501
1969300568830328908
1969301890484555819
1969302834387829209
1969308237548666926
1969310854534381919
1969314960237826356
1969315012956033214
1969315551441817644
1969316105224069574
1969316573107085702
1969317059306586581
1969317492842500168
1969317949816143907
1969318377232470507
1969320896079823105
1969329022870905228
1969329031217561745
1969330090912706751
1969330149134156149
1969330626995372173
1969331190126821837
1969331425225978019
1969331771390271647
1969331814511583514
1969331821658652881
1969332075791597618
1969332200933114143
1969332825498271971
1969333322418426131
1969333786321055871
1969355718886113515
1969356058054275308
1969358031021621418
1969362050380947704
1969362795322855546
1969363199481807023
1969363624184434748
1969364240491561308
1969365074814124343
1969365878941597789
1969374134443413629
1969374745989664903
1969375365148917987
1969375836127313944
1969376407794172220
1969376926411473078
1969377546761617796
1969379185430028784
1969380177546215591
1969385064887664976
1969389493116682319
1969390356715175992
1969403653585780766
1969403659495645627
1969429933278839243
1969439326124851526
1969439879533903890
1969441931957846520
1969448012356469075
1969451171107758123
1969451205161337237
1969451231463817557
1969451270034637218
1969451296760741979
1969451311205925047
1969453512842232151
1969597304308187496
1969597691576664462
1969615773506421014
1969620101348401333
1969637891468095791
1969645232246702466
1969646928179970413
1969648260462887249
1969650072540627326
1969650156909051996
1969664623516532972
1969664692487667935
1969664714746839520
1969664740747329668
1969667467757961690
1969670970689671670
1969670993171137004
1969679339076878493
1969690763828326600
1969702786804875698
1969719155818643482
1969755996051447896
1969775403826053411
1969792430200549856
1969793120423539035
1969794676569055355
1969794687054848057
1969800045068525952
1969801920383783121
1969801923672084611
1969827390437405062
1969830249337856166
1969830472021868822
1969833246302351409
1969834611795746863
1969847894992933313
1969847968527474731
1969849594004865367
1969960611166491111
1969964859832873338
1969982489369219337
1969983408206959061
1969984216751321460
1969984514912113021
1969984519458705584
1969994119595577369
1970000129097642431
1970006472839909691
1970009019525062663
1970009535470592098
1970013180626960850
1970014692342116712
1970017804192825687
1970023510681546768
1970026429607010716
1970029203136692593
