1806956114728133062
1806956219787104544
1806956254163881995
1806956664085450933
1806956761527578777
1806956819740590490
1806956823586734250
1806956827281678578
1806956892557570064
1806956996941275565
1806957109021475206
1806957196606922760
1806957351385055422
1806957456427241672
1806957612916699287
1806958045353644311
1806958151050182918
1806958267530096942
1806958428448764353
1806958525895090485
1806958619977527656
1806958757001167075
1806958861389004924
1806958965349040165
1806961730796540282
1806962111278391502
1806963247582486616
1806963839310987703
1806964863211807204
1806965245488857428
1806970557851635758
1806970678106849702
1806973597728358751
1806982228091801875
1806983508998631665
1806984766715211892
1806985248800137661
1806985657925197828
1806987716833443850
1806988650443579630
1806989002601599108
1806989265588596997
1806989870465995223
1806990269835039012
1806991379438129586
1806991884553974084
1806991962421301483
1806992127462715746
1806992288360669478
1806993703942172790
1806994133975761181
1806994232990970173
1806994902607380687
1806994967501357219
1807012298617471293
1807016510185161116
1807016962863829151
1807017507167109520
1807044212195758521
1807045496034460056
1807045529203085738
1807049259952554317
1807063525157965839
1807063633651957815
1807063656427057219
1807111307931308301
1807116472579440925
1807120026287370422
1807121170405486878
1807259740885463388
1807314285955276825
1807321218481307778
1807334661959606517
1807335359077818600
1807335629535281203
1807335962068086979
1807336345259692308
1807336682968187082
1807337504544264501
1807338239667384324
1807340702738636898
1807345609504158055
1807345623324344575
1807345703678865629
1807345797329207539
1807358758605255120
1807360798039445586
1807372600433111356
1807373061672354075
1807406886352027908
1807416650070675523
1807461392070676525
1807461530939892119
1807616647760658460
1807617133255544935
1807629620092551190
1807633926770553335
1807637017578160380
1807639909408055321
1807640956872626311
1807644177104064790
1807649265956835827
1807651592528957570
1807651906002796885
1807652403447238801
1807652856528552113
1807659933170618551
1807661063749464090
1807662585770119556
1807662707329708131
1807663676104622437
1807664112102752281
1807666776026816979
1807667340466851988
1807667707212702045
1807667753341624565
1807668131260944709
1807668465815433515
1807668980636860832
1807669374196851110
1807669732721803632
1807670194279760218
1807670528913936560
1807670827413885078
1807670951867265236
1807671214066049147
1807671375236149367
1807671459697070522
1807672209441452486
1807672518750404873
1807675311792025609
1807676568787148890
1807679083545063769
1807679496088142165
1807680907165511888
1807681281985323182
1807681392832311656
1807683274116092309
1807683599036260818
1807685368537567282
1807686809612407239
1807687321611055546
1807687827997753543
1807689730223702510
1807693718398648501
1807694519430959361
1807696794945565062
1807701493556093088
1807701839812723100
1807702302347980870
1807703969512472784
1807714405423214748
1807715185400115228
1807716010650452412
1807716932713656568
1807723861364064489
1807726414017523945
1807744024796926097
1807744545410486421
1807744994528416100
1807764311819104424
1807765488556249373
1807770847710781893
1807791358028988773
1807791875774156908
1807792478306627991
1807984412400967923
1807987564089168000
1808000336822472765
1808001768443503067
1808002802171666740
1808003753561543071
1808012676548719050
1808021267771187229
1808021272300753109
1808023110853316958
1808023115165061275
1808023118872777015
1808024826936021092
1808025098118746547
1808026984683131160
1808027779658928173
1808027783328850064
1808033897659486323
1808035293657768102
1808038336524869808
1808039324065358276
1808039851532734935
1808040258853851548
1808040711599935818
1808042035930358140
1808042993150222778
1808044346216010029
1808045468556886514
1808047998427095101
1808048559511724179
1808049263651574171
1808050036661707145
1808050852944662787
1808052296154296413
