1825017845715280284
1825017849351684465
1825017852963017213
1825034722634088706
1825036143567806851
1825039688731607385
1825057858138042679
1825061487351881872
1825063361773539500
1825063705442422895
1825063960317759553
1825064108628299777
1825064395124478056
1825064577421410560
1825065300217217409
1825067843257340098
1825072627645313169
1825072667239780640
1825087604943114590
1825087608432845210
1825089396728586567
1825089967632134415
1825090324013744558
1825090553794511082
1825090867079565547
1825090897953845557
1825108435823665649
1825129153126941127
1825129644300939681
1825129853974122578
1825139844936552627
1825148389169783282
1825157750441005336
1825157778266112095
1825158041018233302
1825158226024824973
1825164009110225249
1825165920894923187
1825175888318902706
1825179264184115668
1825180571338936501
1825184941287854087
1825184988100514106
1825185724989124709
1825185768006123855
1825185790403477517
1825192051828543540
1825192147567456721
1825192590565908935
1825196714908848184
1825197441500553358
1825197724334981346
1825199123416412503
1825199478283850186
1825200314565419029
1825203038014841275
1825205736198353089
1825206083608367265
1825206826289545224
1825206933814452473
1825207227718005113
1825207771085565971
1825207939822657920
1825209098947973294
1825209630420558057
1825211721038156052
1825212024894394586
1825214629213303093
1825214715423019172
1825215440022564966
1825215449501782167
1825216964002025829
1825217019878486031
1825217546100047923
1825217772835819803
1825218004483027364
1825219457754726453
1825219988921479458
1825220327397601355
1825220657703211095
1825221002533728561
1825221602096881787
1825222608289452272
1825223341701316686
1825224335579345147
1825224841093640313
1825226724378132585
1825227543756349465
1825229181514653946
1825230409816568242
1825230605128274109
1825230647616495822
1825230957919752254
1825231859824873749
1825232419202719994
1825234158765154444
1825240106195963916
1825240749765783933
1825244709360673269
1825247942317687035
1825249395702735037
1825249836146610226
1825250414041948604
1825314231710834700
1825389426492776852
1825390255203381634
1825395883728339448
1825397517602672712
1825398770328031559
1825403185625714868
1825403813458809061
1825414223087698419
1825414655042318653
1825416566374084979
1825421906914553946
1825424071279972735
1825424995319001312
1825425208133738572
1825425545469080010
1825425782900224413
1825426149759164901
1825426623501672728
1825426893518369016
1825427050842480705
1825427257835536671
1825427887757086868
1825428944713331012
1825428992867897381
1825429939891712408
1825429972351119399
1825430773421457612
1825431094549938487
1825431397844349239
1825432101669470603
1825432896775368752
1825433587120037894
1825433942251708645
1825434222171164867
1825435177314611421
1825435685685547134
1825437592453779902
1825438763419615626
1825438767341080963
1825438771632038216
1825439657254896042
1825444742701928638
1825448165841293660
1825448170555650364
1825448753903333624
1825449914559504691
1825450058537652584
1825452947100115442
1825453698476396974
1825456849300455448
1825459767097069950
1825460606071198126
1825460718558167396
1825461086889345040
1825461208398352681
1825461243735318613
1825461847408963793
1825472126368825404
1825487749807317336
1825488330307592569
1825491061592175031
1825491065576808508
1825491178818822248
1825491182748832120
1825494720228798880
1825495655378207113
1825505835969368372
1825506812462031236
1825507445558665366
1825508600590094417
1825511746909409536
1825512816666722783
1825513465630601625
1825513861811679653
1825514022311240001
1825514774332911865
1825515796010770762
1825516426234581254
1825517329364516996
1825517700761702782
1825518295547625676
1825520425780359389
1825520470000570782
1825520553631101017
1825520567107322079
1825522723906580546
1825534592885080157
1825536733653672443
1825544037405020663
1825548274222133352
1825552693345071549
1825556210910912849
1825556312912269371
1825556327823007979
1825556336559706354
1825556419200086039
