1189826045471363072
1189846183092486145
1189859046003658752
1189859240384425984
1189880365264953346
1189899101531361280
1189912675184066561
1189931207246536704
1189941264898150400
1189941988893679616
1189943387010396160
1189944675030855680
1190093314323664901
1190094581720702976
1190097322794868736
1190131267045482496
1190162469475348480
1190172639488135168
1190183437207949314
1190189674955862017
1190190908446142464
1190191828059840513
1190199957828976640
1190200744760102912
1190200988331737088
1190234601249067009
1190235152045101057
1190235882873221121
1190237962136473600
1190238746844647425
1190239746527657984
1190240361228075008
1190245463947001857
1190245483823788033
1190245506133291008
1190324631539830784
1190492212104069120
1190515513111150597
1190528116868825088
1190531268292669440
1190533009855807489
1190533316895625216
1190533409115738112
1190534620837597185
1190558594296532992
1190568819544051712
1190569306678939648
1190572471818182656
1190574592525385728
1190580948833714176
1190607954010992641
1190615067240198144
1190618351283785728
1190899491454377985
119114151296643072
1191196717133090817
1191216492114669569
1191217143662039040
119122481704480768
1191226150233591811
1191240592245673984
1191246821386883072
1191253525675696128
1191256254699593728
1191288389363847169
1191314878167805954
1191315508169064453
1191315828391546881
1191316409659183105
1191316572649836544
1191579483054190593
1191609337644347394
1191635186435248129
1191651557365800961
1191669882179342337
1191672815386148864
1191673626384187395
1191675157414154241
1191677228565708807
1191680570285158400
1191681236227354624
1191682318085345281
1191682964217679873
1191687372783542273
1191692527994163200
1191730844353871874
1191972171381399552
1191973534177939456
1192037020723376128
1192037273858015233
1192037494398705664
1192037703199576064
1192039487464828929
1192042096099618816
1192043524859940864
1192045491745259520
1192047129771950081
1192052381883568128
1192053828624904193
1192058912758878208
1192067043949854720
1192067983813701632
1192081491292868608
1192317892009676800
1192318275440365569
1192318554189623296
1192321297344167936
1192325416192659456
1192327515190095873
1192328477703393280
1192334182803836928
1192342948702117888
1192385716178702336
1192387725934022666
1192389357828632576
1192406761782669312
1192410101916684288
1192410474974810112
1192410886415060992
1192411995900764160
1192414434926325761
1192421692523470848
1192478627813683200
1192631440913027072
1192677644728336384
1192677847422259201
1192704331071410178
1192733660048265216
1192734570208059392
1192735022437949441
1192735814037299200
1192736361020719104
1192786067432169472
1192786776722567168
1193009430201155584
1193026309410045954
1193041224829042688
1193041409676210176
1193042167314309120
1193105149113204737
1193113640401915905
1193114743134810112
1193117828657737728
1193119367879249920
1193122398591045632
1193140808192417792
1193149681678766081
1193161110465081345
1193408575789420545
1193494811149340672
1193497219900403712
1193497260736180225
1193497294651346949
1193502749045846016
1193503750440116224
1193504929391841280
1193505871986184192
1193509628660707328
1193521488382423040
1193522688070844416
1193527735605313536
1193766613138329600
1193778295629762561
1193808018384678919
1193854916139184134
1193947401792286720
1193947597792145408
1193947805234036737
1194132308384612352
1194175015857471490
1194178181353197568
1194206156987650054
1194246136116080640
1194246950108848128
1194248613926277120
1194253305657999360
1194256570407772160
1194311418276802560
119437800406925312
1194444965289480192
1194478968226734081
1194516410182987777
1194520812146982912
1194520823958097921
1194529355419930624
119453247550390272
1194798497083449344
1194800285245296642
1194805432755220481
1194842247788843009
1194843270183915526
1194868014379761664
1194868304214519808
1194905548480581632
1194914477621170176
1194916895427706883
1194923947726274560
1194924188965826560
1194925039734276097
1194983613416103936
