1944912536421150869
1944912823219351665
1944934082598855163
1944939166619599211
1944941955261325317
1944951811053437136
1944954093853925717
1944958851171934546
1944968477917503761
1944968580426293519
1944971300901990431
1944971318375669967
1944971407340748839
1944971871243620422
1944972078362583410
1944978839504855253
1944979102856798572
1944979582831989147
1944979798671192139
1944982809678111144
1944985219964264556
1944986697931829671
1944998473025105992
1944999104897278097
1945000309786358130
1945002526102970799
1945002602707513688
1945002657774551429
1945002946334220663
1945002961286857137
1945003038386565388
1945003242691145808
1945004470502412687
1945005405182243062
1945008741012660400
1945008770821607736
1945019880006201627
1945027460384391481
1945027632870854834
1945027651984388403
1945031357370925547
1945034635106300255
1945036667699486924
1945038012037128618
1945038121659138088
1945038128021954587
1945039591427465548
1945040450856833367
1945040459161645440
1945040865015026025
1945041500255244431
1945042072471220406
1945042587582091427
1945042841853469082
1945046396404428844
1945046402880454689
1945046476717007347
1945047905867588048
1945049093681614875
1945050823177674962
1945050880421576851
1945051039977164842
1945051087351796121
1945051755454054886
1945051760441061664
1945052000996962425
1945053587115036690
1945054460507550070
1945055227763200118
1945056136295502015
1945057538535219572
1945057913828954211
1945060181018071292
1945060538620236277
1945060749497208929
1945060995195363621
1945061442727608729
1945061715650953671
1945062017355661385
1945062251490123887
1945062638293045367
1945063069614211343
1945065242129482135
1945065578403680513
1945071313779089575
1945072543699808583
1945072547973791900
1945073514836267194
1945073971252085020
1945076477743018193
1945076773760147670
1945077209540055360
1945077747493298509
1945078272112353357
1945079798360871084
1945081112575021562
1945081440296951989
1945082013624754577
1945084441262514623
1945084782875992299
1945084873040900525
1945085296003178988
1945085442509963391
1945086142497292788
1945086376870859232
1945086381610656009
1945086899393323522
1945087785385283755
1945088380984754511
1945088918891708686
1945088987737043282
1945089086449996132
1945093387670917320
1945097809633345749
1945097995730473042
1945099906785710150
1945101089398759791
1945101478407839883
1945102347065049108
1945104373337743446
1945104726078677431
1945104738191618307
1945104956496994692
1945105507150069855
1945106020834877908
1945106356593139781
1945107443358331334
1945107853687112108
1945108317618999367
1945108919140983073
1945110444911517750
1945113781215826301
1945121347304063188
1945121814553694417
1945122088211054785
1945122454097068526
1945123215434768724
1945125830662758844
1945128334792515662
1945128964353048677
1945130660286366071
1945130977052811625
1945131234977316882
1945132047309398377
1945132443658252402
1945138233479741583
1945144219116425674
1945144451845755043
1945148776332837216
1945150549504000236
1945162933803106605
1945174642492366950
1945176577329029354
1945234168885207465
1945234391984198022
1945279714844664108
1945325014879814033
1945326093377880565
1945338336765218844
1945351046840377451
1945352099853951140
1945360482409316499
1945361370871960015
1945363098988372246
1945366629002699169
1945368731150114871
1945371560535331314
1945372253589221474
1945372301278740788
1945372558263771330
1945373077103370462
1945376849422639536
1945379153588387846
1945380690763125131
1945381194406764862
1945381547432915301
1945381932117741942
1945382240172507362
1945382832873841067
1945384481596256485
1945384701797261814
1945386953576472963
1945387979046051940
1945388553456001414
1945389076397613561
1945389689080570196
1945389958925312349
1945390054521889032
1945390227649876022
1945390959912509610
1945391566073311728
1945392076562293081
1945393591570063616
1945395086537474067
1945396047033065759
1945396202809516045
1945396796983009649
1945397705704137124
1945397956473184674
1945399094505304353
