1871174912486031430
1871175630307664109
1871176617470611792
1871177271320662416
1871178680371937562
1871178761561075742
1871179269541683283
1871180601770066287
1871181426714177711
1871182978367586643
1871184298298220577
1871186573179666755
1871189313691742524
1871189610174496921
1871189626909802602
1871193999782158628
1871205448118133111
1871206133345747333
1871206152702419335
1871206163217633564
1871206211443630560
1871206478272709038
1871206505992909156
1871207020277498121
1871218303127138514
1871218343098872235
1871218378410770720
1871218400783106184
1871218612469665812
1871224216852316478
1871225645994537356
1871237729507524971
1871237739687100897
1871246020413415818
1871247102095004086
1871247911516004564
1871251104953983324
1871253245961941245
1871373274036527379
1871388620948668444
1871401982533177409
1871402358187667857
1871403626788458859
1871404479473729558
1871406697387819023
1871407212641268020
1871408247682281619
1871408725799416309
1871418907560698081
1871420635299123408
1871420834113593808
1871431187853431048
1871435963806953570
1871436747131019283
1871437498943164443
1871439633516794299
1871450543622918529
1871450753887604942
1871455353071927742
1871455418977079557
1871456646511444027
1871456931828978022
1871457925597974595
1871458627766366259
1871459452823679129
1871459837370155483
1871460667057947110
1871461199147331950
1871462431014432877
1871462971924500786
1871464759754919946
1871465973200633897
1871466154717528148
1871467075497267695
1871467806694539331
1871468566668861450
1871468571139903824
1871469736376287552
1871471416920731985
1871473414835454168
1871475137318637676
1871475470136713333
1871475944680268013
1871476617014608189
1871476710505599115
1871477439869915456
1871477930817364166
1871478119905054881
1871479128505123308
1871480195246694411
1871480719840825734
1871482294864584949
1871482986350387556
1871483222229729568
1871486239234310432
1871487732247040186
1871489242532057579
1871489283342876902
1871489377286631454
1871489491724009753
1871489742522499292
1871489849808548184
1871489858214277540
1871490008701395212
1871490879464386802
1871494546519101601
1871495759084019847
1871496693268832477
1871497287870095858
1871497762182926820
1871497945025302597
1871498169101730039
1871498951796592875
1871503676420079754
1871506951873724441
1871511362767331353
1871512281542209792
1871519131079782584
1871519842924409276
1871520266754675055
1871522598338912399
1871525787909939257
1871525791533830632
1871526340861796362
1871527549823750436
1871527683940905449
1871528326302781642
1871528704113029455
1871530424499105892
1871533997999943736
1871535467277275326
1871537556288115198
1871540211999752337
1871543188403691871
1871544465942536592
1871549509773496784
1871560592345206844
1871560597504147938
1871587112837140757
1871590422113669475
1871594526466568672
1871598927411322913
1871607049563562130
1871610386585448745
1871611416219930899
1871619691057389773
1871755578256892163
1871759558018039976
1871771720149049500
1871773857713164714
1871787759062729209
1871794895540924425
1871797077602353431
1871797180262158769
1871803644724801789
1871808453771137262
1871808845745619013
1871811811655512204
1871812429698740596
1871812501161328992
1871812770955751921
1871813767719436731
1871815585354617091
1871819265545994308
1871820527742132488
1871820734693245285
1871838597340610587
1871856257025609991
1871858003194032467
1871962813385908467
1872130220037181737
1872133801020977183
1872134023885283833
1872141539188543772
1872159361772216694
1872160119011913773
1872160842432844044
1872162924816683469
1872164327903605120
1872171031093457069
1872174142314922260
1872175709508300835
1872176503368413662
1872176932793774497
1872176940649685405
1872177404707508700
1872177463322935374
1872178147204251767
1872178153864810554
1872178769928270303
1872178930196914302
1872179400365789273
1872180414716281096
1872180782426677388
1872181214213456010
1872181409911288037
1872182527546491349
1872182816781529437
1872183336191565892
1872184902558560280
