1806330184733188398
1806330295999750300
1806341295507636520
1806353415133667462
1806374097623916921
1806397278682591680
1806398549892231458
1806529134685823292
1806534235609616416
1806538287584026979
1806555834203410706
1806557570687193438
1806563486904029294
1806565408788648346
1806566387676246301
1806567880668156258
1806568592454160616
1806570052151554070
1806578522368192746
1806578771321127301
1806578885087334650
1806579359517680015
1806579714833645650
1806580021227872350
1806580415244997065
1806580757936373947
1806581498294026635
1806581605261320566
1806581824086520249
1806581948724527310
1806582140878086572
1806582427336487086
1806582667380678857
1806582894971764747
1806583537908498706
1806583880083702030
1806584195743117620
1806584721562079276
1806594740965785913
1806595598616842251
1806595922396148141
1806603464497070498
1806603582348701903
1806603700762190240
1806603815975551040
1806603854705787367
1806603878781038603
1806604237771620678
1806604254884286898
1806604271657304237
1806604290565226874
1806604305270501774
1806604319686328779
1806604337948287391
1806604353509228921
1806604371041399261
1806604406604873834
1806604432311714077
1806604511680647370
1806604569746530501
1806605261190426963
1806606987704369547
1806607542388470263
1806607705785700489
1806607957268038072
1806608389616914445
1806608721969021434
1806611926342131824
1806612487619620946
1806612910074147243
1806612989749186739
1806613033105727669
1806613065351467308
1806613135056670971
1806613146226266540
1806613186008744265
1806613300349940074
1806613328318370858
1806613347867234492
1806613384638660762
1806613487597785332
1806613489869619532
1806613566235226579
1806613597254389005
1806613642571591962
1806613701669355838
1806613717093634481
1806613779225931985
1806613811140645180
1806613826916864373
1806613845798265218
1806613884117360752
1806614024996163814
1806614252968382866
1806614436181508346
1806614583627690234
1806614757340979378
1806614959076012223
1806615160886906268
1806615307394433275
1806615467693555969
1806615644821889208
1806615801929527444
1806615988373815462
1806616182696845417
1806616385936736476
1806616541916246160
1806616736833011005
1806616935850745143
1806617093233438165
1806617280842879244
1806617485652348275
1806617637707657260
1806617817937977598
1806618028848762054
1806618190179565717
1806618340701937067
1806618502435889397
1806618657408159126
1806618851289432319
1806619046141362385
1806619203549028801
1806619380852670895
1806619564826996995
1806619719549673862
1806619883223560386
1806620063343173853
1806620218894561555
1806620243583963248
1806620397843124573
1806620574906744174
1806620717858537804
1806620893301231131
1806620954644390150
1806621068859056399
1806621236196765047
1806621391265173903
1806621530144506283
1806621544486867274
1806621722848010540
1806621756578558388
1806621882388070744
1806622068879097187
1806622229866700265
1806622231247909207
1806622391934685534
1806622568502984138
1806622720833527099
1806622868997263752
1806622972796682286
1806623030638161219
1806623208340717034
1806623372816183581
1806623530851045752
1806623659395883454
1806623680254418161
1806623843882700104
1806623971925758442
1806624016652230108
1806624187046305033
1806624299681485049
1806624359763484006
1806624510555672892
1806624584327954910
1806624666700640364
1806624827693363542
1806624993098838252
1806625096808976656
1806625151988871322
1806625310968397104
1806625476020912525
1806625637589049854
1806625671831228908
1806625798318301475
1806625955621298454
1806626108879761810
1806626119245860983
1806626278202269005
1806626440155217265
1806626601525534137
1806626603402952786
1806626767299833090
1806626822232080696
1806626864347169053
1806626884039418189
1806626902435647801
1806626922761171081
1806626932156334407
1806626940780003770
1806626972610478135
1806626992541806751
1806627009587499035
1806627026310144311
1806627040075878825
1806627056291131394
1806627087584751931
1806627098191524113
1806627104986943516
1806627122334544282
1806627136725193088
