1334048519666028544
1334057395002064896
1334058348648427520
1334066116663021568
1334111012258160641
1334174710855135233
1334205719483072512
1334346922883051520
1334352273149816837
1334372148153098241
1334375347207331841
1334395856359882753
1334399091795611649
1334400045102206976
1334407960928239617
1334431318172598285
1334455208361934849
1334464302552502272
1334464831471030277
1334476348971044866
1334482014242672643
1334488979886891009
1334506990286958593
1334518141624311808
1334524216629051393
1334529825663434757
1334531447672070144
1334537836255608832
1334538794603692037
1334548547602010112
1334549812654399488
1334673477496758273
1334673705062961152
1334678277378568194
1334679676690726914
1334710085319213086
1334725142891515904
1334736346645102592
1334749468680327168
1334755609166508034
1334760023629565952
1334760214600372224
1334766796600045568
1334777706295148544
1334781288423673857
1334786865396760576
1334788960606777344
1334793380149149696
1334796407715217408
1334799117562773505
1334814385592651776
1334814434905092096
1334819580242501634
1334822764834942976
1334824740872019970
1334825596870864897
1334827945429352451
1334829851249946624
1334836940944838656
1334839302086402051
1334841663194206213
1334864838166683651
1334865024339230720
1334872514153988096
1334876568145956864
1334878558888419329
1334880811921809408
1334880860990963713
1334880993803608064
1334898806001868805
1334900722488365056
1334914641151942657
1335039516524998656
1335039535864926209
1335052914268598273
1335053126596919297
1335053239448788992
1335059949324390400
1335060000889180162
1335083814922555392
1335083928680452096
1335087765482950658
1335091793352781826
1335093055804731392
1335098774289489923
1335098907034972169
1335106662928011269
1335121087172988928
1335124661135237120
1335126871101489154
1335132408094498816
1335159327695327234
1335162560476147712
1335169664909860865
1335187683497275392
1335193177431498757
1335195465047011335
1335197981579112448
1335200498148925440
1335203014722740229
1335205531275943940
1335208048336523266
1335210564591632387
1335213937768296448
1335217667225997312
1335217856582098946
1335224807881764866
1335226194392797186
1335226355496013824
1335227604744343552
1335249314730319872
1335273939304476672
1335274459545014272
1335274783634640897
1335275009003024385
1335275940537008128
1335277122026229760
1335278534726598656
1335282116624412672
1335282411987292160
1335283198440267776
1335287015999336448
1335289358010654722
1335297391612682241
1335297470792810502
1335297507534852096
133534541829783552
1335389145535897602
1335389230109839363
1335390846733099008
1335401413577326593
1335404036841828352
1335406700019417090
1335410123993280512
1335458719937617929
1335466384675852288
1335470942240133121
1335516800449085440
1335518291058552835
1335518431441874944
1335526147942043648
1335527538022514688
1335528069684031490
1335533521792868352
1335535452690903041
1335541367909466112
1335545776882155522
1335597898675830784
1335602614847696898
1335604052416110593
1335608363871158273
1335608451389505536
1335614015691603969
1335614033274146818
1335632129720340481
1335633541414043648
1335636956332445703
1335642842224418816
1335814520166486018
1335815236348067840
1335819005056016385
1335821233611440129
1335834929242931201
1335861945300226050
1335871817974607874
1335873664911208451
1335889205864480771
1335891551579475970
1335896584769261569
1335899101360091137
1335901618135388161
1335904134600544256
1335906650981449728
1335909167727583233
1335936291133779968
1335952371071950848
1335955248863592448
1335957649276379137
1335972710539640833
1335972811383291904
1336014055094403072
1336015435490185216
1336155211363053568
1336175797887881217
1336184661622616064
1336204429163294722
1336204432397139969
1336209306643906561
1336219536555556866
1336225000454426624
1336231836872110081
1336254199412056065
1336254305070764038
1336259291762704384
1336267779738017792
1336268809628315649
1336269249585680384
1336278311987675137
1336291106502430728
1336294382434062337
