1563185172937605121
1563205890836090883
1563223051164327936
1563354691626729472
1563377774504448001
1563391395607351301
1563410944234885121
1563410979891089409
1563412392960073728
1563413252570509312
1563414284486340608
1563414853486002176
1563415116808278018
1563416459681755144
1563416471031906305
1563417763313778689
1563418164666331136
1563419620249579520
1563419670899593216
1563420289983057920
1563420742532091904
1563422037053304833
1563422649896017926
1563426267524784129
1563428064083644416
1563428069020381185
1563430139861794817
1563432126007345154
1563433048775225345
1563435165543964673
1563439382081982464
1563441528445747200
1563445325641031681
1563453126224793600
1563494273089433601
1563515919296765953
1563531248689381382
1563569275461603330
1563572515699851266
1563774513153986560
1563814964737212417
1563818608459153408
1563823352850313216
1563829867380375553
1563923305148456961
1563940860353744898
1563950118906523648
1563952828166852608
1563972948339216384
1564072008077299713
1564072925086765057
1564072964051861504
1564118832956211201
1564131447497461760
1564131614455902209
1564132136806137856
1564133239769296900
1564139131332046849
1564139134062473216
1564143821335580672
1564155147957448704
1564155875694358528
1564156925197299713
1564157934783045632
1564159387090169856
1564160131872735232
1564160555543592960
1564161169996529665
1564161181862211585
1564162145843294208
1564163452398358528
1564163648230391809
1564191256120815616
1564192602416885766
1564193775337218054
1564199662315511811
1564239500481826816
1564246429409116162
1564263508946321410
1564264736828846085
1564267557213073409
1564274606479114247
1564304944915959808
1564306211960659970
1564455878496923648
1564467562599292928
1564472062089265152
1564486079415451649
1564486095941038080
1564487457013628928
1564495522878337024
1564503898635014145
1564504291955851269
1564504805368025090
1564508121439309824
1564509072665509888
1564509076448776192
1564511239749120000
1564512661689098245
1564512727338725377
1564516728180469760
1564519209392304128
1564519212139544576
1564519214794551296
1564522454688866304
1564552787308191746
1564583992686686208
1564591733522186240
1564601179006730241
1564817135368798208
1564826998136279040
1564853839542775808
1564854434873880576
1565172545846153217
1565210814595747840
1565217956921057280
1565219481311678464
1565221816880492544
1565224734190870529
1565234296473800704
1565234456096800769
1565267443127238657
1565268925880811522
1565398216396644352
1565561054951682051
1565561408443428868
1565562079183982593
1565603081341276161
1565606699041697792
1565608001985474560
1565609679333752832
1565614993382739968
1565616288357298176
1565618957851119617
1565618963262111744
1565619196859678720
1565620332152881152
1565635853271322624
1565638104882372613
1565663016611246080
1565693469623955456
1565698286794985472
1565700914283171840
1565712046305705984
1565876622104100864
1565908262100545536
1565938982504251394
1565940193873772544
1565941201261322240
1565942320499167233
1565944484055359489
1565948617839366145
1565962589435138048
1565968522957561857
1565968650368339968
1565970378287067136
1565971076517343234
1565973275749978114
1565973483569291264
1566005102733062144
1566053812804399104
1566055092218122240
1566060192420491264
1566132844027850752
1566132878723153920
1566246730248912897
1566248488387907589
1566287602965446656
1566310138369445888
1566311245791510528
1566312843812950016
1566328033002536960
1566348532810121218
1566349264577789952
1566353078018011142
1566369083293310977
1566378595575943168
1566384677518479360
1566387588407394305
1566393908669849606
1566402861071998976
1566404335952490497
1566407355537170437
1566413024965308419
1566447572637851648
1566448170468622336
1566448293013782528
1566451135355170816
1566452041521983488
1566472079436034048
1566597737441001476
1566598867235540992
1566599652065296384
1566599707727581184
1566632631403368449
1566641934008872961
1566642346707431424
1566644272660500480
1566645117070426112
1566645650040639489
