1177155734062034944
1177165434560204800
1177176818052259840
1177176906346532864
1177190676380798976
1177190790033891328
1177191212140204033
1177198721752133632
1177199390223564802
1177216952709763072
1177237797628833793
1177238943919570944
1177419017750843392
1177441662139650053
1177475633913290752
1177515522616750081
1177525790688206849
1177527096471506946
1177528087447138307
1177529265144750083
1177531183707480064
1177531611190939654
1177533482542616576
1177533866786975744
1177554501282086912
1177555921032994816
1177556209081053184
1177556615915958273
1177585591455641603
1177586234144636928
1177586480996175872
1177608232518336513
1177630912885846016
1177667039013376002
1177836565847924738
1177871808407621632
1177879862700175360
1177912079166005249
1177948303381524480
1177953398240342016
1177986373426352128
1177987076127506432
1177992812228251648
1177993496424108034
1178000320233795584
1178166349169750016
1178168372971765760
1178170115575017474
1178188971630678018
1178264860108324864
1178272511152156673
1178274451214880769
1178291240732741632
1178326574405320704
1178341568513634306
1178378473204662272
1178493993862066176
1178514418444816384
1178537894606032897
1178544993222291457
1178550754786738176
1178551940302528512
1178552953835114497
1178553738832691200
1178554066814689280
1178554370792669184
1178555236249522177
1178556208120131584
1178556578506522624
1178560129647570944
1178562360094576640
1178601886955368448
1178648929035935751
1178649891888717824
1178675803191537665
1178725236457426945
1178729837499797505
1178920553618407424
1178933414616920064
1178948973639294977
1178955350914940928
1178957789319745536
1178961730287702016
1178961910428864517
1178975187468832768
1178980301541822464
1178981447132045313
1178993238574653440
1179003200763908097
1179007178851512321
1179010260964503552
1179018190866616321
1179026576790306818
1179027882791686145
1179076587574050816
1179082187963895808
1179084266887499776
1179090100602302465
1179138752901332992
1179240261366497280
1179250083277279232
1179250675898896386
1179505340607418370
1179619417178554368
1179620733455986688
1179621231353483269
1179623040713293824
1179624022801178624
1179625036879024128
1179625456556888065
1179628004525236224
1179628897094135808
1179629958081073153
1179631506328674304
1179636366474264578
1179638383561203712
1179646176775135233
1179649931729981440
1179693012705669121
1179708416865923073
1179709824323309568
1179710471135358976
1179744924817743872
1179750037993086976
1179951596001579008
1179952528357617664
1179965901812027392
1179983261117763585
1179984049021972480
1179984522953154560
1180012219708272642
1180021999189389317
1180022832417271808
1180043748786327553
1180059013632806912
1180318770314637312
1180320983829270528
1180324795772092417
1180339187335057409
1180346746137767936
1180349203718926342
1180350668978053121
1180418865890676739
1180428847872798720
1180447684257177601
1180507050607960064
1180548090031296512
1180734326205370368
1180757097132150785
1180812254133964802
1180836031605563392
1180840627207987200
1180866148306341888
1180872602845237248
1180872830323326976
1180873603388067841
1181048494389223424
1181049527609905152
1181054334865293313
1181068891952308225
1181089971895070721
1181156268163006464
1181409067673112576
1181415639916744704
1181440736576692225
1181449745841000448
1181487851537453059
1181498393014591493
1181548677636096000
1181549772122931200
1181753476889448448
1181756079761281024
1181793561341116416
1181818934900576256
1181833712817696773
1181878709755625472
1181889541566681088
1181927259956891648
1182132136188399616
1182159839251709952
1182183397210259458
1182184066348486657
1182188719001853952
1182194127242293248
1182260908233355265
1182262847394349057
1182265006747877376
1182267820144414720
1182269600878055425
1182486002910150656
1182541837082357760
1182554335080677378
1182596637505359872
1182612029502152704
1182623518309015557
1182630653071769601
1182844153782161408
1182867545591648256
1182905174051807234
1182905283640586240
