1800728737325134294
1800739584017354858
1800756854844535083
1800757034968891699
1800759591640457415
1800766438929821729
1800768584911860210
1800777912536441261
1800778354238587036
1800778360647504337
1800778538129514860
1800778920209633450
1800780014625137069
1800780018152575017
1800782053715427602
1800783365270053256
1800784604175143084
1800786465208905863
1800787669477409182
1800788504026415194
1800788822038646914
1800789395261604042
1800790127738044663
1800790484602036620
1800790971606786331
1800791020264898997
1800791182299353453
1800791672516907226
1800792844350984672
1800792966577148341
1800793174908240014
1800794613470621930
1800797499776712970
1800799820766200198
1800800380407939417
1800803812023697837
1800804848096649333
1800805133430984723
1800807306395013293
1800809472551788785
1800814103952490591
1800814104275529829
1800814126987624638
1800814160877605173
1800814196063613253
1800815308787286106
1800815334712315911
1800820977116512698
1800824434200383823
1800824954721817031
1800829439112360013
1800829484062609459
1800831149855715613
1800831333889184034
1800831665872482570
1800831748408045675
1800831783145226626
1800832801668997630
1800834863861469570
1800838250199965987
1800842283123982743
1800843099557740926
1800843545110253703
1800853397295226963
1800854543493898465
1800854575072845833
1800863708899635346
1800872817594114199
1800876186173841536
1800883476553691562
1800884790322966742
1800885342402429157
1800892581171351676
1800892884465717331
1800892887145804011
1800898768944210120
1800902070238581070
1800903946799898978
1800907023350907207
1800907979325386919
1800911420910973264
1800913450794725556
1800931456862011604
1801054354469785666
1801095196115112066
1801102181270999458
1801107896870297932
1801121558712459346
1801121724181963032
1801137306805440760
1801138739265368427
1801139166023229910
1801139993907441747
1801141963191902298
1801141969026228536
1801141972859818016
1801142499186258072
1801142679197401486
1801143489184641227
1801145547056980230
1801146063375769816
1801147131564294631
1801147593965346969
1801147825062875177
1801148059310809195
1801148312168657201
1801148639404040287
1801148946942710016
1801149108813791242
1801149288715841951
1801149613036208368
1801149987830505883
1801150138590859744
1801150865212096549
1801154074093449641
1801158317315862529
1801160479949353424
1801160505366847515
1801161234462777734
1801161685367189762
1801161853596492025
1801161942028914928
1801163477802704932
1801164138468737482
1801165107000402306
1801170097232593117
1801170141662564442
1801179966413086772
1801179970334831098
1801181999174148549
1801188326885470488
1801192141701685717
1801193330187071919
1801194449269137685
1801195675339915665
1801195846496600074
1801199893979050073
1801204724097757540
1801206483457384496
1801207042562236903
1801208974680989767
1801209664916599115
1801210223824367714
1801211215294660684
1801217443207008421
1801217449217372336
1801228519890166012
1801235034986410078
1801237081211175406
1801242207191511362
1801242635060777216
1801244356046651661
1801246917487112605
1801253402569212279
1801254970408518134
1801278116863840515
1801283660714594762
1801283929108083121
1801285028980429259
1801285321285603586
1801285627062927551
1801285736878276665
1801288142244454633
1801291312198549981
1801296215457599762
1801296218049679821
1801303171014541734
1801312271081021552
1801396634451845621
1801450954702917998
1801460992192172312
1801460996546171025
1801462201657503979
1801470403921031667
1801478298754814422
1801479682732224801
1801479789200502801
1801489447885705664
1801493984377979348
1801498422735777807
1801498502280974591
1801503293132444041
1801503417120264433
1801503421842751954
1801503709236760825
1801503894167765083
1801504139266167039
1801504305939419396
1801504751739355359
1801505053804740887
1801505453391933841
1801507792991252677
1801507798997733411
1801508468572176430
1801511977975415188
1801514953175875621
1801515606556217371
1801516464824062147
1801516702683041971
1801517377102008589
