2003520671222317443
2003521318713721088
2003521964871418087
2003523438418555106
2003527627446046992
2003531645945868441
2003625671382171659
2003639512681840721
2003648043221156182
2003654361621364764
2003658742055706651
2003669459874279578
2003675573554708598
2003675603413925993
2003676293288853989
2003679526283513931
2003683467478073825
2003687523244212684
2003687529011380428
2003687628466753642
2003691483413774432
2003692614328156291
2003694398694216048
2003694684863111336
2003710685910573308
2003716219816542273
2003718078853709907
2003719766381605361
2003720868699210097
2003724494922482066
2003724559506374663
2003724954391789694
2003729931860349380
2003733439863042393
2003736512626909466
2003740137449226730
2003742564932030523
2003743512484077818
2003743922057806292
2003743939703312694
2003747004166590628
2003749274409201877
2003750643341889967
2003750648479957153
2003751783299211292
2003754879710539801
2003755499397972003
2003763326619455997
2003765635420233977
2003767824133816746
2003768138220052716
2003769801400041579
2003770568253026500
2003770931525923218
2003771439682609635
2003774704784654843
2003775814115238331
2003775820809318460
2003777724020883895
2003777912579961139
2003778409164583082
2003779339146686803
2003779344087584793
2003779463071637573
2003780860529832446
2003786333756838198
2003791003942339048
2003792137499140405
2003793700464509288
2003797863097356725
2003802356543303990
2003802846765125979
2003805082396295576
2003805373107716243
2003807307403243687
2003808719008829448
2003810602997973364
2003812712573465057
2003815671600382016
2003818915391209509
2003819384926785820
2003820119521403148
2003821565897810112
2003836946536452430
2003838426140033416
2003869787580256734
2003877031470420228
2003877399654814000
2003881673604432121
2003881707116900616
2003986549705167315
2004016751088931051
2004031849623179321
2004058902653243570
2004058957065998781
2004060965231595605
2004061013298299131
2004069603454890267
2004075300465021207
2004082045136654562
2004085897047003267
2004085903380435054
2004086225460998329
2004090372189036781
2004098087216959971
2004111162515099948
2004111646210601068
2004112373112885639
2004112764982423651
2004113411454664923
2004113512663286071
2004113520926085147
2004114106513842638
2004114652415041928
2004144644498805015
2004153610524086325
2004153816518975727
2004158346715349372
2004165501673681186
2004183095097106536
2004197376752603352
2004205588771983745
2004206870802977046
2004206882706411901
2004209026809450541
2004215413866115459
2004218803480330508
2004228802524991965
2004228878320177318
2004228904555557001
2004348938808402097
2004360679411855780
2004405298237526235
2004413109772128558
2004416348722799009
2004422058080645495
2004432228374454275
2004435908683301116
2004436759804105130
2004440014412042716
2004443329560506620
2004444536941301763
2004444617366995449
2004448613813178657
2004450650760139064
2004451507769692166
2004453282094452956
2004454285367758877
2004455384715796843
2004456429508612368
2004457583739089307
2004458137269817698
2004459753939128351
2004462240188313658
2004462986468249771
2004463528787497468
2004463906769740048
2004464295959232531
2004464737426477432
2004465111294173537
2004465522092790166
2004466850797871115
2004467843518337324
2004467971578884389
2004468104592839066
2004468274873225318
2004468387335037252
2004469813868220637
2004470251996807357
2004475480389619955
2004478359473140114
2004478980544700682
2004479711213437185
2004479722953351453
2004480381136027996
2004480665535103109
2004481159930188049
2004481705252704702
2004483006254461129
2004483773615022342
2004485550653452690
2004485558303879591
2004485562691121523
2004486223059112266
2004486582263480783
2004486613880156185
2004486649909256653
2004486956307333380
2004488971125182572
2004488977106252037
2004490623869657468
2004490629016150266
2004490634053431406
2004491495496462404
2004491685628371160
2004491777156534718
2004491954042949681
2004493555923136943
2004495303467221056
2004495308827623639
