1273844680627679232
1273844751679143936
1273856536897449984
1273859780411449347
1273863786206687232
1273866207108624384
1273866326851768326
1273866383613280256
1273869553706008578
1273869855867822087
1273874591358652417
1273875884978520064
1273877806439477249
1273884672502554624
1273905259799142406
1273905384713973760
1273936212005318657
1273936414070075393
1273936888080953344
1273945094643527680
1273952705455599616
1273952920048857088
1273954473958756353
1273954567311355905
1273954904046923776
1273955115980865537
1273988960868425731
1273989143110938627
1274020093362495488
1274020126187065345
1274163062296068097
1274167380038479875
1274186824479473664
1274186856565891072
1274188631993757702
1274189155451285504
1274192425368485888
1274208850715897856
1274208982123462656
1274209016399269888
1274209220401836033
1274211800850956288
1274217629461299207
1274218215736872960
1274271356545200129
1274300639066161152
1274301051911507968
1274302383846285316
1274320900163166210
1274326689896558592
1274374545487478785
1274374596335042560
1274387546621919232
1274388641347846144
1274388954700083200
1274573716433715200
1274576139617333249
1274577081268006912
1274578104590102528
1274578530186084358
1274582355210932225
1274593821599260674
1274593828905705472
1274598230785880065
1274629441994424321
1274632884851101696
1274640441036599297
1274641609468985346
1274643164016463879
1274643253418057730
1274660239258730496
1274660579005722629
1274660982032199680
1274665118643613696
1274665385107664896
1274677996582924288
1274680411516358656
1274684061194178560
1274691554385334273
1274697205278859266
1274725382021734402
1274725396219486209
1274769106999238656
1274769123004694528
1274884358755647489
1274889338426257409
1274931290286899200
1274973836333576192
1274975946034962433
1275012331085283328
1275013927525470208
1275014148095533057
1275054828473835526
1275054843804057600
1275066551712968707
1275068715835338752
1275076037819289600
1275078366320713729
1275078963530883073
1275104981675241483
1275256691223744512
1275263186640310272
1275264088273154048
1275266138046259202
1275313809104580608
1275313942319951872
1275313967691374597
1275314006253658113
1275314047441727489
1275350356642258944
1275357114505068545
1275357548191891457
1275357551375286276
1275358986154450944
1275359338203414528
1275370559698636801
1275370891161923584
1275370934279401472
1275371108087197696
1275371925758341120
1275372008520290304
1275385678180712448
1275396206722641920
1275396599145881602
1275420731891843076
1275420784324866048
1275422006666620929
1275611468168220673
1275612031190577153
1275618768849231872
1275619539162550272
1275621475056144385
1275621561458765824
1275621668711350272
1275622253955178497
1275685856070811653
1275702400083517440
1275702485857054720
1275713244213248002
1275748143804473345
1275749533977202688
1275749724516057088
1275750156059594753
1275750726229086211
1275760968081870849
1275773883560235008
1275823871900303360
1275823878799978496
1275836791287734272
1276017592319086592
1276036362118950912
1276045446297915394
1276050112846770176
1276050122393059330
1276055339369025536
1276055557141454849
1276061990268448769
1276062074876030976
1276062257915412480
1276062817917919239
1276063460351041537
1276063762412257280
1276063855089602560
1276079795101741057
1276102426416668672
1276102731661316096
1276102821465620481
1276102967939067905
1276132356139540491
1276149436108943360
1276149437988048901
1276153903910969344
1276154021997432834
1276154092252004357
1276154149332287491
1276154210795556864
1276159795989487617
1276171591290888192
1276171689659793410
1276172002764574724
1276172143617691653
1276172323339395073
1276172384119033858
1276172583268839425
1276172809299824647
1276173028175446024
1276173920928845830
1276175390369705985
1276176129590652928
1276180250917924864
1276202607174807553
1276343662473928705
1276343847442722816
1276354143427260416
1276354352706285569
1276356290856378368
1276356399602135041
1276398039620399110
1276411024107646980
1276413355247276032
