1313298874740604930
1313301487972282377
1313308708974129153
1313314464473608192
1313319561207324672
1313328349989621761
1313328397813116928
1313337410571264006
1313338777176141826
131334262996733952
1313352594597658624
1313355199482744838
1313358290789650433
1313361482436898816
1313364994784858114
1313367457030045696
1313367934719254529
1313372765957709829
1313393927009918977
1313420559598804992
1313421154145591297
1313430331467264000
1313431573346152448
1313432625868988416
1313433916343152640
1313451614284312576
1313457456027062273
1313464262187053056
1313485512431337472
1313485518706028545
1313485526025015298
1313490652127211520
1313493987186094087
1313494582835982342
1313504250438119425
1313506192069545985
1313506679808425984
1313514830024732672
1313515080701542400
1313541663013310464
1313663256066551809
1313663680626659328
1313665302861762561
1313667575948034048
1313668095072854021
1313668406403448838
1313744256742289408
1313769855636566016
1313781142181437440
1313781342669205504
1313781504607088640
1313785938300948481
1313809232303591425
1313818707563438080
1313821341645115393
1313823908521418755
1313834093356875777
1313840365816799236
1313858215042412545
1313859508788109312
1313860358528884736
1313871098409185280
1313872522828378113
1313875972895039491
1313897880629833728
1313898811840819201
1313899625225441281
1313900427377692673
1313900829141737472
1313903629401649152
1313905244254814208
1313908040135962624
1313930218248175616
1314028099625840642
1314046504428945408
1314063239127343104
1314068430643814400
1314079439991402499
1314100171584667648
1314145886398631939
1314168044336279552
1314174769302892544
1314175450206236672
1314187019283648512
1314187862003249152
1314187884807684096
1314188131625705475
1314190536039968769
1314191141680472064
1314191295376572420
1314193530173054977
1314195331542810625
1314197891771109376
1314222282680594432
1314248527078289409
1314258532200407040
1314258661028491264
1314377541071900672
1314384312238833666
1314385024096010240
1314385057130438656
1314385069973426177
1314387861958021120
1314388109828722688
1314410953077710848
1314411137916575746
1314411855780048896
1314417080309932032
1314419297775620096
1314420068579635201
1314423040441114624
1314423078647066624
1314431416701124613
1314445065943576576
1314446491361173504
1314447925783691264
1314461359640207361
1314462134768562178
1314463152155750401
1314466714956918786
1314467181644574721
1314475927468867586
1314495976875335681
1314497903780491265
1314514035333685248
1314536861742764034
1314540166560636928
1314553639462207489
1314558195143065601
1314559757412306944
1314564592970858496
1314564625585696768
1314575216031358976
1314600288901230592
1314600291593986048
1314600294542569472
1314607474893156352
1314609447751147520
1314609574956068864
1314609582623268864
1314758707419414535
1314774853652627457
1314776969494446086
1314778071745007616
1314778460221394944
1314778938015531009
1314782613035380737
1314803047869054976
1314838624756662278
1314842053566590976
1314869118487519232
1314872282553098241
1314908644543135745
1314911925814218754
1314922520110194688
1314953342028705792
1314961915567693824
1314962409006616583
1314969491424505856
1314969604809089026
1314969972045537280
1314977067218341888
1315112055779725312
1315112218409664512
1315129379010220033
1315142195188428801
1315151047241814016
1315151063893204993
1315151076476153857
1315152025227685892
1315209703392079874
1315224170381283328
1315267006887653378
1315278073919496193
1315285932535234560
1315286370290528256
1315287130571112453
1315288570010066945
1315309077866704899
1315474479150055424
1315474593277071360
1315561695574540288
1315562380605100032
1315562383616602114
1315563760233246720
1315574276829798400
1315577476450402304
1315578679032864769
1315583209782951936
1315596426794074112
1315599537633849345
1315602450896752640
1315604862281740289
1315608621531635712
1315611509494439938
1315626022314766336
1315628079092396032
1315628088814755840
1315629804599697408
1315659186068365319
