1991880682889748626
1991884939609227337
1991885310645657761
1991887023788224858
1991888395057143911
1991900606102175976
1991904934812618765
1991906014103523804
1991909566607737283
1991910943861952916
1991916377276563685
1991916397224690009
1991917887104446965
1991921605291941899
1992018941435080732
1992035302731649383
1992050402406305980
1992058703634149867
1992065505042243688
1992065610214203658
1992065677814046958
1992065710584127807
1992065777135243664
1992066093796700320
1992066136066928783
1992073050163146836
1992073050464944152
1992078051082133948
1992078085802651835
1992078135698071891
1992080601818788311
1992081494865781094
1992086931514310690
1992087012472664275
1992095697110520282
1992099693682462876
1992101834941763821
1992108872564380118
1992113588639773137
1992117590815318142
1992117596767027278
1992117601456308281
1992117840569340071
1992121448564170867
1992126420378874196
1992132164520190160
1992133525592817744
1992135454351880679
1992138364825604585
1992142598644154659
1992148607848624136
1992152461893890314
1992155975621693634
1992155982168985975
1992155985381822944
1992157605180162252
1992161884980785574
1992161949459865941
1992172724467425382
1992180516171419913
1992181029101285609
1992181650525159562
1992184930080887241
1992192580793340391
1992203291921621071
1992205138648543674
1992205143899853025
1992214433964360146
1992214556949823572
1992225478091108679
1992235202534400451
1992235935778693124
1992236190049960397
1992246810740687282
1992247306595467521
1992251408176087095
1992251506582790504
1992252519591104725
1992255119854014811
1992255178221965598
1992256686548210133
1992256877280084095
1992257901894025633
1992265333013610796
1992269142129611080
1992275816273912165
1992280390137233557
1992283007257043026
1992301115883549154
1992321819257532886
1992322334041276565
1992396680294211730
1992411373968802030
1992411385893159352
1992412352789278912
1992412360368431613
1992413595469238411
1992419833095286858
1992430496371146844
1992438070923407688
1992438117366935905
1992438948891938835
1992442468055576598
1992442501601595710
1992442942947221683
1992443226712932818
1992452793882611952
1992452972236955650
1992453269827047557
1992458145487262050
1992460219285393578
1992460249597710684
1992460268073529502
1992473050894495816
1992479074040852602
1992479078906216605
1992479082685292767
1992480734443909383
1992495833712132338
1992510933747241186
1992525547956744643
1992525550657896512
1992526034760286675
1992526043618705856
1992527067758612969
1992527257022456004
1992537299863908851
1992539503710638587
1992539739380207656
1992541134510555436
1992543160375947579
1992545368257826907
1992556234063675591
1992564022311563551
1992564489636753865
1992570523268866191
1992584903565905966
1992586432863678581
1992612017258352760
1992628082780647713
1992630955853664737
1992631049592184878
1992637228993175674
1992751015225885112
1992760075577180287
1992775177315196938
1992782724822634562
1992790280475488529
1992797825898303760
1992799777701171257
1992799780431646906
1992800404665696610
1992804458452091390
1992805374739546212
1992811754754375881
1992813383431958892
1992820474339066144
1992824559800844485
1992831004235698207
1992835279259095045
1992835577046315383
1992839105080696930
1992839773053206741
1992843421195907171
1992852617475797036
1992852810258612227
1992854069040521268
1992855043020866030
1992855092303896862
1992855127028637950
1992855145722618362
1992860466037846186
1992860942028468378
1992861268122935786
1992861273969836136
1992861997676048713
1992867911065833664
1992868882139484224
1992872983032140001
1992874402300784888
1992874478083440827
1992875744398356834
1992875908701835611
1992878082479534274
1992881916044034206
1992890471333724438
1992890669145489748
1992891834864119883
1992893319047995831
1992893324634751434
1992899068918636751
1992901398460318130
1992904141648367807
1992908692740829532
1992911146345742537
1992913235532784079
1992916767023526321
1992916930882330849
1992917361469632992
1992919786842665076
