1537396007968813056
1537396922083790848
1537412208170508288
1537413327865118720
1537413361478307840
1537414479851696129
1537423289215176706
1537424515273084928
1537428562008887296
1537431210514784258
1537443252617457669
1537453297422204928
1537453591778455552
1537456130599059456
1537457113110556672
1537466614278303749
1537483085540773888
1537590749696753664
1537601753385824256
1537605315885117440
1537605385560784896
1537605584865742848
1537605632085200896
1537605647671476227
1537606860895043585
1537606866905497601
1537610806883364864
1537613278192357376
1537638754269032448
1537638922221944833
1537640234162065408
1537641091918245888
1537641148315242496
1537641250924679168
1537641323964276736
1537641437986451456
1537641546530844672
1537641872235327489
1537653133295624192
1537664300562587648
1537675953555374085
1537675956415909889
1537677421410807808
1537688811378880512
1537691991680557056
1537730345122299904
1537730451816988672
1537733081029054464
1537733263510609920
1537740758027214849
1537741398606487552
1537742929740980224
1537760586083500032
1537775306903126016
1537777086072496128
1537777196076371968
1537777209317871616
1537777228045357056
1537777258911346689
1537817849535770624
1537817930120843264
1537820691235364864
1537836620002471936
1537836674805141504
1537837100841566208
1537842001680355328
1537843801191895041
1537843988199182336
1537844069941903361
1537844146039230464
1537844199298502657
1537844219770875904
1537844301773697024
1537844388822274051
1537844480552087552
1537844793916608512
1537844870630428672
1537844934669021185
1537845065795571712
1537845143801171969
1537845284872417280
1537845485028773889
1537846042640584705
1537848521990107136
1537849257427816448
1537851327966900224
1537851733421854720
1538011312705662976
1538011397615140864
1538011539093221376
1538011851627597824
1538028841175658498
1538028897089904641
1538041144944529410
1538068060644356097
1538069232927133696
1538090267793711105
1538098856218734593
1538098953346256897
1538100954448678912
1538101756319928320
1538101957017366528
1538114714177515520
1538119774852354048
1538119958571323392
1538126651384803328
1538136034436784130
1538140195064647680
1538142760875659266
1538142976165089280
1538143495768002560
1538143726035271680
1538145346525597696
1538146603156271104
1538147308046778368
1538147480948604928
1538147524087017472
1538147886529396741
1538150591532527616
1538151921894076416
1538154383934095360
1538154851255078912
1538157511097757696
1538163669372383234
1538170475683057664
1538172279758020608
1538179442547507200
1538179480807964672
1538180073962217473
1538180566587441152
1538181247029026816
1538181313110286338
1538182895914823681
1538192083000782848
1538215378845073414
1538341200393998337
1538357140561178625
1538357373063995392
1538357436414799872
1538357643747610624
1538369816117268480
1538389590658076672
1538390487823855617
1538407269582352384
1538408551265480704
1538411659102146560
1538420594697392128
1538421037326430208
1538430544278478848
1538430721102123009
1538438297378181120
1538448597200404480
1538456357304606721
1538462829791313921
1538469068357128192
1538494925142388736
1538496878274555906
1538527911187058689
1538528022659117056
1538533998732771328
1538537358328401920
1538537374392627200
1538537456085000194
1538537622489862144
1538539049660493825
1538544684288471040
1538550285303394304
1538557793816281088
1538564435760910336
1538584321950633984
1538605083709304832
1538607579982856192
1538608355371274240
1538608924211159040
1538709703613902853
1538714910376759296
1538715020322021377
1538717089053409280
1538743451319418880
1538743494990495745
1538750131608375296
1538753214224695297
1538761776593920001
1538767570173452290
1538773802871496704
1538781285472403456
1538784503451119616
1538786564637343747
1538792919724724224
1538793781419315200
1538797354546958337
1538801018426642432
1538801144071262209
1538805734317518848
1538808438456983552
1538815143986855936
1538818968990781441
1538819763983380480
1538819994321944576
1538820042187411456
