1246865233315909632
1247015579052937217
1247026314881597442
1247034115758542848
1247036136968482816
1247036541194518528
1247037091906633728
1247037169434124288
1247044733379043330
1247046057143353345
1247046151741693953
1247055850771869698
1247073337244667905
1247073396086587394
1247073400087965698
1247081410336182273
1247081476933353474
1247082932826599424
1247084828513587201
1247090070034604032
1247093246737539072
1247093259806990337
1247093272142471168
1247093284536635393
1247093298549800961
1247093316987973632
1247093330199998464
1247093342107623425
1247093355315675136
1247093369764900864
1247093384927305730
1247093422550212614
1247093445547573248
1247093460676440064
1247094925633568768
1247103755373277184
1247179183668613120
1247182429728567298
1247186861199462400
1247186871085494275
1247186882846318597
1247186894330277888
1247186909756964867
1247186934625001473
1247186946985562112
1247186961426604038
1247186976085643264
1247187023896514562
1247187048135397379
1247187078909050880
1247187089994604544
1247187099603763200
1247187135276310533
1247190016708788230
1247190431823249413
1247190701781155840
1247193295719215111
1247193489009508353
1247193774310281216
1247194088623034373
1247201240213151748
1247204106617282560
1247206200292360192
1247210286454464514
1247246074957287425
1247248291248525312
1247248496555462656
1247251524410990592
1247252244929507328
1247253772893433857
1247368806239883264
1247370275521310724
1247371071822516226
1247371304681914369
1247374681541206017
1247374725489123328
1247382781908242434
1247387320598183937
1247398181895155714
1247412635840081921
1247417877273038854
1247433983312322560
1247436615024168960
1247437239950299138
1247444181364047872
1247444255464755200
1247444399883046913
1247444805140877312
1247444968253190144
1247446872131698689
1247447287925600256
1247454715572416518
1247456162338856961
1247456226184585223
1247457752814735361
1247485799051988992
1247485950307041282
1247486668065648640
1247506459086041090
1247506491822583809
1247506511179296768
1247506525045710849
1247506598609580032
1247506608755585024
1247506634676428801
1247506655949938688
1247506696622075906
1247513737189158920
1247517589460287488
1247537557744709632
1247537561993535492
1247540744878882821
1247568660094316544
1247574779810340865
1247704547524411393
1247705065332150272
1247706341021548551
1247710056268697600
1247711596719333376
1247711803301408768
1247731721354629122
1247734356551929856
1247738344793968640
1247741568020172801
1247790307065786374
1247809046465269760
1247809679486595072
1247819861520273409
1247843678548135936
1247855657044168707
1247855720998961152
1247878543058456578
1247878595378216962
1247878961817767936
1247879703144226816
1247879736677691398
1247905490379485190
1247908239737380864
1247926403229609984
1248083699578449921
1248084017045372928
1248084410437525505
1248103498886967296
1248103881449418755
1248112087294853120
1248134356498935809
1248162724661485569
1248163522145480704
1248179001874477056
1248180148718862337
1248182047211806720
1248182352792043521
1248234382613233667
1248253734808965120
1248253870289162246
1248266851521445891
1248267527790067712
1248269382817656833
1248270522435211266
1248274776411389954
1248281623851753472
1248289122973708288
1248298698208993283
1248298851556941825
1248298985187471360
1248299284576874496
1248419305886068743
1248434070746365953
1248434511039180801
1248452025777414144
1248516708618227712
1248517638784831488
1248552889762467846
1248843969028472832
1248844371396423680
1248844536492650497
1248847578164129794
1248847681348239361
1248847691133509632
1248847708581810176
1248848566849699841
1248853056092901376
1248855006561759232
1248863293793423360
1248880205541720068
1248897173049069568
1248902598351941632
1248913734027735041
1248924347240087552
1248924451812421635
1248928311712944128
1248930416448294912
1248936971650490368
1248937537470525440
1248941813915934721
1248972716373311489
1248974575884328962
1248977073911160833
1248977285677371392
1248984019934609410
