1464858048455843842
1464863915070746631
1464865751077036032
1464867623028473856
1464868908616196105
1464882383828643840
1464882644483665921
1464882667116138499
1464884400693268485
1464889158556520452
1464891840801361928
1464893366261350403
1464906453592928256
1464906600049610752
1464908513516273666
1464909162106683394
1464909594732367874
1464911442327470082
1464911573932134408
1464918204304674823
1464918726004776961
1464921299554222086
1464926488914845698
1464936519085350913
1464939888592130053
1464939935920652288
1464940450301628427
1464940546724548618
1464973263407247368
1464973305186639872
1464973315953496074
1465019561002999813
1465020189368406017
1465020240878735360
1465156639598661634
1465159904289644554
1465161935092027394
1465162121314922499
1465162392543789059
1465163064018280457
1465163181798531076
1465163638847594499
1465163934021738506
1465164625717067782
1465165690285879296
1465186208976302083
1465188187249143817
1465195869687349254
1465209116087910400
1465211859108126720
1465217637181321216
1465223243149627394
1465223450532868097
1465231128323788801
1465232972215291905
1465234191163953153
1465234349436010496
1465234550573846532
1465234809605689346
1465234970532716547
1465234998747746309
1465235206919516161
1465235476869042176
1465235797712334849
1465235991061413889
1465236148129701892
1465236148582711299
1465236270896979972
1465236463033802758
1465236557967753219
1465237102203785220
1465237797166485505
1465239314955071493
1465239622863056897
1465240277073813504
1465240575217524737
1465240648735285254
1465240876905492487
1465241445267226628
1465242597622878210
1465242800182595584
1465242930822606850
1465244043797925891
1465244088089780227
1465244984668352514
1465245186758365184
1465246725002514439
1465248628113489921
1465274895785283584
1465275071686053892
1465278242185572352
1465278465779789824
1465288630222475268
1465288687311200259
1465288941976780804
1465292810131673089
1465294462058332168
1465297020093026304
1465297023045750784
1465297025524658176
1465317044719554560
1465317597944041473
1465318969896673281
1465319019037085700
1465319063895244811
1465319110703607815
1465319157042343941
1465322542357368841
1465325129823440899
1465325833820639235
1465326872875520000
1465327866468470785
1465328846966640640
1465329148910440454
1465329223929786368
1465329254405586944
1465335240893681672
1465335298259255307
1465336104052137991
1465336789405556740
1465339455779131392
1465346596992737284
1465347420397527042
1465352898292842498
1465362410420637696
1465366860287799300
1465366957629194241
1465369136008028163
1465549263576862721
1465558550881529856
1465560078354825218
1465562300748730370
1465571427281637379
1465572726584741895
1465573372738166784
1465573646332694529
1465574401059921926
1465574889449009152
1465574977969659904
1465575047033016323
1465575119628079105
1465575174531473411
1465575214553571330
1465576004265517059
1465577095736692741
1465577184861384705
1465577782721724418
1465577840603123716
1465577914661949445
1465577960149184516
1465579255505379329
1465582347303096321
1465584268097118208
1465586062256848898
1465586110873042946
1465587211118669829
1465589163495870464
1465590527663886336
1465591666287415298
1465592497418092545
1465593401705783304
1465611232950374400
1465622059216560130
1465628726121558019
1465629300984483842
1465629618543611910
1465630158136614912
1465630704553717760
1465631337553940483
1465632344384032774
1465640693800456194
1465643480105979905
1465648043374497792
1465657335947284482
1465658249265377282
1465661043581984770
1465664937196343303
1465666094299971584
1465669947325968386
1465677735422922752
1465705105718591502
1465717559857012741
1465856684157407234
1465858650581262344
1465858670281957378
1465858686509744136
1465924368064602115
1465928183409111042
1465928621290258437
1465928872554221571
1465929588723228674
1465929743727947777
1465929972384612356
1465931451388493829
1465931672642199552
1465932145436758020
1465943814086926342
1465945392822947843
1465948935462162432
1465950220827590662
