1994353888112120204
1994354033990250524
1994354444306120960
1994355485794029818
1994356269252014351
1994359579296379113
1994364009093697667
1994365616543957219
1994366538993012881
1994366847752532160
1994367062211494254
1994367283205181742
1994368427851698540
1994369383532269809
1994370790507327709
1994373223895740824
1994379906902585496
1994383674629095633
1994385353294360696
1994385517270687800
1994389326864806367
1994389592863313947
1994390477525922099
1994391147230433666
1994392406146638295
1994395110587711809
1994402270621073741
1994403886204162092
1994404743322677503
1994416576553189444
1994416712452919396
1994417530212143372
1994418262067806274
1994438897250549895
1994439811051270455
1994440065058009425
1994440897920979073
1994441404286697643
1994442535008186823
1994443020268196096
1994449237514620949
1994449509070549286
1994464908948177115
1994471599794524421
1994564465908400469
1994565219713171947
1994572018701013187
1994579566237450257
1994583842284605533
1994585614537429377
1994586957679378779
1994587237150068939
1994587285472604259
1994588742196367433
1994589082165678207
1994594664759136536
1994602218763555189
1994609732242608245
1994609763833786525
1994617312859558059
1994626602773442802
1994628093278122101
1994632414736314371
1994632416213045754
1994634946192052260
1994637291923575265
1994643476651315657
1994643806680224237
1994644816324694491
1994645467666551260
1994646369127276767
1994647086642635209
1994648445563670676
1994653471602348446
1994653677630767266
1994654331367559210
1994664867568189494
1994665471745167555
1994666780955218282
1994667221583601998
1994667981444645011
1994670866689659251
1994672092583977241
1994677625579802809
1994679093653377129
1994679667677425713
1994698703329005988
1994700366638977196
1994723070393909712
1994725552524063216
1994729352890913235
1994736593954091067
1994737264182849673
1994738710005645693
1994738713562419314
1994745565188641085
1994746075824230906
1994747691310698520
1994752483848327674
1994759986736701578
1994761707357626666
1994765390099222669
1994766281866973653
1994766320907513863
1994774424692953318
1994774443139502378
1994774470716997674
1994783692301242721
1994785841353498780
1994800223168983535
1994834427860680916
1994838465717178733
1994855279889150438
1994930878833676595
1994931885521490245
1994947237072478557
1994957052079427635
1994962336151744911
1994974750658236632
1994974756312158619
1994975706095522154
1994977687505404083
1994993038729302477
1995007022161678770
1995008641163038995
1995009298431373624
1995009631983472719
1995027407640957393
1995027459264450918
1995029387658629380
1995033807259570663
1995035384141811913
1995042312649675068
1995042591730286628
1995043362437742735
1995043395480543572
1995043430209392680
1995043769520197701
1995079268288917545
1995079499927711986
1995079963767431236
1995080070688551256
1995083930740109502
1995097959055372467
1995103045123031480
1995106169262846257
1995106844776571336
1995111569769017384
1995130223151747216
1995138368846606539
1995142690439352509
1995145889992859979
1995145950957035796
1995153510820905144
1995153662206005530
1995154526219964545
1995175909838754226
1995180243083256102
1995195071260742095
1995296793031069890
1995311895562400237
1995319439575634414
1995322340381544456
1995326999985017001
1995333783910817900
1995346097506754812
1995346100614836298
1995346992982368680
1995346996090343625
1995348331133030670
1995348712139505952
1995357191772188845
1995357193529360467
1995372289119146084
1995373962340225403
1995377060156788856
1995378214500499706
1995379278343778775
1995379922475561224
1995385469195227392
1995390033264779331
1995391107300216984
1995392628687565212
1995400736298188860
1995405754292113646
1995412465493098768
1995412857371181287
1995413487120752720
1995413908325290453
1995414372420845887
1995414437482893459
1995415067328987571
1995415622029889645
1995416653430178155
1995429573966876757
1995429920919753033
1995437386575344036
1995438564096774514
1995438578101571757
1995438606325035241
