1558347046121504768
1558348442505998336
1558350397764358144
1558352422891765760
1558355066494390272
1558356033621606400
1558358389381791744
1558358402203799552
1558369606984957954
1558372751680737280
1558374080180408321
1558376267157610497
1558376275537825793
1558377324995051520
1558378350032216064
1558378542572109825
1558379672815423488
1558380676193275904
1558380724633214976
1558380817025736704
1558383511350181888
1558387161803943937
1558388422024495104
1558388520422875137
1558399510757265408
1558400139139485696
1558403277070663681
1558403283110461440
1558405474378485760
1558406438837714944
1558408937040269313
1558412882089750528
1558423406026305536
1558423667679571968
1558430506559340545
1558434477914763264
1558434945390878720
1558455065781751810
1558458550183010305
1558462663545434112
1558479113786097669
1558479454913314816
1558479464316964865
1558485577045274624
1558489787765383168
1558522156224761856
1558527725908164608
1558648737056313345
1558670936173596672
1558672546542718976
1558676259609415680
1558676271080812544
1558677100911263745
1558680737460932608
1558680757866209280
1558715646485352448
1558718891119235072
1558729702272950272
1558731064960462848
1558731073705500672
1558731791808180224
1558746866141241345
1558748866794901504
1558749293313667072
1558753197992226817
1558794444555833344
1558839879240339456
1559003920764063745
1559003930184409089
1559006646613192704
1559017164828336129
1559034357993832449
1559035587067510790
1559036294835351553
1559036304989761536
1559036322266099714
1559037268203290626
1559038504461828096
1559039699913949186
1559040047823093761
1559047626120904706
1559049893360320513
1559052527479713792
1559052531204259840
1559052533603397632
1559052537394634752
1559052564758667264
1559053413857763328
1559053684692369414
1559054445853700096
1559058581907177472
1559060418924257281
1559061940999450624
1559063658705334274
1559069143030444033
1559074930373070848
1559075428954165248
1559080808551686144
1559081552398942208
1559099893708312576
1559110625309392896
1559111095821803520
1559111417407877121
1559114208289390592
1559147565748068352
1559170517206441984
1559179498339586048
1559186114162102274
1559188508966658050
1559206083524435968
1559426196492161024
1559426199621111808
1559426737091792897
1559427788880646145
1559428717163991040
1559430534706581504
1559434169154908163
1559437092014653446
1559437621860134912
1559440097657114629
1559440101717213184
1559440214925639680
1559442383556988928
1559443036157128706
1559451882158178305
1559454526771302400
1559458855955730432
1559462578270904320
1559464374502567936
1559464379347005440
1559487355467472896
1559489527332618240
1559489969429041153
1559491690628808707
1559492647064059905
1559492652084924416
1559492853180792832
1559500439305191424
1559501318301319168
1559502667734740992
1559503737194180609
1559506359137480704
1559604248177872897
1559624626195808256
1559721155220873216
1559721177807208448
1559751187578363904
1559763504726704128
1559774363247071232
1559778588655640577
1559782792740818944
1559783308531494912
1559783312541249536
1559784896536596481
1559785168889839616
1559794528290082816
1559797967267123202
1559799817756323840
1559803176504553476
1559804414369546240
1559804786232676352
1559805015992066048
1559808305295343616
1559813536192544769
1559813538784620544
1559815980909359104
1559818886597316608
1559820924790386693
1559821755006730240
1559823735690997760
1559866504325259265
1559868298762010624
1559880241929396225
1559884764907192322
1559884779331686400
1559886772015808512
1559892838980399104
1559899610805866501
1559906270790164481
1559906275743649793
1559912784619782146
1559924352434335745
1559931256422289408
1559951705118502912
1560105815197257728
1560110891172970496
1560115456001785863
1560143031923519489
1560143437516550144
1560147001425428480
1560149772199432192
1560150933975486464
1560152341378367488
1560174235074834432
1560174238879084544
1560181170151002112
1560185573532663808
1560187244824371200
1560202612573876225
1560204292405227521
