1976150130450485660
1976158724885516457
1976166989530869851
1976177736050979187
1976179048100528427
1976179419229159524
1976182003218448794
1976184459775902109
1976185135239426208
1976185183888880073
1976187671555825914
1976188444444430635
1976188887165747525
1976189333162823769
1976190397396431208
1976193349733490730
1976194349110300695
1976195999589859560
1976196544996249613
1976198555451990226
1976199365460099492
1976200039862329690
1976200604675719438
1976201124228087884
1976201812798505332
1976201876925493452
1976202479906980035
1976206644913516917
1976207012057711008
1976208076840587372
1976209716708565487
1976210992024432825
1976212092454642028
1976212929868345640
1976213696499339536
1976213704774664238
1976213712353869989
1976214094475616355
1976215033693503823
1976216635221393918
1976216732223283431
1976217951020704066
1976219955139051698
1976219991474307369
1976219999099637800
1976220965286838780
1976221419395846559
1976221853485236462
1976224521691725875
1976224528792682795
1976227174576263595
1976227833480610194
1976227999667146787
1976228529772843154
1976229145580556436
1976229482102235526
1976229506764394961
1976229683629887616
1976233987233415656
1976236187980558375
1976236673357971784
1976237763726016796
1976238884796407853
1976240964617609656
1976240987920871613
1976249463925768199
1976250368150601829
1976258784973439230
1976260609214738934
1976262511172239672
1976263166989373893
1976263461609910375
1976264414224343447
1976265046477926840
1976265970332094884
1976266808685744504
1976267672162570333
1976268748219977817
1976269958142361765
1976270413572563030
1976270474394075467
1976271725798228130
1976278332787568681
1976278646227960221
1976278710648185319
1976279834058948990
1976282106184745420
1976286895194898477
1976286901486174265
1976286907924406288
1976288406096506946
1976291907538911445
1976292598378594355
1976293844149760176
1976294955061592199
1976295537616847038
1976295970028626255
1976296304666915158
1976296609697747124
1976297941691224163
1976299116129820890
1976299641713877073
1976300505765933269
1976300686452175121
1976301921758810310
1976319615895732736
1976319741506761088
1976321117561462914
1976322384023126323
1976323397211812253
1976324284164473271
1976325382942105860
1976326687420973408
1976327248350527995
1976328116189675576
1976328507170140427
1976328814625161432
1976330546902073765
1976330882735800516
1976331662029095060
1976332022521135175
1976332526529700080
1976333131490918402
1976333732434133237
1976334407108788726
1976338568219066424
1976340894073881034
1976452078781465001
1976452510425677854
1976453943657140238
1976454153460396245
1976460171489706331
1976475272149950797
1976478390615146675
1976490372458062114
1976505471063253252
1976517389790609871
1976523314362474888
1976524017428463642
1976530443194466677
1976532048614653978
1976533291126952298
1976533471892746556
1976533748993736719
1976534011980943439
1976535814134772212
1976541517541261393
1976545378531942531
1976549280115724669
1976549346729656698
1976551710467219739
1976551944501252149
1976554522563707205
1976554625437512073
1976558825131180299
1976559565593281000
1976560169115849172
1976564408907403518
1976568610274365701
1976569900060811277
1976581397868396790
1976589139853312037
1976590700486820051
1976591677457670237
1976592477365936559
1976592550581702819
1976592685571166311
1976593335797321934
1976597604361236915
1976597611219161581
1976599785109954775
1976600560993288289
1976600565938573377
1976601951728013584
1976602624611750199
1976603228520505673
1976603792503460265
1976604410810884299
1976609157198516562
1976609549147934925
1976613968098832879
1976614254985044393
1976622571501297688
1976625457765495203
1976628158645628932
1976629669467394410
1976631212925145262
1976635601681084575
1976636336376549442
1976636837453312018
1976638825805013285
1976641487430684847
1976641495202681188
1976647532026404939
1976648195964010877
1976648614559862846
1976669481767444856
1976672302655037594
1976675354397090108
1976676019244613862
