1331254891386265600
1331260593567776768
1331280028475166720
1331428352549298176
1331430710108848128
1331431003810721792
1331451724603691008
1331455832584716288
1331456106653048832
1331456287456989184
1331460143385513992
1331479863144792066
1331486986285182977
1331487924517445632
1331492302867501056
1331508482596499456
1331509059783036928
1331512386499399680
1331520674406432769
1331529132895703040
1331533220676976640
1331535496208547840
1331535991497056258
1331536065027469314
1331536781452271616
1331541387083354113
1331548095256043521
1331565457287966720
1331565521439842304
1331583620738211840
1331587156066803712
1331587174794371073
1331587197607190528
1331591907940593666
1331609136623063046
1331610339956334592
1331621725943939073
1331621899512606721
1331628095393067010
1331631472243994624
1331646292313792512
1331649817320144898
1331660957429288960
1331807169629409281
1331809208040185856
1331812807575126016
1331835150871609344
1331838593522810880
1331845215796117509
133190492962824192
1331934070897459200
1331934472128892933
1331943198709608449
1331945190903357440
1331947438496641026
1331947537339613184
1331947562325090305
1331948062281961472
1331948959942676480
1331949122580975617
1331949401707741187
1331950794996736006
1331950857034756098
1331950892598214662
1331951906617503744
1331955517049237518
1331958964133584898
1331960818959716354
1331961405482799106
1331962003066290177
1331966764922544133
1331967724885458944
1331969321220751361
1331971251703693312
1331971966857744385
1331972787175493635
1331973347391926272
1331975087172435969
1331975687910027264
1331976492792893441
1331979847015522307
1331992813362405378
1331996328591826946
1332176141621215232
1332196824967380993
1332210196857307136
1332225021972946946
1332240565732139008
1332269296492322816
1332273932846526466
1332275449754312706
1332278015644954626
1332280779913584643
1332288200857948162
1332289113047719937
1332309676633903110
1332325219541815301
1332326219832987649
1332326433931214848
1332327531182125056
1332330752990605314
1332331219036499969
1332336986376400897
1332346322427396096
1332349102273642496
1332352749703368704
1332354191080124417
1332357029768298496
1332359913591324672
1332371788517445632
1332521685963079682
1332524386922860544
1332581083821473794
1332584083021385728
1332619998028709897
1332627428653502466
1332635082415169537
1332644825967980546
1332676471110787072
1332680470291595266
1332684468675510273
1332688547631955969
1332691776470085634
1332745692352114690
1332867167843323905
1332889390129942528
1332899681290964994
1332899684269002754
1332899687142068226
1332946608535658497
1332952183709450240
1332956808298721280
1332980449883295744
1332996191118716928
1332998618647724032
1333030838921961473
1333034398464106496
1333059109168447488
1333059112419041280
1333083745226612743
1333083831616765954
1333093768585637888
1333095758849994754
1333097295898836992
1333098990385020928
1333291764300480512
1333318663097647105
1333323375528144897
1333323379160412160
1333335833898754048
1333339347685236736
1333339927338123266
1333339995055157253
1333342060271726592
1333346017370992640
1333358687826571264
1333360326914363393
1333364252048908288
1333364254355779584
1333367122504806401
1333369292822175745
1333380796200095749
1333381030305177600
1333398590211833856
1333399088046379009
1333399105419108353
1333403365041049601
1333407517372674048
1333415442321272834
1333418370838921223
1333420216986918914
1333421664978296834
1333427809239199744
1333433790392197127
1333456879087882240
1333612153857732608
1333621476663074823
1333634422298480640
1333635060054986755
1333652560318582784
1333669131216830464
1333675562045300737
1333675592433106951
1333684300022042625
1333684510580305920
1333691411548442625
1333694504612728833
1333718332051054592
1333721629302538241
1333727184549101573
1333727564133588992
1333741748275671047
1333755503042650112
1333771760450240513
1333823078996996097
1333979488313491464
1333979491547242496
1333979701803507713
1333983533996544002
1334027746192736257
