1352855581959348224
1352856816514981892
1352856909926313985
1352858098361360386
1352860615140761600
1352863131773652994
1352865648104402944
1352868164741197825
1352870681306918913
1352893876156022787
1352893877691183104
1352914412198236162
1352927753759121414
1352927755759804417
1352951446044430342
1352964232430510081
1352970142423031813
1352970144058724352
1352971833348222976
1352974364766044166
1352976881214226432
1352979405765816326
1352981914521485313
1352984430999085056
1352986949569548289
1352989464100917249
1352991980700135425
1353041642442412033
1353050430477979648
1353050570840367106
1353158177496453120
1353160899729772545
1353275785814052864
1353275903032184833
1353275973869821953
1353276011698249734
1353285037723066368
1353285994661875712
1353286034310582272
1353286070218104838
1353286115445202945
1353321318364581889
1353382288030126081
1353382321697804288
1353382345454219265
1353382410172293126
1353382423417872384
1353382470582816770
1353382496487006211
1353382522265202690
1353382604091715584
1353382670483542016
1353382700422463488
1353382796740366344
1353382808996229120
1353382846187118592
1353383204946923521
1353383227315130371
1353412437119168513
135347645924380672
1353528638541623296
1353529167736954883
1353536956626579457
1353537906229604357
1353538923780321280
1353538955346669572
1353539088805208064
1353581462398799872
1353606343324700673
1353621140451647488
1353621143521906689
1353621145661050880
1353637524732669953
1353645573136470016
1353645595999670272
1353646406192427009
1353675694711033858
1353701618613506048
1353702191156977664
1353706730992005120
1353729433983586306
1353731028465061888
1353731142403297281
1353759937378144256
1353759939290750977
1353889346047373314
1353910852261318656
1353910938194206721
1353911176313270272
1353918512855719937
1353931327586840576
1353936103833796608
1353936233651695618
1353936419815907334
1353936577253289984
1353966836245622784
1353968934437810177
1353970381955055618
1353970414427328514
1353970436795551746
1353970839880830976
1353971235978235906
1353971290089025537
1353971385383575552
1353971746819305477
1353971883117486080
1353971928810196992
1353972001380077569
1353999513824817152
1353999634801205250
1354002352676638720
1354005436719001601
1354008729335681024
1354011679042924545
1354014167187951617
1354017691011477508
1354020810323714048
1354039263151579136
1354039265466806273
1354039267857584130
1354042534939381762
1354050486027001859
1354050539231698950
1354050629895774209
1354050653199294465
1354050689467469825
1354057787953864705
1354057815917273091
1354057919973777410
1354064617488703489
1354103251952574464
1354103254716620801
1354103258449502209
1354105367165210624
1354105370017361920
1354105372693336065
1354108213961007104
1354108218402721793
1354111570482253826
1354115408945586177
1354115412422606850
1354312726772903937
1354312858063036424
1354329269460066305
1354331656211976194
135435507927756800
1354369386711109632
1354627120371101696
1354632029497774085
1354634439012192256
1354634587238895621
1354635156405927941
1354637862570876930
1354676442001338369
1354677732433518598
1354678686323118080
1354678789008027648
1354679868227612673
1354681566367162370
1354681848694099968
1354723916187504643
1354737266367717378
1354741082798477312
1354745185213706243
1354755651084271616
1354755792876933122
1354784983974461440
1354786830403604482
1354789787429814276
1354824827861786625
1354853931998830592
1354993099664093184
1354993178378596354
1354993194404990979
1354998251955478529
1354998624959172613
1354998852336513026
1354998897391767556
1355064636001775621
1355076596344913927
1355077265084743682
1355151686478622722
1355155118082035723
1355158003402608646
1355160519825494020
1355163036487716866
1355165552960888836
1355172854157856775
1355173056491057154
1355173552475959297
1355173597904400392
1355180163147780098
1355180302302281731
1355198131755859969
1355207309039833090
1355209234799939587
1355354365695934466
1355380489721315332
1355383999145762817
1355387468573380609
