1858422749112172911
1858422781190324478
1858424314258747461
1858424864841081145
1858436708637036845
1858438502247244053
1858440600321691991
1858441541431554215
1858443413495963850
1858444294656328028
1858445747907092481
1858452053686673692
1858452477156245924
1858456849303175508
1858457701430509647
1858459473201041509
1858461438228267409
1858461694504341914
1858461860900790427
1858462713653157894
1858468489830494230
1858471498161570078
1858474590122438662
1858474697047888002
1858477213357924558
1858480604527915366
1858484725930737964
1858485709801447509
1858492071684030864
1858493389374906447
1858498113012384199
1858499242693935267
1858507782305300610
1858507857379160467
1858514812181107115
1858516650825523517
1858541911684026773
1858552689694830718
1858558065077088759
1858568959572013427
1858574593872760993
1858574598247505984
1858574602689225147
1858574607156211975
1858575366375530566
1858575938768040056
1858576468483408100
1858729413250105799
1858733628563616112
1858734956736114944
1858742039455952978
1858742792643899629
1858743532372246925
1858744250047099051
1858754411033772395
1858754931660124181
1858758178684760427
1858759008368423360
1858759923343179977
1858767214125740171
1858767217233744364
1858780690797785414
1858782721390375225
1858790412309454951
1858798885030031766
1858802067953033475
1858813867993796770
1858813994263310827
1858814196689105196
1858815425880138018
1858815790608511337
1858816361918853587
1858816756204400832
1858817430686208488
1858822891741290847
1858824032902410661
1858828148747694336
1858830014608810184
1858830132682838256
1858830982465679654
1858831239458771354
1858835254011981853
1858840565485543864
1858840776987603130
1858841974566252806
1858843687935242449
1858848481856942467
1858848758307618967
1858849118850085009
1858849773933228161
1858850660864979296
1858852864497774605
1858855154185105611
1858861956578291779
1858876086047928322
1858876200334115168
1858882924650832297
1858883412041625663
1858883954218332344
1858895162199732676
1858902020943470943
1858909492064514111
1858909501916934186
1859061292822393241
1859088270099181742
1859088821864009954
1859089194028855725
1859098708484518238
1859099272509354065
1859100098019684411
1859100767720010111
1859101014269587512
1859101547512426783
1859101989730480404
1859108709861126163
1859109629009293534
1859111632758337620
1859112195889742143
1859116678904500285
1859119333060010217
1859121130591985720
1859122025757110684
1859134085274497161
1859134381400748458
1859135898027446595
1859137159036629314
1859147098882797857
1859151376817045879
1859153072171458768
1859153756606403003
1859159608272486550
1859160291675902451
1859160295987454378
1859169729098985485
1859180161025114212
1859182474674467302
1859183793531240644
1859184919878025462
1859195138930851989
1859195139924938922
1859195332783206530
1859195346221510877
1859197006201159967
1859200848599060834
1859213138987749485
1859213400481628399
1859213408190820657
1859213669294592431
1859214745137799225
1859215217366077866
1859215874470949155
1859217208985182477
1859217805226520589
1859218213642670142
1859219181188837840
1859219529416802452
1859219645032747235
1859220336551895049
1859220709182165437
1859221242920026425
1859221452949766490
1859222281756774815
1859223261621666014
1859223604971688158
1859226709360623794
1859226820442546199
1859227507536671209
1859242802972106773
1859244849561850023
1859246518735106417
1859251823372017821
1859266402819146184
1859268899805753414
1859280889592807555
1859423918823788592
1859460656497557893
1859461346364166190
1859462519045357824
1859463747712188875
1859464691715801234
1859465811989258458
1859467045823447409
1859467877813977253
1859469420969820296
1859470016795771127
1859471549532864920
1859473997219627118
1859475547899994487
1859476659856109848
1859477536528650683
1859480083884646617
1859494928898036209
1859501513745551687
1859505449634287730
1859505648876257719
1859505975583031597
1859511661209821430
1859512523629748717
1859512527966831084
1859513315627827250
