1591421849053057024
1591707612026134528
1591710169293283329
1591770030802632704
1592028124367446017
1592066425723977731
1592074334226743297
1592191629670371330
1592357944381014016
1592432237940985857
1592742417731846145
159313074980007936
1593628514359513088
1594214504748838913
1594376938285830144
1594579235913764864
1594581113477165056
1595353958499090434
1596369579004989440
1596735828587601920
1596742461623537672
1596878335543750661
1597118940001730560
1597251266006388736
1597506054715494400
1598233449244291072
1598560177976127489
1598564914758815746
1599269082842664961
1599339611163353089
1599632669372870656
1599647483852124160
1599674779480788993
1600468050146656257
1601032635291422720
1601033622198554625
1601100787513700355
1601105440120901632
1601109269415604224
1601120868574572544
1601222388309721088
1601241578601091072
1601301746059718656
1601464444894474241
1601499269214928896
1601499288361893889
1601835550922928134
1601836645648859137
1601847537434234885
1601870391869591552
1601922077438902273
1602281883601014785
1602283716487020544
1602580480301596673
1602630972205584384
1602873181458825216
1602896664800681985
1602918271963271168
1602927283479941120
1602928813620752384
1602934131088068610
1602939954166124544
1602980928279965696
1603035285432205312
1603382028539686912
1603632818579726336
1603643707001012224
1604025046640779266
1604096151896330240
1604133692011864065
1604649741484449793
1604685978949783552
1604726902782308353
1605075323619799040
1605124707358896128
1605413854632370176
1605460149195247618
1605462313800171522
1605592661636759552
1605600718886359041
1605795866702397440
1605831439173521409
1605844453461315585
1605898689813389313
1605899626468593664
1605903735913189379
1605926678265581571
1605966348966060032
1606153851131744256
1606156589995642880
1606267734886694912
1606323863901851648
1606562015614734336
1606706346203971584
1607354540168458245
1607358530721574914
1607622776072056832
1607702925031374848
1607746893932802049
1607921733499244544
1608357525853995009
1608381903144636416
1608384180681080833
1608442338900316171
1608674342627577856
1608729661303066624
1609148515716050944
1609264653145604096
1609264657339924482
1609264661555200009
1609407801373360128
1610172524494737410
1610246361093640193
1610558176520441856
1610565917976723456
1610599721101594624
1610692994608562176
1610693010546909185
1611022928791109634
1611189599614926853
1611247301280006150
1611365726828527616
1611698049948200960
1611995707086622722
1612302180643647488
1612307162671493122
1612343141696417794
1612353003088154625
1612376129243090951
1612399719237685248
1612754690948857856
1612850338494836736
1613123649447550977
1613402774439604224
1613556802930761728
1613575465226366976
1613763990961946625
1613881143199432716
1614107084827824128
1614163791499124737
1614271230248648705
1614500971442475010
1614620221519826947
1614972542388948995
1615313757613486081
1615605597369688064
1615967570368266240
1615972883230261248
1616038281015365633
1616043990662647816
1616072585816723456
1616359415904604161
1616374044584202241
1616467229419409409
1616687897700372481
1617149864160399360
1617771930609938432
1617877043739525127
1618485832289255427
1618591566255525888
1618847207528214529
1618863096663265280
1619230168467533824
1619662283344584710
1619943409514590210
1619957913182953473
1620329424246939649
1620370788456235008
1620384835201269761
1620440816551604225
1620732570215276544
1620754407897038849
1620817750288629761
1621380189682008064
1621394928445304833
1621515921805426694
1621538549396013056
1621746248062750720
1621761703561302016
1621802472196149248
1622118024903020546
1622491948195135489
1622583286592835586
1622593241110675457
1623227306629300224
1623563499363532800
1623940644506062848
1624317815762333696
1624317819201658880
1624659535603601408
1625028251444994048
1625162748236795909
1625205667568168960
1625393727542812672
1625437406118957058
1625880915997241344
1626042728990777345
1626616527553462272
1626826547935191045
1626853957221122049
