2008459656340111504
2008460332742963454
2008460628214927548
2008460632711197150
2008460635844342035
2008461579281723790
2008463009715548183
2008463225239535882
2008463229962338721
2008463548809441697
2008463895166677434
2008464196888129716
2008464204383105221
2008464406578188404
2008464760598393001
2008464898289004573
2008464903682879846
2008483787798442471
2008485194169500075
2008492184732123303
2008495548492640294
2008495565118861763
2008497210686927024
2008498853247676890
2008500327222513702
2008502020278546637
2008503092090998886
2008503667062923442
2008504755472265329
2008505364032225672
2008506049511518314
2008509510374342999
2008512407552004383
2008514143578673654
2008516650178691445
2008517627501834264
2008518014216663104
2008518518401306911
2008518723687305330
2008519964337336670
2008520178498498612
2008520183229673691
2008522502465819130
2008522506492314002
2008525613225971847
2008528198431359186
2008529136873349367
2008529538343682330
2008530522516189447
2008531510849400968
2008532218130690141
2008536742589329544
2008537517122003134
2008537800430559393
2008542090733756807
2008542095620120877
2008542100204515546
2008554730260467928
2008558412322558377
2008559326454292595
2008564667279683638
2008566105523265819
2008570520909029733
2008579972257235301
2008586274429649132
2008589083317334225
2008605264128471349
2008627148538736809
2008650769864814621
2008697592415428848
2008727916767818053
2008742891233968572
2008749718348906601
2008764189939241225
2008779859678687563
2008783893017882639
2008786097099476992
2008787295030440297
2008788972559020272
2008790806942150665
2008790920393879911
2008791564634804279
2008793503984480303
2008796654154272788
2008797336575898095
2008798143484399697
2008798539783303672
2008798598100820476
2008800190044717167
2008800715758846030
2008800966364270948
2008801646713909687
2008802573734866952
2008802699240993185
2008804853871759757
2008806530955780163
2008807143332606001
2008808303699329201
2008808922317197455
2008809310583967805
2008809691309371611
2008810683010551837
2008812749678408043
2008812762408030714
2008812920105562280
2008814715250897254
2008815683774411077
2008816295232630913
2008816465336758481
2008816485289038051
2008816716772765759
2008817174018969979
2008818122304934378
2008818394162950414
2008818664573898861
2008819273687515587
2008821391504949585
2008821543623872971
2008822396166549734
2008822919485624612
2008823340224639303
2008824150861946880
2008826553065726139
2008826837364003092
2008826973636993163
2008827064854733091
2008827292685058464
2008829134970269996
2008829199637967295
2008829205510041902
2008829210404720714
2008829215278514551
2008830420092322013
2008830962231279817
2008831143442067735
2008831544912396313
2008831614948904994
2008831947985014963
2008832168920068332
2008832433328918970
2008833825057697899
2008836177768698229
2008836896005517531
2008838457360290041
2008839733561208991
2008840235564855761
2008840880820818019
2008841265203532054
2008842434554515705
2008843292910518670
2008843496170602555
2008843499316420968
2008843801209839639
2008843931602309396
2008844023923122248
2008844288353042922
2008845016970805616
2008845820276400497
2008845826068750361
2008846715714171211
2008848188946718934
2008849008031416352
2008850426045862257
2008851163119337914
2008851935978463413
2008853539209236674
2008854284432248999
2008855660809850952
2008859955034808585
2008863014813098379
2008863811986657625
2008864198307250466
2008865199802216619
2008866913070547086
2008866919454228775
2008867481751015708
2008867796625871248
2008867801105400296
2008868945554776127
2008869094398066894
2008869815352713311
2008870730528911626
2008870934548209695
2008870937601729020
2008872430388047998
2008873014373589065
2008875058014609507
2008876625660907950
2008882259617845384
2008886171070517701
2008886174929354859
2008887584861385202
2008887717271310693
2008888594556199221
2008889109885145552
2008889114817687713
2008889568540668181
2008891213097967843
2008893591956115966
2008894272922341436
