1527592980584202240
1527594799297339392
1527604639578804224
1527604652308631553
1527604661150097408
1527604679575687168
1527611623435038720
1527612942694330369
1527613349072015360
1527613354965344258
1527613805097676800
1527614488480198656
1527615550574456832
1527617191709134850
1527618653294043136
1527619483241975808
1527620714458927104
1527620717994713088
1527621481265795073
1527621949886636032
1527622414690942976
1527630781413466112
1527651141626253312
1527653768698834944
1527653831319834624
1527653981219983362
1527654041580253184
1527667727271309312
1527682818826211328
1527686136671662080
1527689386565185536
1527693401902432256
1527851666867126272
1527851703122677760
1527859186776027141
1527859240064655360
1527859287204446209
1527859313074917381
1527861056961662976
1527861218895364096
1527862591737200640
1527862839469568000
1527865889449648128
1527874299792887808
1527877938497978370
1527879467406082049
1527890768450695168
1527892071293808640
1527893984080973824
1527893992926748676
1527895183811309569
1527895277025492992
1527895435947683840
1527898840249999360
1527901587330412555
1527902950760165376
1527904364949815296
1527906214788575233
1527907505070043136
1527912566915485698
1527912661954232320
1527918447895580673
1527921264681426945
1527922400355971072
1527923737256787968
1527929263659581440
1527930232807624709
1527930540653187072
1527930683317833728
1527931538775543808
1527931869681287168
1527933501362028544
1527940883697770497
1527942579329048576
1527944303812956165
1527944307441008640
1527948786349522944
1527950100244602880
1527956322180038656
1527957107353726977
1527957304162693120
1527957441039978496
1527957695881707521
1527958385454264321
1527960900568641536
1527960908160331776
1527961473657761792
1527963587783716865
1527965736840269825
1527966706743664640
1527967471163957248
1527974760793391107
1527994313262522368
1527994491684020225
1527994764871626757
1528000543310114816
1528007666471419904
1528012646242406401
1528015428194168833
1528016938869239811
1528018743179157504
1528019379517943808
1528029316860112898
1528029687309402112
1528029735942426625
1528030722333605889
1528035553245278208
1528050805349416960
1528052009383129090
1528052674712588289
1528055441036496896
1528075640041156610
1528076652781047808
1528080824305823744
1528080934708228096
1528088376150491136
1528089273853181952
1528089875165384705
1528089923466964995
1528236141144846336
1528258451818033152
1528279234082668545
1528284019397632001
1528285302481383425
1528286537414492160
1528287954258763776
1528293066284875776
1528294418843054081
1528296901225095168
1528309576117784576
1528309596590202880
1528320787538911233
1528329276562767872
1528332285816483840
1528337227209936896
1528337834792263680
1528339077007015936
1528342235783127041
1528342280439926785
1528362142390689792
1528362693018587137
1528365292073918464
1528369972371947521
1528371216327012353
1528371510729412609
1528374242882236416
1528374325002534913
1528374661322788864
1528400808961683456
1528597444694380544
1528599114325585920
1528599822554394625
1528602049008762880
1528617077392609280
1528618891542659072
1528619630356336640
1528620467749539841
1528621223072002048
1528621678578008064
1528623702861967361
1528624743414259712
1528639303936487424
1528654656473567233
1528677054249463808
1528677077578153984
1528691806699143168
1528695712241750016
1528750391290040320
1528768407016833024
1528768960988327936
1528769214688874496
1528771243381403650
1528779684229824512
1528779793613062147
1528789039200886785
1528794631521316864
1528798309627768833
1528807124901343232
1528906061100777472
1528948425403731969
1528949265959006208
1528956073901965313
1528962079624794112
1528974578231390208
1528976051434422272
1528982317984755713
1528989961294594049
1528993449583661056
1528996779257016320
1528999832269905920
1529001651318640640
1529006024861941760
1529007775506137088
1529016162704453633
1529019456013455360
1529020342965923840
1529021542385954816
1529022535173480448
1529034007253745664
1529037049000787968
