1534275727209533440
1534348152652058624
1534348307388338176
1534350254589751296
1534350674921922560
1534350717942890496
1534351725507002368
1534354631316209664
1534378030533349376
1534378051580342272
1534378139270361089
1534378416803545089
1534381126315569152
1534387610495332352
1534415854435450880
1534415874253533185
1534418129912074240
1534418948493430784
1534419169449369600
1534420001871892480
1534420569382301696
1534421041304309760
1534422446085877760
1534423626660737024
1534423865463410689
1534424597147156480
1534425147498590208
1534426008639590400
1534437422221537281
1534445156954275840
1534449474126327808
1534464159546363904
1534476217726169090
1534479550746603526
1534479560036995072
1534484202787414016
1534485716461244417
1534486007847919616
1534487468065509377
1534487611993075712
1534488021940473856
1534488925607108608
1534497947668578304
1534497982921723905
1534497997710852097
1534498023921053696
1534498040002007040
1534498118200627200
1534498669676105728
1534504250327572480
1534506741052112897
1534506918898995200
1534511166814588928
1534511169582821376
1534512244549070850
1534513149642018817
1534514202592698368
1534518553831157760
1534518803090264064
1534519017989603335
1534519064487690241
1534519094304681984
1534519321703378944
1534533313951432704
1534533373175091201
1534534001666404352
1534534632032440320
1534534772709392385
1534534846743138306
1534535103430287361
1534535233927667713
1534536626495291392
1534537291758063616
1534537417851432961
1534537660596748288
1534538482713907201
1534539144155656193
1534540525075697664
1534542288566661121
1534542295860580352
1534542432892702721
1534558637066440704
1534559043003772929
1534559631846289408
1534560084952756224
1534570662404030464
1534572134390853632
1534687937333407749
1534688268301676544
1534690488829214721
1534716158456147968
1534716348953088000
1534729023167012864
1534737126230994946
1534737374244372480
1534738595936088064
1534738641465274370
1534738992587218944
1534739049868832768
1534739133226434560
1534753330773504000
1534755313735602177
1534761856157757442
1534768625831546880
1534768802634022912
1534774643491426304
1534774646519697413
1534778748750266369
1534778836683849728
1534779274632105984
1534780424160808960
1534780438320861185
1534780556168138752
1534780722929467392
1534781894856183808
1534781902263320578
1534782191196319746
1534782197185781760
1534782351263162370
1534782936624799745
1534782948867973120
1534784397534146560
1534784505008955392
1534786336330133504
1534786346367131648
1534786846391029760
1534787574459297792
1534791192751181824
1534793617562140674
1534793732993654785
1534793868968792064
1534809327063945217
1534812480769519617
1534814861632614401
1534815065542914049
1534817581508403200
1534817838833098752
1534821178027614208
1534821182121291776
1534821397394243585
1534860588756914176
1534862232097812480
1534863169331806208
1534864362048851968
1534865239526756357
1534866961574039552
1534867077726883840
1534867653395120128
1534870166840156165
1534870405449928706
1534870443878121472
1534870540993064960
1534871405271326720
1534886548759449601
1534921782620086272
1534923315826921472
1534930544156643328
1534931879819763716
1534933043764289542
1534933625979822084
1534937446244581376
1534937479908040704
1534939143218024449
1534942904224911363
1534945150698672129
1534945851818520576
1534946166282256384
1534946432532516864
1534946611931250691
1534946848007651328
1534946945172914176
1534950756419522560
1534950908232347648
1534951788339920896
1534951803225534464
1534951812645945344
1534952057748217857
1534957846248697856
1534958126554021888
1534961153579044866
1534961934743015424
1534962377724432384
1535077717926100993
1535077811098361857
1535083810517180416
1535084180328984577
1535084844106936321
1535128907925835776
1535138582939111424
1535140180557893633
1535140938800336896
1535144298512928769
1535146467588902912
1535146470210273281
1535151812050706432
1535155744793710592
1535155761453494272
1535155791585390592
1535158005678804992
1535158167583109120
