1916480170359205945
1916483982771790082
1916484129312346598
1916484181456019818
1916485009202155656
1916490997006991656
1916507750013735401
1916508294576742828
1916508551008178429
1916508967838109706
1916509701086519800
1916511148767162417
1916511268271522111
1916519771589513653
1916524440118313182
1916531200543310104
1916534196475978027
1916534650324869236
1916538676932211066
1916542365306872032
1916542992833274175
1916543873138167975
1916544217658056932
1916544243520188864
1916545421503238335
1916546740624257275
1916547652025516300
1916549137257910458
1916549746715394372
1916549886121541774
1916549896506949633
1916549919738863730
1916550057211441226
1916550661577060402
1916554076512206941
1916554428884152676
1916556671331033489
1916556687965671886
1916560598051049881
1916560603264491609
1916561929075822847
1916568252970647903
1916568286847992166
1916568307748188357
1916568343215219048
1916568367156310373
1916568382037725373
1916568417483870531
1916568557493903552
1916568575105786231
1916568595653710299
1916568668315746719
1916568793335431432
1916606856769986761
1916700147213357439
1916709006472630468
1916709863335367084
1916718350442377380
1916718523012796836
1916727329356914774
1916731772819144940
1916733463253733439
1916733582451565009
1916734693271363713
1916735542026293542
1916736926767337793
1916737097953685649
1916737184914456678
1916737481590112386
1916737512745419105
1916737522866307431
1916737756124045476
1916738675070701601
1916740162614133205
1916743956915798258
1916744221182087675
1916745118130032818
1916745767315804555
1916750343087788095
1916750594158789088
1916752027779989933
1916752877382701172
1916752948291363152
1916761782934446174
1916773027867402544
1916773216401654086
1916774463372509291
1916774467071860907
1916774899412013339
1916775553040044171
1916775788017275311
1916776540236361960
1916778134390902793
1916778734948094374
1916778794876076077
1916779532490620946
1916779875970535569
1916780760733802656
1916781306295517563
1916782273136931240
1916782417651941576
1916782840324461056
1916783225457774986
1916783878003437913
1916784030047166815
1916784582881366202
1916784678008487981
1916785163306258646
1916785166741369131
1916785239457738869
1916785599576789115
1916785907182846125
1916786519899046143
1916786693631578496
1916787418809946583
1916788676216201259
1916789505052267001
1916791975682126095
1916793930131161214
1916793994878611647
1916794441085469165
1916794446563115258
1916794873287786763
1916795160857391122
1916795358547525895
1916795893879374334
1916801319425446287
1916808797059756049
1916812305846903069
1916817817015366023
1916818055826415696
1916818901234757663
1916819994014581013
1916821892172071380
1916824074124456152
1916825187359580232
1916825802512961831
1916825808749871255
1916826284467933429
1916826812333559944
1916835438775656939
1916836649159245945
1916839457703313524
1916840750609736096
1916840957519204407
1916845034281882010
1916850653533770158
1916851252526461088
1916851257718849895
1916851262819340530
1916857022328586738
1916857026971603454
1916857031627333898
1916857156495876270
1916857420275728490
1916857946996457519
1916858103779524862
1916858759915110888
1916859167505289366
1916860177409774068
1916861209376424392
1916863682560086416
1916864915639509371
1916871978579067038
1916873233950773395
1916873671555137829
1916874308053553366
1916874338621325669
1916877038990119367
1916877579531026787
1916886311585349654
1916886787793752156
1916897499362767031
1916899159837446172
1916902078737486128
1916905864461795477
1916905973329105340
1916907477796347991
1917050354262544431
1917058878875095041
1917063793529753699
1917081854903259382
1917082137909727428
1917102419579965794
1917103364103671908
1917103864039289022
1917105316954837198
1917105999468761347
1917106866074882366
1917107575549792334
1917114187157016690
1917119075932901607
1917123473878745499
1917123822026952806
1917124178911920600
1917126635394109932
1917128240470356022
1917129533083553821
1917131403520512263
1917132588675670395
