1536243062371889152
1536244977335799808
1536244983748911104
1536245937894326272
1536246397854371840
1536247384522444800
1536248127874772992
1536250143816622080
1536250150850465794
1536251350727569408
1536252339459305473
1536253493064806400
1536255631119683584
1536258229943996416
1536259413572747264
1536259472972128257
1536259590543011840
1536259610579173376
1536259641151475712
1536259664933195776
1536259697539706880
1536259733430353921
1536259956856393729
1536260106014162944
1536260239732879361
1536262454723813376
1536262983549997056
1536264390277640193
1536265464451477504
1536265563713875969
1536267568444772352
1536283213470961665
1536316360011026437
1536322788398493697
1536344675895767040
1536344681616855040
1536344875364257792
1536344995866718210
1536345209314758658
1536345225550893058
1536345294417211392
1536345878948040704
1536347982219444224
1536348370582745089
1536348408880934913
1536348884959498242
1536350053475921925
1536352518560591875
1536352692880015361
1536352806151389184
1536354809313300480
1536355808270725123
1536356045471199232
1536356240762105856
1536357201643655169
1536359865450303490
1536359928142499840
1536361620200296449
1536363397372997632
1536367395408752640
1536368005973565440
1536369187194834944
1536379695226183680
1536380175314653184
1536380341023191040
1536386294208942080
1536387109447438336
1536387146722181120
1536387423894409216
1536387899398430721
1536392610482618368
1536520390574387200
1536520408173715456
1536520439408648193
1536525339174010880
1536550127497670657
1536551625363320832
1536551679666991104
1536566342664392704
1536579517476904960
1536594880956231681
1536597134446759936
1536598535961182208
1536598538783641600
1536598540608081922
1536599933490323456
1536600182032281601
1536600185660329985
1536601073200160769
1536601855366598656
1536605924185366530
1536609674295799809
1536609945072058368
1536611255158378496
1536616031564640256
1536616367448764416
1536616370506321921
1536619781142372352
1536621327942963200
1536634200983760896
1536635568972767233
1536649767031566337
1536650406696452101
1536664224101171203
1536665167232368640
1536686253886042112
1536689851755507713
1536690938927452161
1536704014985089024
1536704297945411585
1536710773032071168
1536711946828779520
1536715241031016449
1536718298775101441
1536749810401017857
1536757294469242886
1536760835628216320
1536762275163676673
1536762299997896706
1536762720854642689
1536909997723877376
1536910523534495744
1536917942666858496
1536918039358152704
1536918071218085888
1536923475276771329
1536933710393532416
1536935482348941313
1536937500434124800
1536937656017645568
1536946578350432256
1536946642611412992
1536948115046969344
1536950826236710912
1536958090150457344
1536958093740847104
1536960831266557952
1536960981170987008
1536962856649773057
1536962880679350273
1536965071145881601
1536967857669451776
1536976825401806848
1536979695928872960
1536982156639055873
1536993674474983424
1536995433138253824
1537006345051787265
1537007125209133057
1537007320487452673
1537007343392522240
1537007379727806465
1537007385646014464
1537007400972169216
1537007416558071808
1537007449319714816
1537007458786643968
1537007471343980544
1537007532752838656
1537010334329819136
1537010451929702400
1537010642665623552
1537010729907146754
1537011221580263424
1537011351108734976
1537011428841775105
1537011835345379329
1537012019995389952
1537014949234368512
1537015001222770688
1537015080088244224
1537016201456791553
1537016519309524992
1537016687329165317
1537018263548612608
1537018293047148544
1537021123657072640
1537021393950621700
1537023966543773696
1537038424913637377
1537049847034826752
1537266954477903872
1537279994937757696
1537305387782709248
1537314303488823296
1537316121585385472
1537318342130020352
1537322547922239489
1537323773715959808
1537324334372425728
1537326286753869824
1537326560067592192
1537327007385604096
1537327514434949121
1537329499510951936
1537331416454729728
1537331620512137216
1537333569697157120
1537335189319258113
1537394151234281472
