1914963369418756169
1914965952216662318
1914966887164752315
1914967804131922429
1914969333702205665
1914969923295588383
1914971014208819638
1914971018407354812
1914971775881957617
1914972800307114319
1914973251836485918
1914974066668363787
1914974182766780868
1914974459946996221
1914974586296213891
1914974791032803672
1914974896167231909
1914975020247364070
1914975163147247912
1914975263403737386
1914975438562087302
1914975610876711336
1914975723145888161
1914975857401094214
1914975983100190910
1914976083511832650
1914976664317988978
1914976764364783917
1914976862595617259
1914976960985403525
1914977211846893728
1914977364859142529
1914984115201348072
1914987849465860178
1915017263373234659
1915018258119594162
1915036037392314795
1915037694071279967
1915055700390326742
1915055709995303138
1915057659423690926
1915065481196642677
1915069486828343542
1915074117218304163
1915074124268933166
1915076055280296168
1915077479393538527
1915082579704971707
1915088233186120188
1915095033767919692
1915249612744778189
1915260095211900935
1915261220384383045
1915261905741992308
1915262443930181782
1915272990385754418
1915273674363638097
1915274416881361294
1915310706767089960
1915311857830600930
1915312498623865017
1915320168592671186
1915320901953872065
1915321811882963072
1915321928853672245
1915322277421367707
1915322410779214054
1915322475766047102
1915322476906623133
1915322855601906137
1915323176281575779
1915323327759212654
1915324221041020976
1915324624659005858
1915324672163402110
1915325152541524275
1915325156618346855
1915325616271802610
1915326422165475703
1915338049266868445
1915345394126774597
1915346283356705164
1915347015183053209
1915353990214340764
1915356829682708579
1915356833012998548
1915357737141096706
1915367618686456258
1915367886857679090
1915368411086848486
1915373203016606087
1915374208416399607
1915382335874232440
1915383466536915353
1915384704985162063
1915386031001752063
1915400621068599730
1915404706043879848
1915405403187302602
1915405407717126286
1915405883208609951
1915410408191746427
1915421825116274829
1915421833006047248
1915431813469933609
1915432829716246530
1915436772441612781
1915436815735284216
1915451666188689809
1915616763280318810
1915624308107518033
1915636472298066400
1915636740284686527
1915636975429918828
1915637370759897277
1915637645117727123
1915637900794094078
1915638129907622093
1915638395969437730
1915638640195363043
1915638847590830164
1915639054819090513
1915639362244796900
1915639676276555904
1915639994255028502
1915640371960258728
1915640578920112411
1915640775620379101
1915641007695421816
1915641292572299771
1915641554724626578
1915641748665098471
1915642061581160828
1915642405140746547
1915642603321565205
1915642959602516162
1915643182504685921
1915644841276694709
1915645431113232694
1915651442066796617
1915651563386970114
1915651696598069483
1915651797647319199
1915651905252188226
1915652001503011308
1915652103386915135
1915652219640439023
1915652355816853873
1915652475593646367
1915653348566384863
1915653479017877767
1915653577185624354
1915653753258020903
1915653862356308065
1915654208717816287
1915655008944873542
1915655166373843218
1915655265975705986
1915655385228226623
1915655495471538371
1915655589138661495
1915655707128729730
1915655812703543721
1915655937828020426
1915656048192454746
1915656151234228247
1915656269853327868
1915656359091331134
1915656453320564992
1915656543439380547
1915656644358529388
1915656756858150989
1915656845617942721
1915656937771016215
1915657034370105412
1915657125143208183
1915657291124355084
1915657384157913237
1915662805262623215
1915666111187869806
1915667071423205564
1915672481270292925
1915679104751239253
1915681047900983460
1915681691458224315
1915682659507851750
1915683710394937366
1915685136106160135
1915685140916748671
1915685767508054288
1915686381034377604
1915686725256700086
1915688746638606799
1915689904295862650
1915691748879192268
1915693655584890886
1915696130731749678
1915696276647067739
1915700734483718326
1915701117167768012
