1905562810601668834
1905564555452833981
1905573405182603641
1905574648269721719
1905576574210244660
1905577163941880078
1905577554800771192
1905578192079126896
1905578430441332950
1905579194769379732
1905579245646348708
1905579250503352641
1905581996337971375
1905583002526384450
1905585326032121889
1905588365279592539
1905588577972662471
1905598297697648937
1905612861529096673
1905619072928079971
1905620610727936442
1905620971467194681
1905629541307199971
1905633062287016386
1905654953076818409
1905658310822691167
1905660734736138619
1905661393921335298
1905661700105535967
1905662884497293586
1905663283778257153
1905663759215198438
1905664263156629610
1905664819233169910
1905665280183022075
1905665819578957844
1905666453044691348
1905678138316914769
1905679996964012048
1905682476904894677
1905685944625496279
1905688603948450188
1905839451873415400
1905854018070749241
1905856187041525916
1905857596436930799
1905858718421438523
1905859822249005529
1905872580156035276
1905877118392902006
1905885959201452180
1905886116659789887
1905899662319481312
1905899710164201555
1905899710990471188
1905899865911296353
1905900501553828175
1905900612606378302
1905901669973659961
1905902809460949482
1905902908996202776
1905903627564384634
1905903752248516753
1905907783385633161
1905907813454688260
1905907846903902320
1905907884803907931
1905908870180192436
1905908890841063488
1905908911590236366
1905909103538442724
1905909165647970769
1905909183821857060
1905909505864737207
1905911318286155838
1905911322119643431
1905912657972219987
1905913338963660915
1905927338258239691
1905928940520436016
1905930203022684395
1905933674602024985
1905935488244236730
1905950498798104854
1905953311980990956
1905953957744173383
1905962129381093762
1905963166028505575
1905964146497376702
1905965591778988331
1905965841692442667
1905974949405405616
1905998544902996024
1906000201015308781
1906003818791493967
1906004361739997444
1906008267329089827
1906010264526528813
1906012795143119148
1906014623134027981
1906022596875108719
1906024534551171331
1906027315412533516
1906027503430590746
1906029490440122758
1906029580844167573
1906033955054215279
1906034066379485550
1906039214669713418
1906039428910547340
1906040343801508243
1906054297646985665
1906218441339494607
1906218773008286205
1906218786094485959
1906220012131549425
1906221879234273656
1906222272370934037
1906224483809292359
1906226343156793480
1906227610662969532
1906227691067777074
1906227705265508502
1906228732471419305
1906230158593249285
1906232590518063188
1906257031167881532
1906269030672953727
1906269159329263966
1906296645488087172
1906363373790638469
1906381511122903140
1906383309971845306
1906387079321514262
1906393002987438446
1906581992533102876
1906582204412760402
1906593754192179346
1906595458694131996
1906595469406658650
1906609089293205885
1906609094133219753
1906629398033256606
1906629452026745133
1906642336458875010
1906645573069054300
1906697304196915470
1906704482424996160
1906710597259198625
1906715669519056965
1906715732882391045
1906728675510542412
1906906195392397316
1906906829323391270
1906911900006248913
1906941853628338180
1906942154993549357
1906974470473986404
1906975807043678353
1906987207115604163
1906988201082007932
1906989129641922885
1906989134310445082
1906989636712607924
1906989735224225980
1906990076632129946
1906990613192393072
1906990730914021856
1906991480436379687
1906991726058967503
1906992591457091946
1906993371186663892
1907001619792998752
1907002598131196192
1907048787035693425
1907048866744263081
1907057498634277087
1907057797201813979
1907058640416391289
1907061300901171399
1907063576977969331
1907078453465366793
1907080988913795338
1907092448746016961
1907092686458212661
1907246370618237165
1907249389590229158
1907278062603157991
1907298487819014156
1907299349169652180
1907299731518234803
1907300313226174934
1907300936411947244
1907307595309981755
1907313267422458267
1907315754996756604
1907315759451078996
1907318016326418688
1907318041945207254
1907318989862420938
