1322120225815289856
1322126955047604226
1322126991420616704
1322127867350712322
1322140007235137537
1322140437172219905
1322140466024906752
1322143388120969217
1322143412359852037
1322143425366388738
1322143441803902979
1322143460862816256
1322143489723756544
1322152506252644353
1322153835792461824
1322165032130469888
1322209034410225666
1322348388038316033
1322407603989700609
1322410170467577857
1322430320428281857
1322457007849304064
1322457592023588864
1322462537506418688
1322463348290510849
1322487593326448642
1322501638955753474
1322501758736756736
1322531580116574208
1322538898048786432
1322540405791944704
1322542780145520643
1322559448611655681
1322582594995675136
1322594497805479936
1322602241287573505
1322602404504743937
1322602539662016512
1322728825462034432
1322742129395863553
1322742133036478465
1322742135049785344
1322761084684525568
1322786988458569728
1322789952409665537
1322790226360557578
1322806771606462464
1322818095216406528
1322895843100295168
1322921202361397248
1322921255209590787
1322932530912243712
1322932538906537984
1322943553836740610
1322947395408130048
1322965882948050945
1323096629335879680
1323097646031011840
1323101527708295168
1323104638602629120
1323105011836968960
1323108376214007808
1323170757262761984
1323173063542726656
1323181477090086912
1323188947451748352
1323196963676803072
1323206677496123393
1323241395491008512
1323250109530873861
1323250890950676485
1323257322123132929
1323275086791467008
1323290032459771904
1323290276920586240
1323291112673439744
1323294316115025921
1323297194057764864
1323461385175511041
1323480529711214592
1323485741494661122
1323519405741858816
1323524217661317126
1323524594368540673
1323528370299138048
1323529578640371713
1323534815321186304
1323538450956525568
1323540753885229058
1323543654124920832
1323545652647796736
1323577002859798528
1323580440683319296
1323618528390344705
1323621049355759616
1323628585861574656
1323632269559394306
1323632787639840768
1323640684830576640
1323642330503507968
1323645926557114374
1323646219009208325
1323660922875867138
1323675192317521920
1323815329911353345
1323818201596129281
1323900609536299008
1323901018145370115
1323906017038528512
1323911833091153920
1323916741668339712
1323927468927901696
1323997245499305984
1323999356907786241
1324004264243417094
1324004265875042304
1324036911954944001
1324153902900523008
1324157747147935746
1324162600171569152
1324165441514692609
1324167172675919873
1324169356897447939
1324170207670145024
1324222720221962241
1324226090458509312
1324228060351090689
1324230102293520384
132423106546503681
1324239440907182081
1324260872902959106
1324269118627880960
1324348328000196609
1324356083939377154
1324362649195356163
1324366853645324290
1324369418634194945
1324373830454763521
1324382548995158016
1324526203026329600
1324537666491219969
1324554451894497283
1324557497982611456
1324575367990972416
1324577986629103618
1324578573215125504
1324579472729726977
1324597540210139136
1324597578617401346
1324614792615657474
1324617765781565441
1324624184073351168
1324626530878697472
1324656282314309632
1324658786099892224
1324661302845861889
1324668852966510594
1324679769569460225
1324693036253675520
1324700686030835712
1324703674107482112
1324740925185126405
1324761236291026946
1324764043962322950
1324956577762144256
1324960323036536832
1324960619108331520
1324968075301511168
1324981154542313473
1324992907770699778
1324993034509930497
1325005734438871046
1325005744651919363
1325061452172963840
1325062512723677186
1325099841358188548
1325114350063874048
1325117722020126720
1325119441823129602
1325261642444099586
1325269994398126080
1325273617043632128
1325286925872189442
1325292730881347584
1325294496758734849
1325337340529668098
1325337415267962880
1325357792794877954
1325400569205288962
1325414528004153344
1325460179085766657
1325460180633481216
1325460182130851840
1325499313045139456
1325628546019065856
1325663285874577408
1325663287585853441
1325689693497819136
1325695213038268423
1325697882930950144
