1545050769811841026
1545070669716946945
1545100116104687616
1545231584827424768
1545273698894368768
1545283692192743425
1545304980143280128
1545306542945095680
1545328924997332992
1545330796889722880
1545330937101438976
1545331900255858688
1545331935740055552
1545333684055711750
1545335669924343808
1545343077728272386
1545363267299975168
1545366377921654784
1545368794759307265
1545379634518183936
1545386684388622336
1545403757277548544
1545412270867750913
1545420412477382656
1545421766725890048
1545423859301908480
1545424812750712835
1545433620424564737
1545433648652222464
1545433683225899010
1545433714028859394
1545433798233694208
1545438221819002880
1545454969964269568
1545619705838243840
1545633488480894976
1545637935504326658
1545641310958551043
1545647607694782467
1545655428629286913
1545657008405110785
1545657229843791872
1545657294964137987
1545657562036445185
1545658562416099330
1545660576335966210
1545661706369507328
1545661790948065280
1545662336148459521
1545663044227072001
1545682499271270400
1545682890935386112
1545682906240020480
1545682915673063426
1545682924845928448
1545682934467739648
1545690099098198017
1545694277941940230
1545698987486748672
1545699808597356545
1545720514508832769
1545748954746236929
1545750424312954881
1545752124742545408
1545770344249561088
1545771624057622534
1545796530958848003
1546038276036841472
1546167158605901824
1546185097971281920
1546187292120780800
1546342977026785280
1546342978809384961
1546342981065928706
1546342983351816192
1546356229143900160
1546365629724123141
1546365947065143296
1546367508042903552
1546372806270545921
1546375364158427136
1546377480004829184
1546377484249481218
1546377826302980097
1546379854248964096
1546382539618545665
1546383565381808132
1546383910933651456
1546384585453613057
1546386098884329472
1546390140389494784
1546409473882849280
1546437829949292544
1546456561781854208
1546480261621096449
1546483812355702785
1546498629677957121
1546499670821654529
1546501655583068162
1546502022962094081
1546502901551419393
1546514838943592448
1546531726259720192
1546681750172368896
1546681914391932929
1546682216948072449
1546682318664122369
1546713868604702721
1546715222219825152
1546740611364950016
1546740677324963840
1546742641886625792
1546743643771285504
1546744021921325056
1546744095615643648
1546759687982395394
1546759851295944705
1546760175977017344
1546767463563419653
1546767977886154753
1546769630378672128
1546771095898198017
1546772249931563008
1546772291840724992
1546786671097630720
1546786771945418752
1546788841897410560
1546791446572703744
1546792649406816256
1546833616663384064
1546834899507630080
1546836871912665090
1546837733192376320
1546838563299348481
1546839203970854913
1546852530864279552
1546907771228278785
1546915821582454784
1546918701190250496
1546943330562752512
1547077653915508741
1547086097032761345
1547111378430832640
1547115711080054784
1547123468831174656
1547146281273159681
1547152307883610112
1547153822358810624
1547156548132016129
1547162109930516481
1547211949381124096
1547227053564755968
1547231621199593472
1547232365239762944
1547273583520776192
1547279676754001920
1547282442666790913
1547283382278975488
1547289867326853120
1547395261647196161
1547396146548461569
1547396537999052801
1547396741963878401
1547435646075441153
1547436414996185089
1547436650183421952
1547438138750300160
1547439724318838784
1547440291808149505
1547444980360581120
1547445205309489152
1547445941493723140
1547446377042825217
1547447266247847937
1547455904546959361
1547456477312741377
1547461859967582208
1547463402117042177
1547469092671848449
1547471149189459968
1547471954243751936
1547503837505761280
1547506319099195393
1547521780171976704
1547546848751001600
1547582997573931011
1547596714038935552
1547617104420933633
1547618541079502848
1547631888189489152
1547633565105815553
1547770376297811969
1547810315249004544
1547830674996199424
1547835193427636224
1547837984908529665
1547855655452651529
1547858651083182080
1547860226593853441
1547893467581362176
