1958024111621566573
1958035371364589639
1958035706259075086
1958035829152182389
1958036315834081697
1958037798478573738
1958037802286800918
1958039270335103000
1958039874273173999
1958040043261731172
1958040282563588332
1958041110674043316
1958041574975127602
1958041920967414050
1958042253378908653
1958042836999299316
1958043536529469750
1958043596554400236
1958044231823499662
1958044337859625438
1958046658362839504
1958052106260152438
1958052497664463255
1958053576112054338
1958059745891303888
1958065099412791350
1958067792948625735
1958076440680828956
1958076569597161582
1958076912154099719
1958077414086525329
1958078025750221250
1958078645664096383
1958078808378003672
1958079581510045978
1958080185292505167
1958081624391770471
1958081792789114971
1958084788457468416
1958085758167978116
1958086617773887705
1958087367019135469
1958087416491004252
1958088208052629902
1958088738028098030
1958088832601203193
1958089593431130408
1958109627096449448
1958110147810869407
1958110861849207056
1958111523534238140
1958112109377806702
1958112705660985693
1958113362161938546
1958114157284515902
1958114878654382159
1958120295706820943
1958127592688791768
1958133410041655590
1958149128351101298
1958149729826619579
1958151338891817462
1958152046810743019
1958152214767358076
1958152648453968102
1958153007268270381
1958153557322211674
1958154254029635723
1958154693739470973
1958156198076883064
1958157100791877718
1958157757837942819
1958158315055399176
1958159311122964908
1958159766313918809
1958159973751701917
1958171180923240828
1958171235600195711
1958172068182126682
1958172313272164858
1958172428338950340
1958183514458968263
1958187366239125676
1958189103129981144
1958199352767414287
1958199361864859832
1958201454579048731
1958207912788324594
1958395747310923819
1958408785757872490
1958417907156758695
1958418816477601795
1958419550870945796
1958420409482706966
1958422396408348688
1958422400761999716
1958423112690622646
1958423154675872171
1958426893973176375
1958426898419085529
1958432914485526813
1958432918969160088
1958435219339632934
1958437589817667703
1958437844780724544
1958437850376200244
1958438417760759902
1958439831928795299
1958440169586958567
1958440175035462032
1958442398893146166
1958442403070632031
1958443696673694032
1958444469717811464
1958445598090420702
1958470424242668011
1958471972695814325
1958471976466452548
1958482051335586289
1958482183154229415
1958484126270660908
1958485418157989971
1958488491274154281
1958488884071026804
1958489694444102009
1958507705855066261
1958508336405680564
1958511714670084175
1958511912721035755
1958512554377945588
1958514985098735973
1958516471501553962
1958517176341614847
1958517767348642097
1958520949201895569
1958521574320984258
1958523581308219477
1958523942362358207
1958524070062080001
1958524280523694372
1958524488305545306
1958545645133779010
1958558828276121813
1958731672360194323
1958748468392177780
1958750099149832318
1958759370524959167
1958759860637426080
1958762241311813698
1958766297527030109
1958771012754968950
1958776173552705875
1958776212404543794
1958792131201704080
1958793677750280502
1958798135733461503
1958798835662143956
1958799371899642329
1958799906740605124
1958799957227417615
1958800547042959796
1958802457678815393
1958802479765696965
1958802486497583214
1958803339023720554
1958803345679725044
1958803351329546407
1958804119021658461
1958804491819503640
1958804497108455749
1958805060278001764
1958805085607141437
1958805291799388653
1958806073034371568
1958806571296678041
1958811556801913199
1958812230683628001
1958812336187482632
1958812902179139592
1958815214696374713
1958819146537259233
1958822769548042280
1958825567312019764
1958826344055222374
1958826750948831551
1958830401935331531
1958830802269036602
1958831285880987733
1958832224054243735
1958832229531967928
1958834644146684323
1958835096804630580
1958835313700204581
1958835517682065446
1958836106465587395
1958836137310728478
1958836644108202207
1958837325850407099
1958837474454597894
1958837997278773694
