1984170562726359390
1984173588187115591
1984175766213734604
1984176540389871794
1984177396992651438
1984177403535745160
1984177408048771123
1984177937265168562
1984184398808588657
1984184432413290894
1984184533424767293
1984184704141250600
1984185993415770487
1984186725577658763
1984186830657626384
1984194398645895426
1984195923128512567
1984196156969390317
1984198054845768059
1984200244477980870
1984201463753850990
1984202035919822974
1984202626473644040
1984203313236389891
1984203789600260552
1984204733935202508
1984205311251763513
1984205872072188218
1984210848601289145
1984214846301515992
1984215184387551387
1984215497135813066
1984219409469317551
1984222133564969023
1984231805705453589
1984233491979284531
1984233964954112121
1984233969475559535
1984236821900079176
1984236827163910634
1984237683363950596
1984242298495135916
1984243453954589138
1984244334729031714
1984245480499593660
1984250934139183439
1984256012564791715
1984256359358251009
1984269042753114496
1984269099095216164
1984269213037678604
1984269554194018604
1984269764940980240
1984279033581011025
1984280857994297446
1984280864323469587
1984281740874264688
1984282073977495673
1984285245760585838
1984285422974128190
1984286739650039855
1984289837676212735
1984290780442464314
1984295494609207690
1984296443608281384
1984296866327257132
1984297342334615568
1984297962759917653
1984298372560294304
1984308786077782509
1984309740680429595
1984312636427944167
1984413074514690426
1984445538314465671
1984447805197353311
1984462903462736341
1984475081855418804
1984481777407185401
1984488903701905555
1984492853343764891
1984493738195108187
1984494583796154369
1984494802445222255
1984496567995486413
1984498210266837112
1984503164536848590
1984503174162760018
1984503249819546018
1984508770714861740
1984508998398197936
1984509582975414625
1984513938583945254
1984515679744413961
1984516456261042614
1984517267665928637
1984521085069697445
1984525679229354311
1984538271125553631
1984538725632917796
1984539383643718084
1984539841774957010
1984540709425410169
1984540984232067081
1984541321697075475
1984541730520342928
1984541886779179207
1984542232804733145
1984542416960204869
1984542984201961904
1984543384590258251
1984543825356849446
1984543832877256871
1984544533384675503
1984544638288740464
1984544916928643121
1984545230889107916
1984545440982057065
1984545695152714118
1984545721832608114
1984546549406597631
1984547077926392242
1984547863930814588
1984549170045469067
1984549176106168568
1984549324756550070
1984550016321798381
1984551299611025861
1984551304635826295
1984552111741550798
1984553170186674512
1984553498399387791
1984553908895957128
1984555242181259340
1984556360953155645
1984556967734755775
1984557553481892212
1984558076557738125
1984558151614808139
1984559156989477370
1984559594639933515
1984560304945315920
1984560617941090730
1984562090208907530
1984562539469160770
1984562668469203078
1984564358085505132
1984564704321421513
1984565097285476491
1984565455437115691
1984569134353674748
1984575399884677397
1984576371922747476
1984576377396306292
1984577838260109805
1984583454626042120
1984587341902856407
1984588514445705475
1984589298113577245
1984589303742415206
1984589856279052312
1984590539073994847
1984590917379244393
1984591140419747910
1984591163173859665
1984591640477270185
1984593329661886866
1984601244074459255
1984601366539747681
1984601682517639225
1984607252314276143
1984609566634746258
1984615577319846367
1984616594090369287
1984619411094061120
1984635101368762615
1984647934059610312
1984657623946575974
1984657629231349835
1984658789195542759
1984660091866644495
1984661330218082417
1984663686280061327
1984663693632631278
1984782257098301933
1984798110619746478
1984810190995370276
1984817969390932290
1984842335856062787
1984852941594116219
1984854687506719201
1984854715780514218
1984855567488495657
1984856702257336615
1984858337805324564
1984858707260555305
1984860331001462976
1984863270579155305
1984873242025406521
1984900822346674677
1984903125178978695
