1867422176410055060
1867422903480070171
1867423197878268037
1867423617463857552
1867426723270373416
1867443009207644272
1867444135969665118
1867444894270468122
1867445639422062959
1867446152234414478
1867446429024961007
1867449810384826850
1867449866026447246
1867450385797198195
1867450677057958265
1867450897523171606
1867450994466205801
1867451493391167901
1867451603437203481
1867451645422084309
1867451885722210723
1867454416791781569
1867455962808037727
1867456462282535112
1867458708974055753
1867467051578888328
1867472090468946317
1867473776872763689
1867476171773944082
1867477605932577211
1867477964507820056
1867478532290744597
1867479903895269753
1867480670605652331
1867480998386315277
1867484108898914764
1867484120982729003
1867485237426761942
1867486357096214591
1867487348323496292
1867487740595777818
1867488695206785046
1867488927927742698
1867489218404188166
1867490901993697612
1867491704762466731
1867496669375590635
1867496686379315214
1867496701403312249
1867496706117710147
1867496734831845818
1867496802603479397
1867497850529362224
1867497873249808593
1867498419872575630
1867498551984673073
1867499991369179520
1867499995915849974
1867501026938704125
1867501225442439472
1867503527314022529
1867504243692728500
1867509817134416124
1867511734002676021
1867513970929938455
1867523544693018874
1867526635710489060
1867527193410383993
1867527196258316619
1867530002583237105
1867530531749109906
1867531594225095061
1867533636788269401
1867533967701991560
1867533970327642380
1867534671049109696
1867537766760034408
1867538944520597696
1867539130365739239
1867541421773009092
1867542491693822449
1867544071130259852
1867545536125186317
1867547762763739183
1867548608096297309
1867548984799318040
1867549360424464613
1867550240385184017
1867550988212875519
1867552802316464290
1867553768046546978
1867555016334299382
1867555998485061967
1867556019075002431
1867556598748786726
1867557407012098360
1867558120857514443
1867559070892536308
1867559621998903342
1867560060731502667
1867571384601493681
1867574158986490142
1867579424197251445
1867580054613766454
1867580626561642613
1867591034794127592
1867591065597096350
1867594538652418087
1867604322860871881
1867608807360405649
1867611410832011445
1867612838065578206
1867623786624995595
1867623807847895073
1867629718625038843
1867649142581068240
1867649294704292190
1867654089510965549
1867751363578306676
1867797986803429393
1867799448476393612
1867800766641319956
1867801859697857005
1867802935276843058
1867804057446101436
1867805328383062098
1867807112291922364
1867812049902088486
1867813116282908828
1867813607091974288
1867813774901883139
1867817392614838323
1867818661182157253
1867819904096985234
1867822519652347932
1867823042073964747
1867824318492946498
1867827641145077995
1867829688288383058
1867833193229066264
1867835656451633237
1867835897711915365
1867837856712106122
1867838092058800280
1867838944676917548
1867846282636931177
1867847330537652286
1867849066136134011
1867849492802023465
1867852134651494607
1867852888976109682
1867854889529078064
1867855501016617177
1867857952717287808
1867862880349299095
1867868336648028443
1867868742744719417
1867869219674886496
1867869872304291991
1867874958254469519
1867876030972842485
1867877337162993842
1867898698363249129
1867900769636426220
1867901662591140009
1867909951773114692
1867914883574136877
1867915093809270832
1867915303050678280
1867919568884424839
1867930702509142474
1867936710094675981
1867953144254316852
1867988305113223262
1867988934514573503
1868120936827998362
1868136400824254871
1868144776824172554
1868144948471796042
1868151499282329806
1868155426040344834
1868158225562108299
1868158244205818099
1868159801617949009
1868164279935066583
1868165160021684404
1868165766471930103
1868182772051013929
1868196796289421781
1868198920003936349
1868200079749693603
1868202494192419272
1868202502660989144
1868211580044972046
1868211700400537759
1868212363645829173
1868242094730703183
1868271394049712584
1868271679878901853
1868271979809378633
