1790360350673502287
1790393246255907325
1790405338287731007
1790621680571764811
1790643569885405380
1790643939781054614
1790645416289243200
1790645420051578996
1790775839434707339
1790815318467625035
1790967307767881822
1790967365150056891
1790969396619272377
1790977981327855923
1790985307850264981
1790985813356061079
1790986330190815620
1790991603563426293
1790992802438094996
1790995511408820440
1790999439655436719
1791000862875336968
1791110375792115780
1791120308424020274
1791120712570388768
1791121236132602092
1791122956866957504
1791126236820898116
1791129059214131487
1791136981776257439
1791331372960809149
1791335720227119507
1791341126638854269
1791360026050715879
1791380095556620419
1791410409800675704
1791467209539399937
1791467212236292447
1791486387172135167
1791496464927002985
1791508961004318792
1791512165217636759
1791515992566202556
1791527922211095028
1791573312713474325
1791573498021974239
1791665260648087994
1791689576316309972
1791702075614830605
1791720651356561853
1791758529755599239
1791778374978822433
1791786414826520885
1791822657672892589
1791823973140857231
1791824408732160291
1791824425828159623
1791846894202724620
1791847587999334459
1791847621398565321
1791847780920459497
1791848019337339342
1791852477010043290
1791853088241795564
1791853518212550972
1791855086001340871
1791856414031233090
1791856501390201334
1791875015140663693
1791875822837735742
1791875982166786436
1791876957447307482
1791890129524818395
1791891832894575046
1791893130138284472
1791894685440684438
1791898315254337701
1791898707518238996
1791900668170838440
1791900952511074376
1791926934370472100
1792025131390271550
1792100727160283578
1792100757828985201
1792102137276903630
1792124170031304771
1792124470519644210
1792128083857666175
1792142861909279065
1792152419524280333
1792187728005865645
1792220300056330349
1792225060557914586
1792253921844748296
1792366919665983708
1792384617691132234
1792388961924714790
1792418825742520753
1792431069473685782
1792438093062021602
1792438403469856835
1792439071341703190
1792457821528916233
1792459079337800099
1792462060665937959
1792471236812972430
1792471915132776669
1792472395674005803
1792488702075392188
1792516353342988431
1792522937029026231
1792523131330204105
1792523227266417019
1792530399584821441
1792534803545289188
1792550343064322419
1792564992363147515
1792586684057690526
1792779902539767815
1792783500187435371
1792784099037659332
1792785967306396129
1792786959032865083
1792789451053416675
1792794812170854764
1792794814796451937
1792796327673524522
1792808522469765228
1792819671428944110
1792821870980637137
1792858872727928913
1792861423158390827
1792873474458869899
1792888896650706978
1792903325391753269
1792911381701754882
1792920812254646369
1792921801070166258
1792925136049312156
1792946491088347384
1792946578095005858
1792947371413836056
1792947427311329283
1792951607782486188
1792953795405857244
1793143150393114748
1793147429367291969
1793151999808262244
1793152529959932019
1793154315546509498
1793154864782123293
1793162594863468705
1793176853928354198
1793176863613026321
1793190197716226241
1793208409577443454
1793240370828194069
1793245037373124957
1793245075327336803
1793252598025429274
1793273823233560934
1793281648634503638
1793284536811274472
1793308447821197416
1793308492750544989
1793315301422977375
1793317002053910842
1793329879871541584
1793334200147628196
1793338870349676985
1793340774563934531
1793354746126065871
1793358937418531259
1793489745567424549
1793509419084611741
1793509619345822025
1793516907058078089
1793516911055307156
1793516916138807783
1793524469132370346
1793539642924683337
1793541506906956091
1793548879889391658
1793550026117185795
1793550029896196349
1793551280369267003
1793552790633205986
1793562190064312622
1793575591075266755
1793579882154209755
1793601956906401938
1793608763590717920
1793609378354139583
1793619289783902305
1793638050293280842
1793645426165309664
1793645972595372164
1793648638922502301
1793649998027948217
1793654611326443721
