2004495930649952535
2004496092642316610
2004497130778726849
2004499092366639601
2004500436091539653
2004500559798337909
2004501175551582447
2004503185118122398
2004503548625813763
2004505085502771446
2004507403719733453
2004517556296835226
2004526855014195278
2004534752058151226
2004535168460271633
2004537682400325999
2004540712466137117
2004544963066171676
2004545759417634838
2004548019593863215
2004548063336235074
2004548836925350318
2004549176311562245
2004550104787951642
2004553634428989508
2004556359690580355
2004556476036288806
2004556516800823356
2004556765577498655
2004557212098949277
2004558676456337619
2004559953126949186
2004560332195524995
2004571292637544590
2004576501958955356
2004587029045321914
2004590334731497887
2004593853320626481
2004600905094889523
2004603240181367210
2004604071261651040
2004623864643686571
2004635125603320289
2004711326120374618
2004726424255836325
2004726426017091881
2004726550021935370
2004741524215525577
2004751029607563761
2004756625224335544
2004759968998981981
2004766689565814903
2004773095333396669
2004779911622676955
2004782702638367082
2004788809515630757
2004790596956029219
2004793446784225567
2004801942489571477
2004809430681125171
2004813530697204013
2004814437686141050
2004815619825565925
2004816970425008173
2004818595717783614
2004818935515152720
2004821039235379496
2004825982944092630
2004827292812673397
2004833553595728321
2004834321509880127
2004834546802721167
2004840018582667286
2004840052015407403
2004840291476611319
2004841059956994531
2004841856476348545
2004842309112971300
2004842666748780625
2004844029255843961
2004845090036936815
2004846457463976135
2004849192754368963
2004849322496786623
2004850375875330420
2004851460929102149
2004851861401338013
2004851868913336386
2004851875959734726
2004852411752743399
2004853534362423415
2004853567593783323
2004853743565885870
2004853884846739819
2004853894766362958
2004853995685466363
2004854266595537160
2004854304008712652
2004854312460284333
2004854647291609337
2004854827248222611
2004854868440482189
2004855580482261068
2004856088567709972
2004856096213926050
2004856104266891661
2004856698591478274
2004857140360663072
2004857146647978155
2004857153014956487
2004857620881105014
2004857903682126236
2004858544215179265
2004858895584653692
2004859195137688033
2004859922820071882
2004860619363942865
2004860638301225410
2004861258647175391
2004861849385533712
2004862068416283026
2004863398971047986
2004864090565722458
2004864094470635944
2004864098442654061
2004864183725355420
2004864520955781463
2004864986850754979
2004865507711943095
2004866138711490759
2004866607911481724
2004866889642877195
2004867168916414788
2004867695930737017
2004869566917484584
2004881396834381938
2004882992335126881
2004883482384978263
2004884049404535020
2004884535209820242
2004884975251038532
2004885172312047735
2004885387161039136
2004885659329462574
2004885932789621074
2004887970495824328
2004889507846652338
2004889848075968941
2004893807666692370
2004893872275816744
2004897934517882959
2004903281718690308
2004907913983500467
2004919454342545736
2004923783598276721
2004923784307065206
2004923903656018301
2004924040008634792
2004924681246404945
2004925372820009131
2004925874433655183
2004926441717412068
2004930060021891504
2004930136647635154
2004932640059891922
2004932667754913974
2004933306270580792
2004933815991763146
2004935533122994266
2004946250328932818
2004950821440803008
2004953787904176266
2004962882300358913
2004963841101422831
2004963972991402178
2005073713536942380
2005088812469551131
2005098340363763720
2005098682962846120
2005098951377297801
2005100146317807931
2005103911925948745
2005142988922695686
2005144440076427688
2005150890345542010
2005150985514352703
2005161146618175718
2005182794801230003
2005182803823227047
2005182828091445452
2005191710901723265
2005191956088139961
2005209079510429758
2005209108807639298
2005209183826977012
2005211770043187316
2005211821247263072
2005221136716660979
2005222262765678944
2005222283846320326
