1520362153416753152
1520362683723563008
1520366169420574720
1520374123675136000
1520374223558307842
1520374420526989312
1520374512889438208
1520375694697844736
1520375868820189185
1520376364700160001
1520377543328686080
1520378123656724480
1520378733890183169
1520380367298957312
1520380374211211265
1520380929596063744
1520381448305672192
1520382162012311553
1520382184141455360
1520382915917467648
1520383655474249728
1520390030963142656
1520391773134090247
1520393491733377024
1520393672289775616
1520394175329406976
1520394342162386944
1520399025518034947
1520400495705464832
1520402780686794753
1520403228739141632
1520404168552620032
1520416824168357888
1520440454059544576
1520440991773192192
1520441550508941313
1520443915974823937
1520444673919123456
1520446839920939008
1520601974177415168
1520613451315376128
1520613723022708738
1520630293480177664
1520632491018973184
1520632665019645953
1520643198770884613
1520645712605634560
1520645799457083392
1520647193442459649
1520647263814516736
1520647904947425281
1520648039530082304
1520648095809236992
1520649343753236481
1520649383586500609
1520667299124224000
1520668378796802048
1520696865175785472
1520722016860622855
1520722045474066434
1520722659650252800
1520722691791204353
1520723619436969984
1520729575848046593
1520739426733015041
1520753461138141184
1520770386815639553
1520772478657699840
1520775990082867202
1520776635775012864
1520776651625275394
1520778472821452802
1520784943349374976
1520786872641146880
1520788110204084225
1520794900031471616
1520794903261102082
1520794905454743552
1520796462795587584
1520797425996529664
1520797429138075649
1520826920966836225
1520827002684551168
1520832294629507080
1520833005203247105
1520835535119429632
1520835537908625408
1520978550093844480
1520978581639204864
1520978639814217728
1520978647141654528
1520984483675385856
1520990521686396929
1520990596537925632
1521008836877848577
1521014211651932160
1521020246198423554
1521024209241186304
1521024435809132544
1521024446374367232
1521024921350012929
1521025482417975297
1521027405552443394
1521031191935156224
1521032252880130049
1521045909303283712
1521052449674457089
1521053758423461888
1521054457697796096
1521054514056691712
1521054558310768641
1521056444535439361
1521069057960669185
1521069099714957313
1521069108434915333
1521072538096267264
1521085626610638848
1521092560848007169
1521093295572590594
1521094709091119105
1521105771081396225
1521106205095374848
1521129560120885248
1521129622246948865
1521129821979672576
1521129930440200197
1521179254847057920
1521180670902796288
1521185480557363200
1521185606428430336
1521185765111513088
1521185861236563969
1521186240196116483
1521186382127177728
1521207200508944389
1521208097196625920
1521209957936668672
1521340104945520640
1521340116890832896
1521340529598169089
1521343827080003585
1521345958440747008
1521346390458355713
1521347339885203459
1521355750248910850
1521355765834944512
1521363577294422016
1521363642952085504
1521367149377617926
1521372020230946817
1521385356482199552
1521386480228499456
1521391416923938817
1521413899328704512
1521433487596695552
1521457789922512896
1521464327957467136
1521464895468085253
1521464904821403649
1521465473560309760
1521465599016071168
1521466975137898497
1521467711888404480
1521467736261505024
1521469610926567424
1521479655043534848
1521500828284198913
1521526292079800325
1521552272815280130
1521555068939804672
1521693573363961856
1521695940503306240
1521695956743655425
1521696028260716544
1521713634174402561
1521714131996274688
1521714578236723201
1521716465199874048
1521720236017258496
1521723172508565504
1521723728064778245
1521732820430823426
1521734185802625024
1521735299130294272
1521736094080913409
1521737174516871168
1521738808475066368
1521739724481650688
1521740176057196544
1521740730036719616
1521740858697011201
1521741615957651457
1521742274631143425
1521742459578900480
1521745305813008384
1521745417289240577
1521750009867571200
1521750668935307264
1521766960001822721
1521768817080250368
