1556075773336776704
1556097703347916802
1556104880334737408
1556132485553000448
1556132994099728385
1556145301383446528
1556145306324324352
1556146657204772865
1556148482477420544
1556148703349854208
1556150404358217728
1556150589809049600
1556152744813416448
1556152753822781440
1556153344624041986
1556154409666879488
1556156028609503232
1556156308164079617
1556166472137056256
1556167260942635010
1556169462797111296
1556181450894245888
1556183274523066369
1556184185253265408
1556193616321687552
1556200086748930048
1556200962569949186
1556202009618853888
1556202840020103168
1556203301641011205
1556204444122959872
1556211293995950080
155623513057796096
1556237129113423872
1556252334887677952
1556252345201471488
1556299204116758528
1556339201725321216
1556504830138806273
1556505212785147904
1556505613160828928
1556505821609361408
1556513102870777857
1556515005360910336
1556526010153443328
1556526895302262784
1556527603674034176
1556527803365228544
1556527807244939265
1556527809824456704
1556528781271396352
1556531163619299328
1556531167595483137
1556533854478905345
1556539713942478848
1556545227321921536
1556546711387979776
1556547327980376064
1556547332807983104
1556548953965199362
1556549228238753792
1556549650953678849
1556550456813711360
1556551226564968448
1556553577149366272
1556553582606192640
1556553585898684417
1556558066362900481
1556558196440850439
1556559375329665024
1556563325794009088
1556565663916756993
1556566775981961216
1556568139282153472
1556572496018624512
1556611756255940608
1556611896098582528
1556611900536160256
1556613913407414272
1556614137597526022
1556620608808488960
1556621488630837249
1556622569788227585
1556623463208460288
1556627078572679169
1556633901002801152
1556633905146769409
1556633907793391616
1556652649499738112
1556661813437091840
1556664001878077440
1556825416521752576
1556825424633614336
1556825801454075904
1556827675267715073
1556827795551952897
1556827907527389184
1556828052516048897
1556900867277672450
1556908385483644928
1556909307928530946
1556909498765156357
1556909610446905346
1556916353818566656
1556916357643603968
1556919334261252096
1556938461521006593
1556979093651857408
1556982877216129024
1556985918808293376
1556986081241108480
1556987114088460288
1556999839015407616
1557000319544213506
1557002974777712643
1557025420046127105
1557025426115264512
1557027216223268866
1557030902777397249
1557053942236053504
1557053945960628224
1557057122827141120
1557059124101545984
1557065627033997312
1557069700521009152
1557076518534164480
1557085831159898112
1557206401784889346
1557244456264695808
1557253726959960065
1557256311582048256
1557258030265159680
1557260413129043968
1557269117010264064
1557274510054739969
1557274512562876416
1557274514500640768
1557285169769611264
1557293278793695234
1557294834544963584
1557305373509718016
1557311124332515328
1557311865859948544
1557312553432141824
1557312743749070848
1557313934679748609
1557315265159135232
1557388204428238848
1557408505757216769
1557408531707416576
1557430814849130496
1557430839838814208
1557432545880391680
1557433538244333568
1557439673735462912
1557596443791466497
1557607724443021312
1557623141182369792
1557626683682803714
1557631258187812864
1557633491894169601
1557634077431398400
1557635570280542209
1557636986571464704
1557636990333763584
1557637894873186304
1557637899155554304
1557642015281582085
1557643390212313088
1557645790599778304
1557645799596515329
1557645808966647809
1557650370444554240
1557651556509487104
1557654563825795073
1557728116805861379
1557729066802765825
1557730002736533504
1557730954487009280
1557907389126709249
1557920197763567619
1557920605458284544
1557960674483249152
1557961407672754177
1557971901380984835
1557974132641640451
1557974136814972930
1557975184212361217
1557987102620778496
1557994621430403073
1558001415435735040
1558018557534801921
1558018743292370944
1558072693412417536
1558120638623072257
1558300931380617217
1558324301765685248
1558332415902625792
1558333388817563648
1558337858729312256
