1802167139794625021
1802168108557414734
1802171594435076126
1802178179114877129
1802180521046196634
1802181806227341674
1802184602439561375
1802212006696722540
1802215923098505645
1802216008997871829
1802216034901831735
1802216054967488751
1802216066409542048
1802216102564434103
1802216168654037300
1802217237975101632
1802221227953545458
1802222576753942825
1802223404466241796
1802224297370689576
1802225758728786067
1802225812659425423
1802226614752932233
1802227288559526298
1802227556483297420
1802228150644121780
1802228223943860305
1802228987898315090
1802229436219281839
1802230025787248718
1802230079168430085
1802230323708596536
1802230634917855631
1802232684711682341
1802245280668250198
1802245331842941306
1802245867354644989
1802246094979829967
1802252162682024216
1802252677558251700
1802252725276836043
1802260469249654969
1802260540691292381
1802309135754723823
1802350720433389593
1802350814738219140
1802350876386062752
1802350900222308429
1802351311561932985
1802351339139457505
1802544197196796381
1802554003084943827
1802562489319932156
1802564951468368235
1802565919769808955
1802567341366214912
1802567695290056796
1802575720851341474
1802576937212170286
1802580347319935407
1802582338737668100
1802583401385623837
1802584142934143214
1802584243714801753
1802585156093657100
1802587466215641167
1802587470997188819
1802587476277784816
1802588693603238242
1802590894148964664
1802591872772345896
1802592307809505379
1802593203213758484
1802593960646644117
1802594402604593298
1802595578574254345
1802596355791106252
1802596796243538329
1802597222762307891
1802597742268604699
1802598201083781129
1802598547269009852
1802599063189373157
1802599665424343145
1802603916489822425
1802604354803061247
1802604731992527073
1802605664449278040
1802607565915955612
1802609288684396574
1802610572992905260
1802611373819699667
1802612045285888001
1802614709499121995
1802620118398373893
1802632903337373752
1802636153188741157
1802636746674536453
1802639306521182420
1802640719750029556
1802642034001657913
1802645205256134762
1802647256492884058
1802649334456230399
1802651113675423944
1802653205190582626
1802653819219931293
1802655410739871940
1802667639938101520
1802668025944171004
1802669216149254345
1802669363688050805
1802669498660430254
1802670016652882121
1802680539734024495
1802680638157525488
1802686885476896842
1802687928059269364
1802688005506761017
1802688053732847935
1802689118561857643
1802689798534283405
1802690180488552702
1802691969845735800
1802692159205716426
1802693415387509146
1802694488667881531
1802695207668064540
1802697193322872845
1802697367189356856
1802697683838140736
1802698233300361432
1802698425294795058
1802701340298416305
1802701353602445546
1802701359931609352
1802701390105714744
1802701409072320702
1802701432862429471
1802701511732195715
1802701593545986265
1802701599011127368
1802701941157646799
1802702055053688903
1802702120761602540
1802702335103078802
1802704631199601050
1802704683145826407
1802704697024745678
1802704972066283745
1802705454537281608
1802707018156826743
1802708395109290111
1802717920461828203
1802723267381457017
1802724648314106013
1802724737950400527
1802725873369628781
1802726580864594315
1802726747902992564
1802728707343421451
1802728927460495746
1802733526770667861
1802733532495929541
1802735178818933144
1802737558880694715
1802738452334858532
1802741007865586056
1802741820889366857
1802746071233315310
1802746771271291191
1802747576648896771
1802750388434841770
1802752403688870212
1802752439550103904
1802913028960325780
1802920670214627403
1802928387943526680
1802929056398348338
1802932977199935889
1802941912116338729
1802941955317317826
1802942575479030000
1802957524200788412
1802959592567259378
1802960050098720886
1802960208697627080
1802960362071003322
1802960744344121678
1802961101048758758
1802962207615185333
1802962681630224726
1802962961683669486
1802963186804744425
1802963435103428656
1802963802809372729
1802964133425639563
1802964406831382807
1802964737715835192
1802966352367636806
