1859513375157276848
1859513976134189416
1859517320693153812
1859518060954255711
1859519278711808155
1859538435142451602
1859547161672941723
1859554063593173398
1859555329610219859
1859562046247088138
1859566679182934109
1859570848329584781
1859571243013505119
1859572528165122460
1859573432125620478
1859574495784382575
1859582783070536018
1859584578798879210
1859590433493614632
1859602403668132276
1859602408311251416
1859602532789588281
1859606844005880187
1859607707558477948
1859608067513647178
1859608160673333335
1859608339900231708
1859609151384822071
1859625648798695685
1859625678003634320
1859625888654164268
1859626175737565398
1859633944439947384
1859634593676296225
1859635421711675726
1859636061493923938
1859636879664218564
1859636883694944302
1859638551211802669
1859641602790359380
1859645438963614124
1859649120983712026
1859649705589997766
1859651068801712208
1859655846227214629
1859783002458665097
1859784246774333647
1859807746079781251
1859820351804539128
1859829674500837463
1859830475512217684
1859831032545148956
1859831848123367439
1859833210932453813
1859837309748904003
1859839069305569367
1859839621842207237
1859839956300202110
1859842062881034292
1859843001243271511
1859846643828523191
1859847595016978546
1859848316613427420
1859849810544910495
1859850433843560488
1859850445289816433
1859858910947180953
1859860260535804076
1859861003946906068
1859862944378650827
1859862947872506255
1859862951525744864
1859868577811357738
1859870097097322714
1859872822941901152
1859874409848373447
1859875354338525454
1859875605225013706
1859876133183050047
1859876501421949358
1859876976384766076
1859877009608016123
1859879539121455200
1859880508085399884
1859882374865281404
1859884431487775121
1859885873476804754
1859886142897979602
1859890365899354427
1859891045615763560
1859896442686685439
1859898150087229538
1859898165551603945
1859898474860527823
1859898638476202311
1859902562901852636
1859907410925895943
1859911003431227760
1859911762067464485
1859912324897022086
1859912345692332292
1859914278968635663
1859922993075692030
1859923374396547447
1859923939256099117
1859925559687741683
1859927133914796127
1859930843680272781
1859931063273074961
1859932221664366878
1859932279969333272
1859932401734168660
1859933118607851560
1859933824878297502
1859933964825432386
1859934176402972959
1859936318220055034
1859937374505140317
1859942123879161986
1859942577845453237
1859950440051523830
1859954250371219798
1859954939264749991
1859955552094425243
1859956361167298774
1859957041856659829
1859960113324519458
1859965136431407139
1859965734476280037
1859966591573876755
1859968690814587323
1859968717175882003
1859970477873336679
1859972769892720980
1859982170934432053
1860003471455584538
1860004460610867476
1860148882023530974
1860154918121931027
1860169466153435232
1860170254460289450
1860184631502602517
1860185536633467367
1860186727102758934
1860197495181312063
1860197926154416283
1860205604243145068
1860211787616145636
1860214459861786767
1860214467365417016
1860234083537944653
1860234083894460848
1860234083902849066
1860234664155447622
1860241931856662938
1860245201371169273
1860261346996289770
1860262532088496479
1860266623409750092
1860271713436508585
1860271955783319703
1860272149891596387
1860273235780133264
1860278833162912199
1860278833230041284
1860278833775280184
1860278839764746420
1860280304738423147
1860281854412095850
1860291697919598648
1860293087492477017
1860294577443471848
1860296135681921103
1860297179459653720
1860303323108106557
1860307030269218975
1860309786811859118
1860309845758607852
1860310148381835621
1860325588508246216
1860336814365769850
1860346091822293503
1860350333790355794
1860353743277162852
1860366874250477857
1860367791985164345
1860392248447500723
1860530493625659423
1860530510713241915
1860579364372365486
1860586967215538664
1860611343868383387
1860616921336500509
1860617012742852632
1860622300099314101
1860626143285788853
1860627922228285602
1860642129611046974
1860644086488641683
1860653447512514613
