1515607747152150531
1515615271725432839
1515615529276686338
1515633085953765378
1515646955418177538
1515665011372294149
1515669405682008064
1515670562336833536
1515670635237998599
1515670713235304455
1515670759020310530
1515670815408529415
1515670841241247750
1515673233235714052
1515674223628283907
1515674242926272512
1515686370941235204
1515712062718365699
1515714118732648449
1515714501823561732
1515726559445155843
1515727391561494528
1515877660420833287
1515912471919222788
1515912689452990464
1515913818962272258
1515920899639476226
1515920973887053824
1515921868636946433
1515922042365054976
1515923609361219584
1515926052283228160
1515926094058516480
1515929396024324097
1515936578149167104
1515938102099181571
1515941580712345600
1515941636760834051
1515944832199725056
1515944916978790401
1515944966672961537
1515946466329591809
1515947449344352260
1515949259740254210
1515950445260603393
1515950776484458497
1515951775768928257
1515953995893813248
1515954002214621191
1515955539838087170
1515955766137860096
1515956625948913667
1515958627865030657
1515958932434735107
1515960775528964102
1515963953658351619
1515970470826627082
1515973998320156674
1515974001893711873
1515974004901052418
1515980544693379072
1515980688457355268
1515991815236718595
1515992679376568325
1516038461157167105
1516052969099300869
1516053185307152387
1516062088267202565
1516067655882776582
1516072429411794946
1516072744806662147
1516074999811284995
1516078205161328641
1516078547328462850
1516078594061381633
1516096036929867779
1516106224324218883
1516112109918384128
1516112478878703616
1516112500118679554
1516112570293571586
1516112618532270081
1516113164559339521
1516274758614093826
1516277068803481600
1516291553316470784
1516292011745181699
1516292933796114432
1516296350857842688
1516298085869432835
1516305603462795270
1516306327219277827
1516307707896090625
1516308889448624130
1516308896457314306
1516308903059165188
1516311330818453510
1516311338171068416
1516314071594725382
1516314550848524288
1516314978634338304
1516333047863382024
1516333718553595904
1516334644093874177
1516341302639570944
1516341309413359616
1516342133094948867
1516346259228880897
1516346261590347780
1516347513535488005
1516352349018603521
1516352455679770628
1516358856896835593
1516358885095145476
1516377229374406660
1516377970042032129
1516378852741722115
1516380392177111040
1516382900882616321
1516382977202163713
1516426244581388291
1516426261513793538
1516426275166224389
1516429908419166208
1516432094515576836
1516433931003826176
1516440373920296964
1516460352971546628
1516468186291785735
1516468244726845440
1516468315266646016
1516494120659058689
1516503534933807105
1516618397412655106
1516621704914935817
1516636408186011651
1516636898201985030
1516650707528871939
1516651254763880448
1516656851391107077
1516657869449400322
1516658395478376448
1516658395490951172
1516659364567810049
1516661763810349058
1516662413440929794
1516662922512011265
1516663970232344576
1516664953322700800
1516665373617184771
1516666240466821121
1516668769170427905
1516669395065475074
1516669626629107712
1516669909358739458
1516689766745468935
1516689773980622848
1516691493779505157
1516693191558193152
1516693532127289347
1516694827160653825
1516704967393914886
1516705066690166786
1516705069315461123
1516754924058845192
1516754989267714053
1516755522212745216
1516756361371340802
1516758216985972743
1516758353082392583
1516758662525890561
1516759681825669124
1516759729368100869
1516759775824220164
1516760281497554946
1516767702362509313
1516772679021658124
1516776804178366468
1516776828413050880
1516782955674632204
1516785448474927104
1516798587111305218
1516804646794559495
1516810854444199939
1516810876468490242
1516817175847514113
1516818189736615936
1516818292060856325
1516818401569943553
1516818444347674628
1516818918991867904
1516822241602064384
1516830983387238400
1516831208071897090
1516831276917227520
1516848872370417667
1516848886522204160
1516998261944451073
1516998850921512960
1517016722699857920
