1560207783622221824
1560222244152164353
1560247694358376448
1560413875627257857
1560420330522701824
1560545867329081344
1560550689784594433
1560573818749751296
1560578059807649792
1560593184098762752
1560602251210944512
1560622573737902080
1560622581899997184
1560858516352831488
1560861565221752832
1560861568921145347
1560865411545337857
1560865641795850240
1560865647365861376
1560880075410931713
1560882465153003520
1560883007614906368
1560887349864591361
1560887888002179072
1560892043534438400
1560892566023061504
1560894779160162305
1560944900778397698
1560992705140125696
1561012760401457153
1561015454231326721
1561183907755999232
1561241462121320448
1561243090547281920
1561243100512911360
1561247225388625920
1561249873185615872
1561263897340149762
1561263901505130496
1561265187478736896
1561265193501757440
1561265906239819776
1561266750100246529
1561266754248413185
1561268121646018560
1561280648513728512
1561290222796939264
1561295063896195072
1561295226370953217
1561330542339305472
1561330547657691136
1561388892133421056
1561558748254068739
1561565352471195648
1561603115216179201
1561603354325053441
1561604002672164865
1561604469544341504
1561604939553853440
1561605440362119168
1561605443990204416
1561608297425551360
1561608303675076608
1561608309219934208
1561610991632527360
1561613062058438656
1561613730156527617
1561613734745112577
1561613736838074368
1561618148310233088
1561624974972321792
1561625968481292288
1561625974881800193
1561628054832975872
1561628643285401600
1561628647664291840
1561628651044872193
1561629094089211904
1561631069589614597
1561631834949451776
1561635350573101056
1561635437302919168
1561635638277185536
1561641038108069888
1561644454532218880
1561645808856231938
1561645849192841216
1561662315631898625
1561667422318641152
1561668969626742784
1561672806789959680
1561674733401559041
1561701205809991683
1561756649135960065
1561930297566187520
1561939725635956736
1561941582756331521
1561945929346715650
1561947548566560768
1561950317486669824
1561954073506873344
1561967454242619392
1561968433008619520
1561972992279982086
1561974021453148160
1561974558173052931
1561976737948659712
1561977605301350400
1561977612159045632
1562007646592503808
1562013441556357120
1562037331204653056
1562037954847338496
1562075889005137920
1562137059984539648
1562145416405458945
1562145420700450816
1562296497961844737
1562307564091883521
1562316525050429445
1562317038055747585
1562319347456290819
1562321327062929409
1562323561330921474
1562323796648153088
1562324769428873217
1562325853853601792
1562327150803709954
1562328192400392192
1562333654474698752
1562334848123273217
1562335545690562567
1562335686845689856
1562336590491688963
1562336665104175107
1562337617332830208
1562338196348076033
1562338642496221184
1562340189162582019
1562340195386929154
1562342229678915588
1562350734624301063
1562351664207904768
1562351671589879811
1562351678472724480
1562351684051161094
1562352767444090880
1562354535636815872
1562354982170820608
1562360860303306754
1562362429933498368
1562364248076201984
1562366664334643201
1562383860444581890
1562386504332509184
1562389444640243712
1562397769700376576
1562429844306010113
1562447832992600064
1562456145238769664
1562626280096681986
1563011698935549957
1563017623813492736
1563033948133146625
1563048783406981121
1563050143926321160
1563051039385096195
1563051340934565892
1563051810428166145
1563052111386247169
1563052372435546112
1563055388307902465
1563061811582185474
1563062030528966658
1563062377536335872
1563062551751012352
1563063124525076480
1563063569427468288
1563063929466548225
1563065280896839682
1563067099337347081
1563067366480936961
1563068228896985091
1563068753864445952
1563069815467945984
1563069822224957440
1563070800160489472
1563070964413665283
1563072060179775488
1563072881609052160
1563074323770142720
1563075261763305473
1563075269141082113
1563075284294742016
1563116563565518849
1563119173391495168
1563123799096078336
1563143603341316098
1563163340238909443
1563175504248975360
