1942634278619341055
1942648219953160382
1942656050366501084
1942656149842784561
1942780051008966861
1942782551828967606
1942785538987286913
1942786000079516055
1942821183004762165
1942821980799131911
1942822357229506826
1942822471692128664
1942823979519205511
1942825875323642128
1942832610016915466
1942834034893283575
1942840673981587907
1942842776401633790
1942847061579424033
1942847757750001721
1942848813766701405
1942848854107341271
1942849214951604272
1942850863636393993
1942851605071814989
1942851635803226349
1942851741424165143
1942853413982855514
1942853664508633124
1942854326504058902
1942855051267252392
1942857086813233197
1942857530478321768
1942858156272681370
1942858342453633319
1942859078776266993
1942859084467986854
1942859196896104581
1942859623930949693
1942859638644338980
1942859702016073848
1942860855567409197
1942860863398170838
1942861331180446090
1942861352277807140
1942861692867862681
1942863767471092167
1942865828736868791
1942870892964716752
1942871698115862925
1942874714214699213
1942876410789642663
1942876565773136119
1942880141983744496
1942881881738936510
1942884466936222105
1942885494880444428
1942885711239348666
1942886007625638363
1942887240621027697
1942887257956041063
1942887263760982231
1942887485618684010
1942889712215347316
1942894702224941191
1942894847482028107
1942897974587318448
1942898347142181148
1942898916015677912
1942899444304982463
1942900686150050153
1942901246198677787
1942901262607143340
1942902006227550430
1942904052540653987
1942904508927066150
1942906081451352528
1942907810226016443
1942912690869199119
1942917692765397137
1942922383041724678
1942925191094644910
1942928367671722177
1942931713262522562
1942933660803756179
1942933933546782806
1942939402726252727
1942940730760241492
1942945620534411653
1942965254931272014
1942965288364089828
1942966311526821999
1942966888839176309
1942966896355356866
1942967366004199565
1942968393751220390
1942968706738585704
1942969704215441627
1942969710469091442
1942977204742463932
1942982677726200207
1942982731459096823
1942986988191388058
1942988590629146709
1942992728780124161
1942995593883980153
1942995628163826017
1942998617759060056
1942998621881843864
1943001809087234393
1943001812925133299
1943002012247011722
1943004773709693019
1943004793548447809
1943026063929675961
1943120490572263469
1943120846471729221
1943131072889254089
1943143886831931741
1943150811972051132
1943161815443345798
1943161837668962745
1943178957173723508
1943179620997869829
1943187326059880450
1943195102018703868
1943195587945299991
1943196281381245404
1943197495925899659
1943197726428270602
1943199371434299854
1943200023014985921
1943200257757921552
1943200316641718636
1943200419179814936
1943200482220195939
1943200555305926792
1943201360838619401
1943205204205224366
1943207664898494510
1943211174805348785
1943213209286316537
1943217736232112499
1943221855462265029
1943223236747313631
1943223982473515390
1943224693852344511
1943224919703327218
1943225331441156186
1943226312908509283
1943227824493469992
1943228673613598922
1943228885111308349
1943230167968891133
1943231125289087272
1943232011772268793
1943232026376835473
1943232042629763197
1943232060912734286
1943232586106667345
1943234118269178143
1943234677361533278
1943234885876887622
1943235448673100184
1943235719331483884
1943236089956962446
1943236375299658242
1943236621899612398
1943237331080876463
1943238010138693651
1943241119824773402
1943241189030777285
1943243418399875363
1943243425312301148
1943245215076356384
1943245680342098313
1943246120517505234
1943246989048861092
1943246994748981419
1943247994821935125
1943248898346401835
1943250155991634358
1943250419427496157
1943252245451280532
1943252469125124360
1943252880959639739
1943253192592212466
1943253472880791753
1943253477439991958
1943253482368307334
1943253486797496747
1943253593664163883
1943254109999763783
1943254323112349820
1943254931416436791
1943256176097136765
1943257135787499759
1943257141030298045
1943258351288164499
1943259095601156146
