1965033838574526776
1965036681318604958
1965038121944494192
1965041431342710869
1965044846638608446
1965045012561052049
1965061121750216793
1965064220208509330
1965067695281545540
1965072553892061194
1965073233696473500
1965076125899526318
1965085622017917399
1965086822733926577
1965086963142439198
1965087122312011827
1965088123937042639
1965098299222098397
1965099040456270262
1965102822053249029
1965105554105532570
1965106007438491954
1965237695904673811
1965256347160903806
1965258863696838716
1965260900140810334
1965261380207964255
1965266081897132335
1965267671995261160
1965271447250825712
1965272080385196409
1965278498349818190
1965281904799949238
1965283576166981850
1965284081002053777
1965287241456226710
1965293148193816896
1965294132316045773
1965295203021177242
1965298597341331460
1965299038926037164
1965299891766485460
1965300093177004396
1965300741289218490
1965307661232255140
1965308704133464400
1965309809475158409
1965313398239088970
1965314098687807652
1965317348929536450
1965319362761691625
1965319404650152003
1965320349371040065
1965321098171744769
1965321306016239775
1965321312022544626
1965321589089862053
1965322232600953196
1965322965291241592
1965324210999624152
1965327283520225365
1965328809470955532
1965330860254581046
1965334137860235287
1965335252907565154
1965335447741366646
1965337232560230792
1965337239245959360
1965339526236377175
1965339533337395290
1965340654751686761
1965342313993126113
1965343174823670266
1965343233053225292
1965358260657291309
1965360216582848984
1965361496701222987
1965361553534034219
1965362770775572623
1965366594131116274
1965369718048784586
1965370997949022212
1965371201062424670
1965372562936143899
1965372729168986116
1965373627723063355
1965373870673924547
1965373877607166398
1965374382051918041
1965375346595057712
1965379010080453084
1965379915320361219
1965380716075925724
1965381409176207630
1965382214612668479
1965384880235446613
1965386078044782913
1965386353321107803
1965387024720167002
1965389250033246411
1965392721235083265
1965393214086762557
1965395525727089032
1965402289931518315
1965402324303761559
1965404751111352447
1965404757704810962
1965404763299950993
1965404768165396628
1965406304048198061
1965406309072994404
1965406313938329629
1965406767128723848
1965409027317531003
1965427928537461213
1965428441391792214
1965429308757094483
1965431506295464077
1965439446955725071
1965439527905837399
1965440710313934924
1965449177716150702
1965456190630138098
1965456217473778131
1965456805796217166
1965458748421603732
1965461278497075303
1965461330804310245
1965461866295226600
1965462048462254150
1965476416977600884
1965478404977021111
1965478431724109919
1965565974348005875
1965609894750683635
1965614579766989196
1965618736251191614
1965622509107114429
1965626288296919433
1965630058929770925
1965630266594263467
1965630554222854604
1965630828630999118
1965630938358186209
1965631149465858225
1965631366608953724
1965631501795754427
1965631660931907731
1965631807082430667
1965632195160330372
1965633835259101457
1965645193778266472
1965646206522327495
1965647684922212358
1965648519999750189
1965649957752639591
1965650645551382762
1965651289121194158
1965653611645657480
1965653772157551092
1965654608904421867
1965656064067523016
1965657726501212473
1965664358056243634
1965668575383093667
1965679317066924058
1965682227125391525
1965682364300099621
1965684242605875220
1965688015394930720
1965689956539809984
1965690347104928166
1965694776382292426
1965695403598438668
1965695932378599608
1965700005391696161
1965700779467329808
1965701893822554197
1965703437649371573
1965703908925612069
1965705041551229245
1965705342920392972
1965706290493304939
1965706294570135875
1965713469854060603
1965714127609033028
1965714784613257280
1965715561591300433
1965717564795085285
1965720541475832102
1965723718044516863
1965725124558282947
1965726403816825039
1965729364177555688
1965730775275549055
1965731632381583439
1965733243086594157
1965735087338819864
1965736326134890535
1965741509585805401
