1439991637757865987
1439993716811321350
1439994358892138498
1439995008887648259
1440000741402288134
1440002162050809857
1440148494874931211
1440160136937422849
1440160279333990406
1440162098898558976
1440162204809003022
1440162264070250498
1440184683099164676
1440194536399990788
1440194577403551745
1440194624027447301
1440194626028072965
1440196738480967683
1440206572194394122
1440212767433105412
1440216249506545671
1440217458774659084
1440217728527134725
1440218011017748486
1440218270519283717
1440219427165786113
1440220579022315531
1440220974540988425
1440226404247891973
1440227187135713283
1440227701718089732
1440238279912161290
1440250099150442500
1440250501820391431
1440252701653172227
1440254383577391109
1440255495567147017
1440257902464233475
1440258630406709250
1440263240081022978
1440264959217176580
1440265094353481728
1440265118470721536
1440265187576090632
1440278066270400526
1440280847731486728
1440280906661433355
1440281118800969738
1440290277671899139
1440292552796561415
1440299371057188865
1440299604252114949
1440332111873863690
1440337965440405505
1440349888479252488
1440364245229572098
1440377227670011916
1440378317803175937
1440513769096974352
1440513791645532160
1440513851481493521
1440513923422187532
1440514447697534980
1440514700228194305
1440515667170496522
1440543266085036033
1440550086887411717
1440554346702204933
1440554403472150535
1440556353446035457
1440558327478439937
1440587270101221377
1440589398433697797
1440591349380571141
1440593173902860300
1440596991814225920
1440601249942933504
1440607532792246277
1440610041917100036
1440613070884114441
1440613085115346949
1440613094095347712
1440640339228774413
1440640342210985984
1440643592498790413
1440645519936679941
1440650026103885849
1440652318366601220
1440673967019151363
1440707963199508483
1440709524571058176
1440709904117874695
1440710786633011201
1440716080276664331
1440744679201382406
1440747875768549385
1440749056695816195
1440755653459398659
1440755695905751044
1440755837031485447
1440756943287558150
1440757499708067842
1440757827316817923
1440757853594152960
1440758137544339468
1440758178161958912
1440758292620271623
1440848035055947786
1440848048528125953
1440848058334343170
1440848071038955524
1440848178232786951
1440848192619171842
1440848254187368457
1440848276656324610
1440881240400285701
1440905934792847360
1440905967533576198
1440917658329772032
1440921802872475648
1440921910397702149
1440922236609708032
1440923330589065216
1440927282810417161
1440938649093165062
1440942501620174848
1440951917958492167
1440982882940452868
1440982909368692738
1440983161958109186
1440983206463873027
1440984463698137090
1440984569180610574
1440986886953058312
1440988768886874119
1440988775148974085
1440988783898357764
1441003724428644361
1441008542710841346
1441009250696773635
1441010943576526852
1441015726651822081
1441016729094684679
1441019550619738113
1441025743924826113
1441032695266480136
1441042049315139588
1441051697069977610
1441063333625401349
1441072310044090369
1441072336900222983
1441081519313879043
1441081557637230596
1441082592925679629
1441225106605309954
1441226056594120710
1441226474183278599
1441226500884234247
1441226687748861953
1441226807366144002
1441227741018218508
1441235596379230212
1441242688431427588
1441243781349588994
1441244494712565763
1441246116704448515
1441247627769647105
1441249079963516930
1441285560899833860
1441286329099120649
1441286806960435200
1441287523313979399
1441293345372839938
1441294772895768584
1441305230331703296
1441305755919872001
1441307994046664710
1441319166946918407
1441328540327165964
1441330277620408325
1441332174603501579
1441332996435439624
1441334606326755335
1441334663293800448
1441342102802092046
1441345351303106568
1441345407624175618
1441345503296319492
1441345523064008706
1441356127183065096
1441356316987977730
1441356605522513925
1441356656130945028
1441357259070607364
1441361845521039361
1441368669754249224
1441371992209252363
1441372501582307337
1441372733326049281
1441372774757400591
