1278694186368155648
1278697885282889732
1278703622671306752
1278708932983132161
1278723094937341952
1278728528993775616
1278749947337175040
1278753980265324544
1278931737075056642
1278931838799540224
1278931978910228482
1278932645678772224
1278972527411249154
1278974206705688579
1278974209905983488
1278983623702536194
1279014838119718912
1279040644418158592
1279047461906997248
1279048367889190914
1279048596092932099
1279052073737129984
1279097681869037571
1279131574231916545
1279237260316008448
1279241688012095488
1279260696463593472
1279260895047069697
1279275386770034688
1279280294382587909
1279324449670643712
1279324729258770434
1279325066472366082
1279338833780170752
1279342896852992000
1279348418570153984
1279367123400155138
1279368595680579584
1279370519918153735
1279372287297286145
1279383575075250176
1279383591135309824
1279383811021631491
1279384600054095873
1279391016089346048
1279391185732132865
1279391985053270016
1279407212369080321
1279448308059013120
1279453199317872641
1279456813402841088
1279477021446291459
1279604403884843008
1279623616339083264
1279661428421488640
1279665192884858888
1279703966738083840
1279760971393724416
1279763516170240000
1279763641399603201
1279764675991703556
1279782682851856384
1279784097187901441
1279784221423226881
1279784294378950656
1279809820556619776
1279822790636351489
1279823111026704384
1279974421411663872
1279988424804405248
1279995682200317953
1279995738752073729
1280000549870432256
1280028458123313153
1280030807772459011
1280030971807412224
1280041967053934592
1280044252492230656
1280057520799617024
1280067762014924804
1280117399145103360
1280121845153398789
1280125973409796102
1280155721359712256
1280190908445585408
1280204183610613762
1280204185263202304
1280204214711357441
1280208345064861696
1280212781749301248
1280322926336602114
1280325166598246400
1280327020786757633
1280328693189980161
1280332287666601984
1280390292353376257
1280401871442599937
1280403386773446656
1280412140243836930
128041294407802881
1280414163861299200
1280418978125410305
1280423537820397568
1280428022345027590
1280432571466215427
1280489400518930432
1280516756088532998
1280518968181129216
1280524418159128576
1280533977489530880
1280692957297823745
1280704599045763072
1280711190906171392
1280734661048582145
1280758565100273665
1280758568547991557
1280761469877891073
1280766153531355138
1280771595431116800
1280808147175608320
1280823352798543872
1280839499707105281
1280845465773203458
1280850782913392643
1280854631979970560
1280864207341117440
1280879351127572480
1280885762175627264
1280890551521497088
1280936782855467013
1281051455378448385
1281051890411659266
1281057946399465472
1281089782899077120
1281089800007630855
1281090496186609664
1281090689476911104
1281092130354552833
1281120002091802624
1281121641674629125
1281129497874493442
1281137049991442435
1281137163808018433
1281147947518799873
1281148006343913473
1281148500646875137
1281150081744306177
1281157086517198851
1281175535242993664
1281183378566332416
1281191293209591811
1281220305894031361
1281223850093686791
1281234149093724160
1281234206689918976
1281238954671370244
1281244324198412289
1281261327147663360
1281263294058098688
1281263295798730753
1281263809764548610
1281263825325420545
1281449261566054400
1281450643828273153
1281468892758503429
1281475527551807489
1281480769966227458
1281483904864509952
1281485241987653632
1281485972832546817
1281486156064944129
1281486226642460673
1281519965024120832
1281524219889610754
1281525636029276160
1281526293142499328
1281534555988439040
1281534557645180928
1281563376611667968
1281566799889408002
1281571880680529920
1281587734717571073
1281587737292951554
1281610869391208450
1281610871924494336
1281765747975270400
1281766959076356096
1281767708418142208
1281768302184763392
1281768458766573568
1281837487153754112
1281846662114291712
1281873648677089288
1281891538927149056
1281921313637105666
1281931547168382978
1282247256641433600
1282274388935491584
1282302024910921728
1282307888447291392
