1939574513328701818
1939584797329981631
1939587114544624032
1939592539746824402
1939593349117399378
1939596281632203030
1939597642436420033
1939597649965208062
1939598169618411712
1939598923733336382
1939599541034160377
1939600112097075415
1939600204636058089
1939600978392555617
1939602011508686923
1939602017028387129
1939602456444641505
1939603174396231717
1939603603251187959
1939604749843849688
1939605855172968544
1939607544697409575
1939608741911105754
1939609728335991163
1939610187662598481
1939630602376114406
1939632235755507781
1939632391599116333
1939632886917050808
1939633701538984258
1939633878878310602
1939634254000058602
1939634348309025078
1939635077375217911
1939635766713626852
1939637029173645507
1939637061209788422
1939637595451068605
1939637842319401153
1939638651765637256
1939638656173846678
1939639094889631941
1939639099373281733
1939639818650374513
1939641505100288354
1939647281369923633
1939649716452827624
1939656486235570457
1939656992550961189
1939657619884666908
1939660061703626833
1939660612575109328
1939661776976843020
1939662093784961367
1939664495087173925
1939665096520962486
1939665319989256581
1939669051061805354
1939673114608357687
1939683737769521552
1939689024442261890
1939689581785518560
1939697440552059296
1939700027431293026
1939700887905243283
1939701795078689234
1939702265453138427
1939703892981531109
1939706865786794365
1939707705620623365
1939707711572369792
1939707994390118508
1939708520414498977
1939708915006296419
1939709704948916671
1939710418873876950
1939710616228475237
1939712031806087366
1939724436061749419
1939725520981434593
1939726503237099760
1939749841724383245
1939888796356817157
1939896749935497530
1939902100038959592
1939903029219836259
1939903951421558953
1939904290296144071
1939910379523465535
1939912622272545022
1939913180270272842
1939921348282782002
1939922460771553507
1939924101990150522
1939925474307609010
1939928647743266839
1939929837801439295
1939931671081394236
1939931785351024964
1939932958816645590
1939934103417065846
1939940025610666467
1939945520178373000
1939954227821879697
1939955618430751140
1939957544048337149
1939957860818993297
1939957976724341146
1939958171314860398
1939959107470909605
1939961057424154908
1939962331460428059
1939962614135628082
1939963004184866961
1939963899727458366
1939964599102591449
1939965241795735865
1939965458578313454
1939965853778219500
1939966312756744676
1939966748511420688
1939967077864870181
1939967362322571753
1939967899667439916
1939967944672383247
1939968713400172893
1939969303815598499
1939969309582729581
1939969315484090670
1939969561337418041
1939970184162243002
1939970224427540776
1939970802146787798
1939972363388403718
1939972368694133133
1939972373031055802
1939973233303810242
1939973923405213881
1939974943787073908
1939975518033510558
1939984848195633392
1939985619662389652
1939986163298627975
1939988181962620981
1939988972463182038
1939989453381984741
1939989672265920610
1939993280051040362
1939998691827622272
1939999335459987953
1939999694756651267
1940000342768333055
1940005467327189007
1940005834647597415
1940006732199338474
1940007432723353730
1940008226054939031
1940012081148780704
1940015308132990988
1940015313048756521
1940016037161734583
1940016708577526237
1940019550499529145
1940020069162992008
1940020943159537897
1940021168976617744
1940021650898198559
1940025111811428372
1940027822506222058
1940028189352632528
1940029312025207152
1940029694893859230
1940030168871182425
1940030599965942272
1940031265366847649
1940031342437077169
1940031637028577730
1940031999571284286
1940032215108473046
1940033847498059905
1940034542976553171
1940034625730224477
1940035265244127600
1940035825708015968
1940036503033586015
1940037057453465620
1940037632798728675
1940037949925785656
1940038070663094648
1940038504530194757
1940039023579611466
1940039532717498611
1940039608466583796
1940039726351745486
1940040018623406531
1940041308967674336
1940041633590018334
1940041728775319977
1940041902377566251
1940044199233310986
