2002229471559229881
2002236359386542588
2002246034341478617
2002252719831269696
2002256663102042443
2002257886198796674
2002259282172260402
2002260094776664154
2002261050331443492
2002266010557296747
2002270685238894637
2002271680299741222
2002272291984646351
2002279824136847537
2002282408826352071
2002283418793705755
2002285204434792933
2002287348248420433
2002287483313435118
2002287649214910470
2002290086646628640
2002291896962724269
2002297594861793286
2002298256106438960
2002299345597804783
2002309645386297358
2002312005122994317
2002312227165233507
2002313452497309783
2002314242309923121
2002316561496055985
2002317855287820697
2002319662089203820
2002319945699635311
2002320049433186332
2002320401884713468
2002320434608619777
2002321825192398904
2002322609774735732
2002322614904340558
2002323832347242565
2002324016540115215
2002326209213210629
2002326853248561475
2002329601029386545
2002329668784205913
2002329975597289850
2002329980953325908
2002331914527506632
2002333161745691002
2002334366186549289
2002334422725767502
2002335496912187481
2002335598846337479
2002338606216847387
2002339183818584108
2002339207608741999
2002339375590637751
2002339460697252048
2002339512576585938
2002339519933395236
2002339965594972444
2002358149119160514
2002358554737717298
2002359767344578757
2002363062721097804
2002364413840626087
2002370903334654404
2002376036089254085
2002376652182204533
2002376674277798208
2002376716778623239
2002376843119505664
2002378459474243661
2002378638310977560
2002386620193055199
2002387058510491989
2002388723888238680
2002392816261939438
2002396575851827202
2002397276753289637
2002397467858653679
2002398502186529049
2002399060683378862
2002401690918748220
2002402273893503390
2002402313470951580
2002402313764548661
2002402448116179289
2002402597236523216
2002405355058610306
2002405361668792520
2002405366383194572
2002411130921144540
2002415538895794193
2002415890823065692
2002417115874337235
2002423023597654476
2002423224886493605
2002423232872526062
2002423238744551534
2002423245002473887
2002423248269771048
2002429145293484371
2002429416778203551
2002429535434813483
2002429539671306348
2002429554036719686
2002429555668365638
2002429566686769234
2002432518847672566
2002434066076066158
2002438927983259677
2002446115954962833
2002450166566240434
2002459429598605665
2002459436376600652
2002459442722582881
2002459447894114648
2002536999081623755
2002553015598002342
2002553339687677989
2002556505615446379
2002559139369922592
2002567196640489486
2002568712373875022
2002582296831164793
2002589849421803677
2002593284036997314
2002617591563768279
2002621056021102932
2002621956085133457
2002629279801340263
2002632890367291794
2002643806488084587
2002644648985309404
2002645820198531175
2002650932144976284
2002651945430077632
2002653757398782221
2002654870013423766
2002655243457474867
2002656047958511902
2002656280754995455
2002656510128906653
2002657141791055942
2002658587311812921
2002658954288246804
2002659395965235255
2002660113300271474
2002660418423242794
2002660955633717382
2002661438029226440
2002662208283771028
2002670324912099450
2002672129217798324
2002672137497387209
2002674066235535840
2002675191022035246
2002677333984260425
2002677769034186843
2002678042830028922
2002679278710968710
2002680960173887572
2002681302420787377
2002681518700032349
2002681591668310227
2002681650782900337
2002686390430244935
2002686856836821133
2002688113370706151
2002689254145859696
2002692488017141823
2002693342895984973
2002696092379701266
2002701934097313945
2002709665914966178
2002710642621632753
2002714660102156390
2002715883979096391
2002716038052606022
2002719150553395234
2002719951862518083
2002719963543683236
2002733293154820407
2002748006588960989
2002765414347227139
2002766950594978288
2002770900236841229
2002771746928439647
2002771751009489041
2002777271204298941
2002778803647754386
2002779506592067686
2002782853814513806
2002789273712644192
2002792656083312662
2002799902762680546
2002830720226709784
2002899385374454192
