1459790328223830016
1459793635034034181
1459805569741561856
1459805992716099587
1459806025792385027
1459806124056539143
1459807962994601987
1459820404323741702
1459824459934617602
1459827913767878656
1459827936983355397
1459828166151663617
1459828534688423939
1459832596045578245
1459832745098579970
1459833197970165766
1459837635417886725
1459839946722721797
1459851915655745536
1459859776670601221
1459859851429888000
1459861400138907650
1459864179389517827
1459864295311745036
1459865428537188353
1459884846830927872
1459907578104741892
1459914464099127301
1459934924325093385
1459935009028984839
1459967098348658689
1459968995746926595
1459969227478028289
1459969540377362437
1459970053021995008
1459971033125961730
1459971653954244610
1459971880010457088
1459972555146600448
1459975272485175296
1460133704903249926
1460142479529832452
1460142562459602947
1460142625252470786
1460161504628514823
1460162642861985792
1460162663162400770
1460164330595385346
1460167524561997830
1460167531738451969
1460168137958064136
1460168290764951552
1460173712599093250
1460175161739468803
1460179167853441029
1460181011002576900
1460181457490481156
1460182395471028224
1460185468159418372
1460187351871721476
1460193582615203843
1460194881012322307
1460201802335342598
1460202473281392642
1460206552913100801
1460209635512647681
1460209699530240004
1460216218942521345
1460217138526908422
1460217534167224322
1460218910150516745
1460220650958721030
1460232090084003845
1460233905047359495
1460249579979304964
1460256751094165505
1460260173486845956
1460260208521846790
1460260524214476805
1460260634717679616
1460260817031495681
1460263366199447553
1460281312414089221
1460287331630342146
1460300999940132864
1460427218664919047
1460486053530193924
1460487076160282625
1460490376851046403
1460490454542155777
1460491788012056581
1460492232083992580
1460493169569636360
1460493992823459840
1460496494079868930
1460497821191131136
1460499496270372864
1460499653229617152
1460499712478351360
1460500359810482178
1460501657154830338
1460503340731678724
1460503939632168962
1460504754287644674
1460505217087127556
1460506408982515712
1460508082706870275
1460510277607198724
1460511854250266627
1460513289612316672
1460514386884263944
1460514702673395712
1460516145534885889
1460516610918137857
1460522454065946625
1460522945130889219
1460531895817551879
1460533195108061190
1460533665205678085
1460534119763304454
1460534297887068164
1460536669614972932
1460537483020550148
1460539954220593152
1460543111147372546
1460546173115068417
1460546625223348233
1460547242377433090
1460558530696466433
1460560903410053125
1460561214380019712
1460562181393502212
1460573736852094977
1460584604851589124
1460586346733453321
1460590991925080066
1460591285039820800
1460591318950813702
1460592383322591233
1460593220698587136
1460593443491618819
1460600364709801999
1460611463098241024
1460611507331350528
1460612198871408644
1460616837129916419
1460623142892687363
1460634619053686785
1460635091831451650
1460635451237158916
1460650650866307074
1460675264313118722
1460675538536648708
1460676014481108998
1460676057678241794
1460676474638266373
1460676786430169090
1460810362043789312
1460810383602577411
1460810840366481409
1460810892262604805
1460811241534877703
1460814214373601290
1460831137433939974
1460843332611969032
1460844341123977218
1460845271106011145
1460846888316379140
1460847440530067459
1460847580204584966
1460848420839575554
1460849223906172929
1460851134013198338
1460857614141726722
1460858083974922252
1460868006741827591
1460889233724370945
1460896567364227072
1460897784962289664
1460897863475494912
1460898435465236481
1460901969132810240
1460909795360206850
1460925684361011295
1460926470759481350
1460979338661093379
1460986865658388481
1460990438765051908
1460992898132971520
1461006630846271491
1461007049827831810
1461007231969685506
1461009094215553025
1461009613982027778
1461010228221136896
1461010609932144648
1461010707739070465
1461010776353767429
1461015519255953410
1461016422499303426
