1995438616315822321
1995438633755799926
1995438648242872819
1995439165870428379
1995439778263941225
1995439994283163746
1995442271882519017
1995443977856716866
1995444529164337464
1995445310508953921
1995446323747705189
1995446688564040145
1995447515831759042
1995447778252562881
1995448182755545483
1995448752619069857
1995448809363480600
1995449236180082744
1995449470369067207
1995451786811809866
1995451840998027350
1995452545230078454
1995453623665406059
1995454197857153231
1995454775131820224
1995455313986601350
1995455466634195026
1995455739905577106
1995456255138070701
1995456693166342410
1995457538804855052
1995462700827336774
1995463103828447627
1995463183062978833
1995467519541289138
1995467818192838879
1995468324453388547
1995468362281869793
1995469109413241108
1995469112227860730
1995470496364630458
1995470731938034164
1995471187862782448
1995471874935886202
1995472825428152634
1995473611889533215
1995474198097993984
1995474827272962320
1995476156905410680
1995479022873006568
1995481717465866533
1995484866155286727
1995485662171254999
1995488302238249057
1995488865273208948
1995494302055809136
1995502105155784945
1995502400895959051
1995507643725893950
1995508924385226809
1995508927728128037
1995517970278392319
1995518863115702272
1995523264513483102
1995525408230642104
1995526472120017332
1995532117619716182
1995541395428532313
1995543391770423332
1995563038129434907
1995652383528157333
1995659180112261282
1995674277333336462
1995681449874481206
1995689385077973390
1995696927334433215
1995702803936018801
1995704481313403088
1995712027613094207
1995719576651243589
1995720871135109557
1995720878093455818
1995721917806899506
1995722257050575177
1995723442524438783
1995723448715194506
1995725589131526463
1995725596043677974
1995734676162723976
1995738002929205414
1995738813197320566
1995739555841131002
1995740184546312508
1995741267528183998
1995743578669346929
1995744150143336572
1995749780148920808
1995751531149484108
1995751534546813293
1995764880851558885
1995765194610655605
1995769973080555645
1995770252794495205
1995770556897964039
1995770713517719552
1995770942967218336
1995772034291565045
1995772073114042509
1995772274667126814
1995772706776895811
1995773350963261796
1995773627539882392
1995774093778464918
1995774365015965804
1995774462445355099
1995774644981563581
1995775156443382081
1995775750889509149
1995776326457070031
1995777943843565836
1995779935349412016
1995779988151218249
1995780201192849575
1995783609903710610
1995783657563250929
1995784663735148760
1995785084558082096
1995785234248597952
1995785275633795420
1995785286148915325
1995785352691536349
1995786059884757440
1995790702090006756
1995791562203079037
1995792638973522201
1995792668887261435
1995793683233567218
1995795082814128477
1995795583475573000
1995798821528633730
1995800276176142743
1995800907003691064
1995802153823469871
1995803608911356361
1995804694527025178
1995805683057586658
1995808535364730962
1995808718445789350
1995808894179070181
1995810175517622553
1995815373632139568
1995817266253082659
1995817682349031788
1995818212370555362
1995818807882121460
1995819906768793637
1995821059254386809
1995821198505287744
1995822336600428829
1995822431316181356
1995823352347312639
1995824326130761782
1995825272457736651
1995826089034420700
1995831707044639150
1995832115263668376
1995832583427686790
1995832969475620979
1995834890181640545
1995835994533478470
1995836082123145612
1995838364038341074
1995838773968695503
1995838779865923928
1995838788954980605
1995839498593468871
1995840098072756346
1995840511157174503
1995841286688153976
1995841923396042897
1995842257682137464
1995842337638154439
1995842392755486850
1995842774059679899
1995843305515663532
1995844743688061226
1995845182512836681
1995845973999059145
1995846521674498188
1995846551273701435
1995847072260784251
1995847330248229335
1995847639473258501
1995851101967712359
1995851121223782668
1995855040628801563
1995855938285437092
1995879882719674586
1995879923421204763
1995879966110785912
