1261980732592918529
1261981000290258944
1261981389500620801
1262000221841584130
1262027869909168133
1262033592466714627
1262033691573878788
1262041638332846086
1262041817618370560
1262191346305036288
1262191398305988608
1262196902453342210
1262197819714105344
1262198062530748417
1262198576496533504
1262198639809585152
1262199468541132801
1262199543656927242
1262199659163860992
1262205978205802496
1262207781861376011
1262207952389238789
1262208705216442369
1262209757466595329
1262210782546128896
1262237863552315393
1262272486218928132
1262272751542263808
1262272792222785538
1262273242716237824
1262273277268881409
1262273502901501953
1262273660179496960
1262273987633016832
1262276493272440832
1262288447063994368
1262288546884284416
1262288616241238016
1262301661965381632
1262301933089337344
1262309516223242240
1262310037331959811
1262316692069384192
1262324713130545152
1262324734898966528
1262342875385229312
1262363118442692609
1262376291572920320
1262377975498104839
1262385792401510403
1262385798684475397
1262392042677829633
1262395055131758596
1262395720713240577
1262409039775850497
1262409150966886401
1262419269154996227
1262438366060003329
1262438377934086144
1262438405540962305
1262438420887945216
1262438441624600581
1262438460364709888
1262438474885390336
1262438488340754433
1262438505596063744
1262441952336916482
1262441997379534849
1262451694148804611
1262451708275220488
1262468102001799170
1262566850560323585
1262593271357796353
1262599089734086656
1262602952436408320
1262621393608273920
1262621499040514050
1262621621862334464
1262629581736906753
1262665787409494016
1262669441935998976
1262669898817441793
1262670254682996736
1262674052851826688
1262683998410727424
1262697353892462593
1262723124950437888
1262748329575714818
1262748517312811018
1262780359877332992
1262782074840219648
1262923273366417409
1262972621983035395
1262976550724530176
1262988202442293249
1262997718672138240
1263007284071825408
1263018957881016326
1263030977129066498
1263031682061434880
1263031811338371074
1263056917410091010
1263056936221564930
1263060681122656256
1263064407505944576
1263064605426769921
1263064747550752769
1263067900732006400
1263086766120071170
1263142731729289219
1263142866362216452
1263144874855071745
1263149121935818753
1263149424949096450
1263151896887390210
1263154592814006272
126323878787158016
1263263975254319104
1263265923655294977
1263266051191476224
1263267446695161856
1263271561085063168
1263274085112401920
1263274264079167494
1263275909538177024
1263277792323502080
1263307772352921605
1263307878309466112
1263312380710223874
1263346908178739200
1263360834518102017
1263361518038421504
1263409558774444037
1263410042130202625
1263410047494701058
1263422256232857600
1263422925345976320
1263431668733366273
1263437638398246912
1263442233753079809
1263442474485211138
1263443170651598850
1263446469299716096
1263462549111967745
1263463032966885378
1263463489764421632
1263469314134413312
1263469319427686400
1263499763573338113
1263501051556007941
1263501287808593929
1263503011483189251
1263520122880180226
1263520511612469249
1263535263726305282
1263658617703727105
1263658732132671489
1263743868618637312
1263755098800435200
1263755353549930496
1263763092451676162
1263763625933586433
1263768251869233154
1263768456857452544
1263770886898741249
1263799995007938562
1263800042600701952
1263807867498278913
1263807925505515520
1263812993806188545
1263827453589336064
1263840532587036672
1263845720429334534
1263850906958934019
1263850910435901443
1263859362692358144
1263867193571209217
1263874428305158145
1263879072737886216
1263879482827472896
1263882249436618761
1263882342235607040
1263882433210068993
1263998226539016192
1263998257614610432
1264004553105539072
1264004565529096192
1264004574337089536
1264005886567047169
1264007284109111296
1264007344406401026
1264007439092813824
1264083659209887749
1264127993103872003
1264128925237604352
1264129014559420416
1264129135258943489
1264130761252376576
1264148405024063488
1264157016261570561
