1288477473445826560
1288477531264258054
1288483565689176064
1288495728138915840
1288517152459206657
1288524918930337792
1288527382467379200
1288666393894727680
1288675010425413638
1288675096144437248
1288675176553439232
1288678939301314561
1288681009903329281
1288682445026418689
1288694985659834368
1288700410732130304
1288700414058205184
1288766167243304965
1288779374972436485
1288780217125806080
1288784854855766016
1288790042903625731
1288791388771893248
1288796458980741120
1288803132542078976
1288803135662612480
1288803138246340610
1288803140645527552
1288803144491659265
1288807678836318209
1288809161455628288
1288816387679326208
1288855749305622528
1288865821331095552
1288869594195562496
1288877991217389569
1288906223245434880
128897356186910720
1289021577229524992
1289021843706245120
1289022033062330368
1289022413204725761
1289025769390239744
1289032538065793025
1289033653771571202
1289036952331669507
128907802893750272
1289087370017431552
1289088066422939648
1289102865672179714
1289113832669945856
1289121627523805184
1289134928781664256
1289138727898329090
1289140481394241536
1289142831123238912
1289158345215991809
1289173478424211456
1289180803335720963
1289195266050940930
1289216383453036549
1289226091060588545
1289226364684386304
1289240089998929920
1289389186697424897
1289404018385510402
1289404753831632896
1289409335542419456
1289410359959273474
1289555915532668929
1289566433647579136
1289588090265153536
1289595952936833026
1289596021572423680
1289608015797055489
1289608380013666304
1289609106974584832
1289609372344053761
1289772577544523782
1289772723846094848
1289776995333677056
1289777965371281410
1289781895132098562
1289782227761414144
1289785631527190530
1289785745775792129
1289785827178905603
1289796759313510401
1289797078151909377
1289797676247130112
1289803478361989120
1289803907342798849
1289805545847717888
1289808267762262020
1289812701137403907
1289812821203533824
1289814361184153602
1289814873245802502
1289842105511100416
1289847598275158016
1289848158059544591
1289851151207170049
1289851653219217408
1289855099028742144
1289855101817901057
1289857915738656768
1289911178185961473
1289912993484902400
1289923501411852288
1289944082626646025
1289953611670142976
1289955027482603520
1289955091248603141
1289955495776628738
1289956356582068227
1289957501220171776
1289957683777290246
1289965135360962561
1289965136925429760
1290043561254072320
1290108897596866560
1290125387515621376
1290166027792183296
1290166344529268736
1290194175321731074
1290194272474419200
1290202017525243904
1290219487581487107
1290283177680936960
1290332634669703168
1290333267871203328
1290337518735351808
1290338567294656512
1290472732942098432
1290472837170438144
1290476094391427073
1290532142292668416
1290597768583553024
1290608263994646528
1290610142510112770
1290611164783603713
1290618848186523648
1290640358188097537
1290673966239977479
1290673968257486849
1290675715529007104
1290675717018066946
1290685860405420033
1290686380264157190
1290705869898801153
129073044160397312
129073278118674432
1290841975394951173
1290849069301002240
1290944737684238337
1290969942594969600
1290970303976239107
1290970769397186561
1290991444761559042
1290993429984342017
1290994422184726532
1291002584895873025
1291006112095854592
1291007384031072259
1291008596667293697
1291016058640293888
1291020202394578944
1291031297859571712
1291031751628689408
1291054294251106305
1291055145564815361
1291056704923111424
129114867369127937
129120582167052288
1291226973067304960
1291247808180150274
1291247811309125638
1291306958012653568
1291308567664893952
1291311023471734784
1291311093952856069
1291311132603424768
1291311160348692482
1291312286812930050
1291315116948901889
1291322259617898498
1291347052497051648
1291357418291486720
1291361981430038529
1291369244400050179
1291375227012751360
1291390542694162436
1291391213942145025
1291394121475608578
1291405989367787521
1291409107946094592
1291415980212736006
1291559562529533952
1291563479866814466
1291569641970524160
