1896834053132910995
1896835590676730179
1896836305730052338
1896840068855394751
1896840073464983727
1896841061487784373
1896841216043745468
1896841837312376844
1896852057786921209
1896853318636617763
1896861506333278544
1896873156469772344
1896877114294681705
1896879235391988121
1896880830687162765
1896885429062029617
1896885504936931440
1896887290854871352
1896888831418532044
1896888835369525297
1896889883232506327
1896890771904868618
1896890865794355640
1896898593367474552
1896899860999356756
1896901400841572644
1896903641589760512
1896905666071306422
1896906083891106258
1896909483030585804
1896912942224031903
1896929306934497544
1896934365332226451
1896937551241654560
1896938436797644990
1896938830290419960
1896957507526066678
1896958728454455756
1896958735773528267
1896959035871834416
1896965750226870722
1896971299375001749
1896980364876558355
1897152824771011067
1897159599452729741
1897159907885113396
1897163973935743198
1897179576629125391
1897179699958440370
1897182255048773739
1897182263760314705
1897184409192947946
1897184752358375832
1897184757416657394
1897187456912404583
1897198130762059889
1897199597245902973
1897200352816255188
1897201843387896161
1897202082987589975
1897209966056063342
1897211440328794414
1897212331157057610
1897212980397531234
1897213571630878805
1897213983561802174
1897214231298367681
1897215110575448299
1897218644792500353
1897219164181495872
1897220807765713083
1897221222154506443
1897225482661486822
1897233516309692771
1897237710785655209
1897240143322603633
1897241104103432328
1897241718946455792
1897241723161731211
1897243455841296438
1897245231332143200
1897245267650601285
1897262853633220613
1897262979621798004
1897265559101960242
1897267427706282230
1897267689879691302
1897267927709278388
1897267950853525647
1897267972235767813
1897268266042843580
1897270399823700438
1897271673549939171
1897280835516240128
1897282225420558360
1897284523081261302
1897284817051603354
1897285433987621256
1897292555903287593
1897300049735913675
1897306841480396962
1897307987561341141
1897307992980381878
1897307996981748030
1897313626874331307
1897314178056241377
1897329415442588101
1897345837321355441
1897347843305959581
1897348723682025473
1897360080057852070
1897474851390283848
1897500509054840846
1897507709202870480
1897513088288743902
1897515206571696579
1897518135076659364
1897518785051156499
1897523389717471660
1897526265445540122
1897543549346046380
1897557655515787389
1897559518873313600
1897560664060703223
1897560977417338953
1897561071780806968
1897561671218164064
1897562181207777386
1897562586373411019
1897563733410676835
1897563743309246524
1897564437231624598
1897564476897161332
1897565430623166950
1897565542653026536
1897566411654058066
1897566547406942700
1897567338355888515
1897569068833505401
1897569209078677867
1897570023235080426
1897570404274995450
1897570589126406198
1897570593312247809
1897571347833999598
1897571813363962276
1897571816526557693
1897572190419354010
1897572460369006642
1897577679143969249
1897580647574564950
1897581102258434277
1897586211264307348
1897591309742850169
1897601743929622938
1897602210881470786
1897602367211618442
1897602498434605172
1897604100952310128
1897605038929006915
1897611062595531190
1897611310399099250
1897611502397649334
1897611918027931839
1897612773980295614
1897613203841990706
1897613717262729388
1897614087795990606
1897615671267344508
1897616811388235836
1897616816148451677
1897623596333445272
1897624470438748440
1897624818021011532
1897625257537589542
1897625328735986054
1897631718670315782
1897632484667597196
1897633275776221621
1897635113103499369
1897635149434519709
1897635573327872101
1897636429922271600
1897637314500952227
1897637557409923181
1897638670976643497
1897639163517886957
1897640748440338648
1897647242947014782
1897648712308138098
1897649018034860079
1897649336399630545
1897649795701104787
1897652571457654907
1897657101482405899
1897661003539574822
1897661208951464187
1897665399128457552
1897666082430955872
1897666590553805163
