1429335812596846593
1429336688950538254
1429336820257488904
1429338673284141061
1429339015723900934
1429350177068883970
1429350624999600132
1429363298709827587
1429368849237901317
1429391645523419140
1429444091503251467
1429445382728142849
1429448437804638209
1429465747684614144
1429471947931340804
1429472672941953028
1429473081446207494
1429479343042940937
1429481501687570438
1429495336033161216
1429496020002504704
1429632654190604291
1429668334241419265
1429668544942272513
1429674631758188552
1429675856071249920
1429679350643712006
1429682971548651524
1429697390886285314
1429700523679109120
1429724450371432449
1429727962954297345
1429769366589952003
1429769963691077634
1429770659865841668
1429771259944992770
1429802497149857792
1429816385878720513
1429841571147489287
1429849337216086016
1430003445105266711
1430021709621465093
1430035662355386370
1430039889169420288
1430043315123081222
1430044431067979786
1430046580703334409
1430047042462572545
1430047187111612421
1430048339068813312
1430051562324258819
1430059914659975170
1430072443553468418
1430075345357529093
1430082712279293952
1430084394241298435
1430088909933793283
1430096581018099712
1430104308104630273
1430118084510052355
1430153430891261954
1430154630168674310
1430154936159850501
1430155265412722693
1430165332061212675
1430175229314322437
1430175696358367237
1430191859465297924
1430192293227556866
1430194409644068868
1430203923533426697
1430209661722972166
1430213001018167299
1430213713563320329
1430214511135363075
1430214970793332738
1430221138727034887
1430356445636141063
1430356779578257408
1430356904669179907
1430357232219082752
1430395212174565382
1430396167695736837
1430397439303852035
1430399615547822083
1430401850189090820
1430408785743343617
1430414378055049220
1430414583903121413
1430423237746335745
1430426066288451588
1430460944241500161
1430460988306771980
1430461935712030720
1430462109184192518
1430462396053655556
1430469881770635264
1430486233424097288
1430486363548262401
1430487292548763659
1430488705538555913
1430494443677700102
1430520617455943683
1430526444656992256
1430526785725243396
1430527270251159560
1430532399528505345
1430538469906862084
1430553329562636293
1430554250279407618
1430556246805868546
1430557102603309060
1430562674996219917
1430563306528411651
1430564019010621444
1430567835860815874
1430568165738569733
1430569110824357889
1430569808320286724
1430573169115504642
1430715155575283715
1430715218166833152
1430715283459612676
1430716518774366212
1430736397141364740
1430755613907197956
1430757165380227077
1430757364928376834
1430758683760152577
1430761610566455299
1430762516297129984
1430763699963260929
1430766254659309568
1430766421282156544
1430768790426447872
1430768798110412802
1430770043877396487
1430773248581459970
1430782254452678664
1430782909200306177
1430791138894516224
1430792733199720456
1430792855287570438
1430793433753427968
1430800976059895809
1430819809801871365
1430824316434714624
1430834615204212736
1430837129815285765
1430840012858224641
1430840044382609413
1430842408284024834
1430842749813624833
1430844561983623169
1430846257661059073
1430849818750963718
1430877147556577286
1430879163771097093
1430879273682825222
1430880450482884608
1430882041575268352
1430882625141366791
1430885622969868289
1430888321186549766
1430890575381766146
1430892298909339651
1430893353462222855
1430894409860620289
1430895177304997898
1430897937484107785
1430899846592876550
1430902494125649922
1430909451314163720
1430920591695966216
1430923031371677701
1430930739726471172
1430930780037861379
1431080711314808837
1431083560148955137
1431118564103127041
1431123635964571649
1431134316382220288
1431136803474477059
1431140653417730052
1431140660707356675
1431150536913350656
1431170699293429770
1431176344340099079
1431184691181223941
1431185138184953859
1431185494340038659
1431217938002972678
1431218049185566733
1431218081938874368
1431228417597325318
1431231114341859329
1431256838444441604
1431258463821185024
1431261086288777216
1431261106115264516
