1886034345951117803
1886035624018563444
1886045061596549621
1886046275214201262
1886047450600771856
1886047756487217641
1886066569085915190
1886067334705750263
1886069319702130975
1886069778671931465
1886071460738826409
1886072428985475412
1886072756971991272
1886073541029949556
1886074491601826282
1886074499063550437
1886075526995197961
1886075572885090724
1886077778682118495
1886099849621434518
1886100342770938337
1886102337128919100
1886103279589011459
1886104744785293779
1886105595373387990
1886105760255602854
1886121215213125717
1886245191490982069
1886249949509357573
1886258384015671746
1886267023455625346
1886267113108594941
1886278206908723554
1886281029394251898
1886282342697926926
1886282489523757371
1886284521198194783
1886286187511652459
1886287903212314825
1886288756845445153
1886289843132535155
1886300490654273643
1886302471351337240
1886304388978811297
1886306676061483494
1886306700694528229
1886306780088525018
1886313551889125744
1886314661684895966
1886318618490835170
1886320020411777286
1886321434185834759
1886324178640601215
1886333164706279505
1886333330989486542
1886336594535477557
1886338033143701654
1886340131151597792
1886344325417824632
1886347843474010327
1886348732486107202
1886350642803077550
1886355739784192272
1886357074281627872
1886362408366846022
1886363689538003271
1886366546962117050
1886367233703842241
1886368505987055745
1886381671991124389
1886381914594169283
1886382829531217957
1886387971894780406
1886388441266479165
1886389475456303614
1886392279050703231
1886393754464260251
1886395727699693914
1886398663007629640
1886398741625671760
1886398769287086364
1886399055938429180
1886401370699497926
1886403797796184432
1886405198924718508
1886416813258383790
1886416938177298655
1886417373281808622
1886424022038053217
1886427738942423246
1886427741614211419
1886445495305880045
1886445865000169681
1886445886189826300
1886452651820187821
1886623451584299048
1886624580015472737
1886624717529841967
1886633278972813401
1886636465372938475
1886644298612899930
1886644886008639490
1886645545432965134
1886648494058004760
1886651230576869636
1886651842916237479
1886652153516970046
1886654949041336555
1886655541084348652
1886656183412699458
1886663987237924946
1886664140829417977
1886671181274640418
1886674355481976969
1886674699838701854
1886676196517405116
1886676974627905593
1886678701481316660
1886680527417303497
1886681985441259533
1886683567448838411
1886686014191886812
1886689013190549852
1886690491590397988
1886692485256429579
1886694015330078986
1886694897115390011
1886697065951949111
1886697272970473694
1886698187735388399
1886698873869230298
1886699124873159112
1886699630135783652
1886699700067426409
1886700175852245297
1886700473492586521
1886700724769448203
1886700729513206131
1886701094463590817
1886701771793514564
1886701991742566814
1886702766699266105
1886702772554432569
1886703689177686331
1886704558820471204
1886705388898410845
1886705394665578623
1886705633946427790
1886707008264659322
1886707039381983287
1886707765965447331
1886710110740963535
1886710115627315304
1886711270017028261
1886718727175213524
1886719060089409621
1886719301081526755
1886722523221397583
1886727359010889896
1886729398130483571
1886732615971140024
1886734412005741021
1886734964609442287
1886735845782069261
1886737332545708369
1886737347141636498
1886737634938032230
1886738318047445346
1886740014148805081
1886743828583108718
1886744493514539456
1886745080972874142
1886746213321523638
1886747708167483810
1886748124527649179
1886748687457771843
1886749219089998059
1886749581368811630
1886750367331021070
1886750438558720022
1886753589412159990
1886755643169931365
1886756618291069205
1886756623575875724
1886756945136378058
1886757459127362005
1886758564896890974
1886759352046117009
1886763334642663562
1886764409961504934
1886764742490079440
1886765527890321867
1886765584748306730
1886765658534453417
1886766245049196907
1886766544488939842
1886766777994240427
1886779361803870698
1886779366707020141
1886779907088506965
