1843972969095381121
1843977132722319693
1843978599961129116
1843980901610574282
1843980947475280244
1843981562561569253
1843981995938128148
1843982089601081415
1843982093900247250
1843982193326256263
1843983380393972227
1843984221800710598
1843986964896424206
1843987705249911203
1843989877999931408
1843991420300083414
1843991887092535659
1843992763416645879
1843993540495568932
1843994404908109916
1843994668989890996
1843995050499530809
1843995556026487154
1843997390686347767
1843997921907495047
1843999266743967836
1843999860263092226
1844003150182977849
1844003619005473110
1844005029642146014
1844005081727086912
1844005222718603538
1844005324124266804
1844005345355833823
1844005845581099372
1844006028712796543
1844006073621266824
1844014966216814729
1844031754828746941
1844034312108454117
1844034963987210583
1844035195516944788
1844037607908626906
1844046921368850649
1844051460176093246
1844054423468748877
1844057870486425903
1844058857993273362
1844061090705215827
1844069064068747306
1844104424458944561
1844130475088240848
1844130486257582216
1844130498513338780
1844130509905068455
1844186776136520191
1844187781855064435
1844188601481072801
1844206996637221346
1844207042241888572
1844209782313583075
1844218049534243083
1844218799148630336
1844223964610228229
1844224392802467959
1844233899343290559
1844237303990149222
1844237525529018497
1844238499429613718
1844243213508542724
1844244587491230119
1844244874910105864
1844245064656224366
1844245606149374338
1844248222484791529
1844250568329736276
1844259621772591568
1844260145435639945
1844260232886968610
1844261524552233258
1844274086274531625
1844274088917057945
1844292946759184394
1844306867889082869
1844306940031316382
1844306975699632469
1844310301677846609
1844310836388700345
1844314046394401240
1844314844981494056
1844317916445147640
1844319317053329602
1844319442932727991
1844335669726081365
1844346256229007400
1844347089494716885
1844739604127101230
1844752303821033704
1844758437571313827
1844759501972668830
1844763719105954081
1844765445314040173
1844811926171509125
1844953184948600988
1844958851755307185
1844997493060239514
1844997509405426135
1844998945996472395
1845007378648899827
1845310954617045470
1845344216534204567
1845388173163085915
1845398912938410355
1845400603700363319
1845478931823984989
1845490906222276901
1845499892782813456
1845737246650998852
1845755013353648544
1845807825064231139
1845871783376732290
1845884772448719284
1845886180895666301
1845887573191020713
1845887642916757524
1845889494341636097
1845891014638399921
1845919557887950895
1845928013915214244
1846030235344474406
1846034730212380773
1846054451465146660
1846078554569953559
1846137787793424537
1846139463237521639
1846144105451012125
1846158325106315751
1846201583807160762
1846201623011643621
1846205887905718284
1846231139264221452
1846247753363456501
1846255901579120643
1846267078271291673
1846400811217154385
1846450155765051787
1846463977515033048
1846474344685502834
1846478025556439182
1846521178514461139
1846760596815196327
1846769355964796987
1846770393715298704
1846779150360555979
1846792355623342088
1846808103301591159
1846810250395242739
1846813810096767178
1846817314341376286
1846819226201608280
1846836125815734634
1846844032283992268
1846854312376635888
1846860107935785194
1846880674004738361
1846901668908060861
1846969143301382258
1846978194861445506
1846979799795048501
1847087704577658992
1847130879141044496
1847137033388527801
1847144142763384907
1847146905421140430
1847147548622180695
1847155079477973413
1847161208006176868
1847175339375509575
1847175661061873914
1847188317676175574
1847188538510475362
1847216374826795157
1847218879623213524
1847221944053060034
1847222204884214257
1847231135597961296
1847235070727176376
1847235982363709746
1847239132906508734
1847240009037803807
1847247037521330569
1847256953866907888
1847258767756525741
1847260821057151359
1847261460482928644
1847267544924852705
1847268982900043908
1847273006478823435
1847273060019081679
1847274109798854657
