1806627264289714365
1806627429922631010
1806627591725416832
1806627748933226649
1806627906892165376
1806628077251330347
1806628246200938635
1806628406900191450
1806628565891616151
1806628731316658567
1806628897033949612
1806629062885376308
1806629218968637739
1806629377637056766
1806629539652481257
1806629596252791250
1806629706107125111
1806629869203562942
1806630032088891697
1806630191261536624
1806630348930764215
1806630510769119615
1806630672166051186
1806630834268889455
1806630994652819911
1806631153815838191
1806631309867515194
1806631402945069235
1806631472029319493
1806631636369752459
1806631799313350144
1806631964103753091
1806632128705740192
1806632289373413612
1806632446629761304
1806632607969599996
1806632766370213253
1806632929261355197
1806633088549580133
1806633237449416927
1806633251825520036
1806633409883205145
1806633572152643900
1806633734070759996
1806633897019060631
1806634060222410052
1806634223228370296
1806634384873103753
1806634543834922251
1806634705886445128
1806634862698598798
1806635025395773753
1806635184926093693
1806635342765256086
1806635505055731106
1806635661717688714
1806635821632893381
1806635977730932146
1806636136433709424
1806636298177650177
1806636459372457513
1806636621138141408
1806636779405176128
1806636942122737011
1806637098549125576
1806637261256618285
1806637418797027627
1806637580848484741
1806637740179255742
1806637898609737175
1806638056978153108
1806638218697854249
1806638379149357351
1806638538945286416
1806638698555588975
1806638859007102202
1806639017996484934
1806639174924152157
1806639334936092933
1806639492559409532
1806639651751038327
1806639813160673525
1806639973254201707
1806640135213060353
1806640295779319111
1806640455689457026
1806640615030509903
1806640775138369793
1806640932823273019
1806641093819387138
1806641252346859788
1806641410935005551
1806641569932746062
1806641729191145813
1806641887965364556
1806642046816227698
1806642204631027176
1806642363623714167
1806642521898361133
1806642680849031608
1806642839408934182
1806642998266916226
1806643157259890085
1806643315856896491
1806643474687000934
1806643634152505880
1806643792381435303
1806643951589052803
1806644109862117658
1806644267920105918
1806644428049686912
1806644586632056320
1806644745476681135
1806644904299856264
1806645062803165614
1806645222046507394
1806645380563087700
1806645539462082897
1806645698283880838
1806645856922542411
1806646015876952293
1806646174626897107
1806646332831826238
1806646491814068440
1806646650808950098
1806646809630093562
1806646968538640721
1806647127456927177
1806647286176946621
1806647445205968366
1806647603799429565
1806647762772623688
1806647921783111111
1806648080658559331
1806648239604158813
1806648398477418911
1806648557279244677
1806648715947159027
1806648875226751400
1806649033932013154
1806649192827301154
1806649352154198289
1806649510888148373
1806649669919186398
1806649828739960226
1806649987637231035
1806650146635968906
1806650305607516448
1806650464380841302
1806650623349329435
1806650782260805025
1806650941248569659
1806651100271935757
1806651259176768901
1806651418102484360
1806651576965206286
1806651735917347145
1806651895014149499
1806652053862522345
1806652130130014211
1806652212875472396
1806652371864945012
1806652530841919844
1806652689697024453
1806652848626409929
1806653007688151431
1806653166549537075
1806653325491650006
1806653484355813707
1806653643391443309
1806653802296688038
1806653961243693394
1806654120148934220
1806654279171203361
1806654438074265014
1806654597034639787
1806654755983065476
1806654914968629687
1806655073872588137
1806655232847130949
1806655391753609579
1806655550738181442
1806655709667029441
1806655868636262893
1806656027643318604
1806656186700049765
1806656345708003737
1806656504813289003
1806656663901118812
1806656667574300730
1806656729293471748
1806656822890852622
1806656981854814570
1806657140803203408
1806657299763216621
1806657372280213512
1806657458779230623
1806657617890263297
1806657776941260193
1806657935988006156
