1968350334402875708
1968355076411658349
1968360664424198579
1968362619603177777
1968362706853064913
1968363786936664374
1968366329586671693
1968366591156125968
1968366635477279001
1968367719264497883
1968368912535605409
1968371836342747497
1968381829389631993
1968381915947483306
1968382117618102544
1968393369920413731
1968487638056260030
1968503241425232349
1968517840375529805
1968519285770465780
1968523856626192496
1968526740873244961
1968532936858210633
1968542791354438117
1968543197988036647
1968548037350785177
1968549748018676143
1968550492797288814
1968551046176981209
1968551534138200526
1968553783816036661
1968559482490995093
1968560228766499062
1968564791557136481
1968567296353513676
1968574329295425928
1968574432315613361
1968575077240152242
1968575585564901862
1968576175925834010
1968577797821186512
1968578424349618600
1968578474580291800
1968578492745883769
1968578801883091392
1968579635890856205
1968579962991993193
1968580027479408926
1968580430614888580
1968587686047842686
1968589170026139741
1968590887857930533
1968591342457790605
1968591724747411596
1968592108614554094
1968592552891760857
1968593466763657331
1968595505862135923
1968595641208021109
1968599776620085471
1968601349269987375
1968601622990508056
1968616558768554462
1968617458324885661
1968617763720581303
1968617770968346820
1968618207280844936
1968618881934848192
1968619338774028301
1968628308704141495
1968629078585417876
1968634736462459213
1968635839677644806
1968635862368796921
1968637719162085742
1968638968922022335
1968639064657035553
1968639767316140321
1968640410147832290
1968640962684416445
1968641512473800918
1968641719143968838
1968641980021305779
1968642760405025279
1968642765748629997
1968644041513345409
1968644046919791046
1968644808458612999
1968653155500994786
1968656206970368138
1968668037046788337
1968668902369505358
1968669056803729900
1968669966435045751
1968670916251906421
1968677255036432555
1968680825626517984
1968682428744036385
1968682630469337252
1968684311659561354
1968689520557076822
1968720032759705769
1968722583106252942
1968722868901933134
1968725814947561823
1968725819108254065
1968726611416551893
1968727086106890371
1968728131805524027
1968732309957279948
1968790121970536742
1968790225221738991
1968843897339015277
1968858869540503774
1968885519095407076
1968885523511955705
1968891549837586504
1968895324514304391
1968900357829878231
1968904516792684977
1968909247925637473
1968910425212469432
1968912550923256005
1968914493091573778
1968915834157547999
1968915921235275965
1968916185723879790
1968919443968344378
1968922803735863318
1968925042269417866
1968925523607961940
1968925739778011376
1968927084098560355
1968927554204549179
1968929006595502279
1968930457539486013
1968933553821139422
1968938745475805333
1968940262333219199
1968940623165039057
1968940739146170698
1968942106870788501
1968942277415370837
1968942426342498418
1968942490485981210
1968942556978307133
1968942884029349896
1968943043471454359
1968943521437503531
1968945799795990580
1968946012136824955
1968946299576750336
1968947748687741349
1968947934541623433
1968948310963564766
1968948875378491867
1968949606160462220
1968950608896901626
1968951579895033865
1968953018746884171
1968953371722752132
1968954123539144867
1968954501391348223
1968955341774930249
1968955703504085345
1968955725725466844
1968956467941175724
1968957917396447683
1968959191764144497
1968959197275455724
1968959452914024833
1968960240789151829
1968960809125458107
1968960898455736696
1968960940184866835
1968962010617467269
1968962521840095300
1968962527758303362
1968962533642875285
1968963359501328674
1968963478422782180
1968963541534232990
1968963684191064122
1968964565212741954
1968965661054599574
1968965846732005593
1968966476783595698
1968967258958356872
1968967400063426620
1968967605395374571
1968967610634002506
1968969119933383122
1968969853571645607
1968971312744870061
1968973192736714859
1968973738101121154
1968973843097124873
1968975045201453432
1968977074737000567
1968978052186071524
