1863911029396431286
1863913979112034658
1863921838847570173
1863924288430170242
1863925609694728397
1863927013855359428
1863928344468980070
1863929331375894778
1863929769651540071
1863929777532592225
1863930140335689851
1863930645464088788
1863930982598123676
1863931044808036427
1863932820001091974
1863933516549177527
1863934125226569806
1863938432101470593
1863939065969836237
1863941172680630331
1863958276431589406
1863958703856406627
1863967005076070766
1863968226289545549
1863977794495226018
1863979486502650098
1863980923991322678
1863981308101423277
1863981357501919496
1863981405027623175
1864145676688613850
1864161456465363210
1864176629968457783
1864176669285863844
1864177641164820958
1864177748274761820
1864179362536542281
1864179527142003148
1864185455622914433
1864191503666696380
1864202830913130833
1864204465857024247
1864207220218712405
1864207425081102510
1864208855183593930
1864209368646078797
1864212608867553498
1864216438808187227
1864219068456423465
1864219072151605289
1864219652051882481
1864219841302864086
1864220081980625391
1864220158736388439
1864220578518839628
1864220723084185630
1864220960959942989
1864221561734971755
1864221570723664103
1864221808087716316
1864221927403082088
1864222641323954263
1864222675113279648
1864223056664907847
1864223361611780240
1864223710892421207
1864223762373333461
1864227332699115933
1864229017026744623
1864235730803065000
1864250099880378675
1864250258177577267
1864250683932987731
1864254192304746882
1864254740647039353
1864255326683533502
1864256632160702638
1864256636715716915
1864256721600041043
1864257206692270259
1864264820813639830
1864267198015140248
1864270282699215047
1864270929355792860
1864273868002873765
1864274690199703843
1864275750750441763
1864276605276967016
1864279334447665663
1864280096561094882
1864283707848446246
1864284309311410341
1864286679336669277
1864287032308322568
1864287367017975956
1864287369635226046
1864287824511684820
1864289203691114563
1864289207264661893
1864289726943121824
1864289739836412255
1864290677473083856
1864290703544832361
1864291549485650331
1864292562556866609
1864293687951544441
1864296997630693815
1864297012348506573
1864297834562113651
1864301282258833732
1864303143191712254
1864303289715572859
1864303385156948019
1864305532057845924
1864307121313231096
1864307796612927773
1864308913522520090
1864310058403991688
1864317794566729753
1864318536879100180
1864319017147641987
1864319145606828180
1864319464797557123
1864319709111570741
1864321019562934440
1864321094896738490
1864322008655516119
1864325820216693246
1864325823760896294
1864326683551314427
1864329402655609125
1864338883019759675
1864339504179392906
1864357964917924043
1864368947111580103
1864369480798720403
1864370300659589181
1864370564829168052
1864373649395851431
1864519391033086294
1864519831632138445
1864531275526361378
1864534784216842313
1864535307854729674
1864535922030858652
1864536505521459377
1864537927864430696
1864541068911652898
1864541913111777359
1864542405317599292
1864542775360016450
1864551022330597591
1864560424173359592
1864563606286905507
1864565898021097848
1864571921578512645
1864574425510690960
1864574608474849442
1864576376516563186
1864580144569942231
1864580181513339171
1864584289654067250
1864584939704139902
1864584944678522989
1864585579268329802
1864586037324120332
1864586988877434926
1864589965335908754
1864590150640283800
1864591705225482575
1864591786150383981
1864593341599633656
1864594329840570501
1864594830145540107
1864597412943417649
1864597893967171811
1864599345871647180
1864601916845772871
1864614009682711026
1864615568902639885
1864615571511497196
1864616026249547810
1864616314473755008
1864619301153685538
1864621286242308109
1864623856759218259
1864626659405730178
1864626810585272395
1864630324157919467
1864632170666430694
1864633976323018841
1864634746271355378
1864635050207400036
1864635940289106059
1864640493768069568
1864650077077475797
1864650867733127435
1864654769232728423
1864659422964011359
1864659940331409752
