1891170103393190017
1891170885442191598
1891170928056205425
1891170957131141380
1891170975460274358
1891170988420673845
1891171255153479721
1891192869240643663
1891322836502864241
1891323247985066170
1891329604658307114
1891334103686853097
1891348683280764964
1891354059321364831
1891354361319546973
1891354402553782453
1891355418242224422
1891356593423323514
1891358899950723148
1891368912199020588
1891376290051105092
1891376741748208000
1891379310830686299
1891379326509031923
1891384448802824387
1891384711047475578
1891384931806519639
1891385981150044634
1891386709771767889
1891386714905575480
1891387328129540120
1891387333141750151
1891387461877760351
1891387570950726128
1891389039871439236
1891389595532574998
1891389747790229614
1891390043027026017
1891390340348747916
1891392481670963274
1891394107752276453
1891403973124628941
1891406224618319883
1891407968865755466
1891408813602803906
1891409202649694519
1891409565666689244
1891410195370197374
1891413055772184645
1891413061333864464
1891413749510152451
1891416999135183098
1891418212123705577
1891420635584188859
1891421721795719234
1891425889881038854
1891427659244016040
1891433520108581062
1891436743909376244
1891441315293868530
1891445308590018562
1891454054863135217
1891454143669125580
1891454151814533552
1891455673524740122
1891456538125934868
1891456543050084781
1891459515574312961
1891459585275257111
1891459593294790970
1891462308951708041
1891474284377145630
1891476247193997439
1891479224780775496
1891479229302219177
1891479562099232867
1891482777440432518
1891484728764891162
1891486850780746044
1891487144499454320
1891512610245251259
1891514044001014046
1891514050594345410
1891528574160732177
1891536311019774230
1891536967050858718
1891537636742807879
1891538255239065740
1891539546648518736
1891540130424312027
1891540762799591494
1891541496307868099
1891545187937063189
1891546002051457152
1891546694912799176
1891547117346300331
1891547363317088285
1891559065328697743
1891559900339204133
1891564393650852229
1891564496356880645
1891564838708469928
1891687960887620038
1891688789963124979
1891689644321857778
1891691322177646879
1891703161032704133
1891706709519077751
1891713962825134270
1891716275509891489
1891716705585426687
1891719064956838392
1891719587617550462
1891721536983245047
1891721967914356979
1891722122256343157
1891722295338516498
1891722393472712940
1891722586855198801
1891723384502841583
1891723516593983752
1891723547594100792
1891723705744556154
1891725529692373372
1891728466480935247
1891735475385163916
1891739822756172187
1891740115493343544
1891741372803142069
1891741429304562113
1891741450976612479
1891742501314130108
1891754506494366097
1891754511984644274
1891757107495698553
1891763000568139846
1891764403227255076
1891765156268413074
1891766049156091932
1891768987626635567
1891769960881586285
1891770180684087598
1891771012917694789
1891771016952844546
1891771484554789232
1891772495038120175
1891773528262771074
1891774444521259167
1891774922093101167
1891774927231160565
1891775189039604168
1891776556374356445
1891777217576992920
1891778081930490146
1891778087748018512
1891780014611309031
1891780626933755935
1891782270270185902
1891782276624666956
1891784482778210643
1891785538555822361
1891786376405799257
1891787496695927253
1891788419711357370
1891790993067761975
1891793051623866768
1891793231127408989
1891793234457755906
1891793506957427150
1891793776370233476
1891794136488988935
1891798213314630070
1891806464672661966
1891815828632248659
1891815831866311060
1891823269948375533
1891823462911442958
1891824265646768526
1891824323314213298
1891825004586704913
1891825518929920043
1891825886980182449
1891825907167383727
1891826668568031691
1891826951343497462
1891827384493473798
1891828064167792697
1891828704638271999
1891828734291751276
1891828967843201340
1891829456672641340
1891829769668378995
1891830321936781458
1891830676070203819
1891831172688158946
1891831222059385135
1891831888651878882
1891832860736172542
1891833079053901950
1891833584044081536
