1343994412741718016
1344100154094223363
1344114944992669696
1344116373912338432
1344133338538233856
1344146932529209349
1344146935012151296
1344220985818456066
1344226148532637696
1344264180136742913
1344332817002418179
1344510030431703041
1344515738065719296
1344520422977462272
1344520548122935296
1344521762357170177
1344521826509066240
1344545232356950016
1344545267966570496
1344545665368555520
1344575563093012480
1344575903225942017
1344595376716746752
1344595693390872579
1344608203514920961
1344609889000165379
1344610429541076994
1344673369908600835
1344675152538128385
1344675516167569410
1344676758277111821
1344683170130583555
1344684953531912199
1344707164754104323
1344856031847796736
1344884556025843712
1344909415632105473
1344926986653687808
1344927632702410753
1344945645610627073
1344948590272155648
1344975009228341248
1345036241046183936
1345045423346442240
1345047285864886273
1345067582194237440
1345068884819283968
1345196774449823744
1345221080756047872
1345222328880304128
1345249141115404290
1345286162223546368
1345291552571101187
1345294567881363456
1345294962666000384
1345295403483156482
1345313543751491588
1345313862682251264
1345321974759739394
1345359582525157377
1345365886002053125
1345366391277293568
1345366674204102658
1345366987782832132
1345368211030593541
1345378062196645889
1345379871824887808
1345380327687036933
1345405403769622535
134559027815391232
1345612781052022796
1345615059364376577
1345629272015192064
1345646186246488066
1345646311563935746
1345646339707736064
1345712454030872577
1345728939038134274
1345729060652027905
1345730346059325440
1345751195818725376
1345759906243072005
1345768853041647616
1345768892845572098
1345805722630557696
1345806341810503680
1345808291251666945
1345919253413842944
1345919295549624320
1345934491022286849
1345934635960733697
1345936683422740480
134596515447582720
1345972338106400769
1345977679317671937
1345978523601698818
1345978536574652416
1345986872233791490
1345987035316666368
1346003368938881024
1346036205515755520
1346086251758174208
1346086327477960710
1346088630968729600
1346089795861188609
1346092906759692295
1346097996765642753
1346098075568226307
1346132699086376960
1346151572397457410
1346287620045697024
1346287726144802817
1346287888300838914
1346288918057025536
1346333596517220353
1346346563015045120
1346354898829332480
1346358152539738113
1346358225243832323
1346387049981513729
1346388098440024065
1346388374819491841
1346388399012237312
1346452761311789056
1346453486263648257
1346472354323435524
1346481199938584576
1346497726104539141
1346499160246161409
1346536400032710657
1346688728870182919
1346688828195524608
1346688878942408704
1346689097591492610
1346691020793077761
1346691038899912704
1346691096122834944
1346691207598993408
1346694065077714944
1346694181280833536
1346694384411033600
1346703563188129797
1346703565054644227
1346716523658809344
1346721881550778370
1346737773827407872
1346738237289582592
1346740910193659904
1346742990006415366
1346744516493991937
1346744576283873280
1346745009085661184
1346745299021119488
1346745624301948928
1346746267628523521
1346751020366401537
1346753158664503296
1346753489490247686
1346756451339915265
1346778783307612161
1346821841134882821
1346836425166110727
1346844105146470400
1346859583923339264
1346872861470773249
1346874640866582529
1347009812169515010
1347010646647267335
1347012434830061568
1347012955922042881
1347022435640508417
1347061638994661377
1347067904554979330
1347068017193095169
1347078743425122311
1347100715185971200
1347112366962401280
1347122788780281856
1347123035908702210
1347123347327340546
1347123466328178690
1347123703012757505
1347124115291795462
1347134245030948869
1347193288227373056
1347197184026939392
1347198707591102464
1347200013638660096
1347200785847705601
1347215863783452672
1347225477614768129
1347225479472771073
1347259951975026688
1347372815394107392
1347473873516654596
1347476535985377283
1347478058530267136
1347479014760271873
1347490643812122629
1347506199818764289
