1446509169800929287
1446524244926423040
1446529612876443652
1446536782141485058
1446657055343841280
1446661746391863298
1446677730028769280
1446678849194840065
1446679757488214019
1446689640505741320
1446692684479885315
1446692722581016581
1446692755715936264
1446694178335834112
1446694233407062023
1446695955915427840
1446700420148039685
1446700765641252867
1446722006846611457
1446722075201196033
1446724608070078471
1446725780457680897
1446727619047669761
1446729941924532234
1446733276391956481
1446734555847618562
1446735297568395268
1446739297390891010
1446740611726409728
1446741320186298375
1446742072329793541
1446744984900698116
1446749746014552072
1446757374677504002
1446758735439745024
1446760300376576004
1446802537286291467
1446815911806078981
1446818583103692806
1446826003259482114
1446826215042473988
1446831409016963074
1446831999633616903
1446834804972920833
1446834936216883203
1446853808986877952
1446896138880094212
1446898196655923201
1446898271201361923
1447032721327333376
1447033510661746693
1447033565691068417
1447033673266589696
1447033851830693893
1447033900262313992
1447033974929252354
1447034097835020290
1447034122782740489
1447034329595404288
1447034574341431306
1447034874087362562
1447039053484888064
1447050769631350784
1447050860396040200
1447052611316682757
1447057887700783106
1447058482121752584
1447063757792808963
1447064217136222208
1447067507655733259
1447067649070944258
1447086365095518210
1447086374373396485
1447086756147306500
1447092367215894531
1447098692293443586
1447103654054404099
1447106679191965700
1447112479591391233
1447113309828751366
1447113773085380618
1447114071405330434
1447115169558003715
1447115187870310400
1447134909651296261
1447135028182327301
1447174787030077441
1447183665897697286
1447205962977189890
1447206189654179844
1447208326127763459
1447221246026924034
1447222840827121671
1447222943033876485
1447230368776523785
1447249612394303496
1447250067392393217
1447250313333800963
1447250504157859840
1447253088465612808
1447254081962082304
1447254858797498370
1447255090667028486
1447255456632557571
1447257633107300353
1447258284692365312
1447258416242577413
1447258692412329985
1447258840781647874
1447258916505616386
1447258987540344833
1447259020574662660
1447259068976885762
1447259307611852805
1447259662298927111
1447260899392114689
1447261122034241541
1447261242129747968
1447262385056583682
1447262648354033667
1447262868768903173
1447264120152096771
1447265199153561601
1447266247645614081
1447266438826237955
1447266490089021440
1447266510733410305
1447266524041863169
1447266555075575811
1447266575141068803
1447266594615291909
1447266661669621761
1447266698122260481
1447268475534077956
1447268973532180484
1447270932720930816
1447272453495951366
1447273328796848128
1447273515057512450
1447273704895893504
1447273862849122305
1447273919715561472
1447274006848032768
1447274211009986560
1447274273299521536
1447274305281138690
1447274414379208704
1447275673379237895
1447276021204410372
1447276444384579584
1447276551041536002
1447276969314324482
1447277226873872385
1447277274579959809
1447277294020546560
1447277452175155203
1447277596840906753
1447277744916611072
1447278795661082625
1447279186784055296
1447279205910126594
1447279445321019395
1447279463226437636
1447279491378651139
1447280029512060928
1447280254653894659
1447280898550894594
1447283075071627265
1447283288603697154
1447386440975876100
1447388765446492162
1447391089317474306
1447391098494603264
1447401988178677761
1447425448518959112
1447430899037925382
1447432610674667522
1447447189702131716
1447450043154272260
1447451222580113412
1447451646057844736
1447452284862939139
1447458579729035265
1447465108720979969
1447470495704571905
1447476750317932548
1447479673953218566
1447481304384040962
1447481859764473863
1447485755811504128
1447488320640937989
1447488574501257223
1447490055895851010
1447539613170421770
1447543025085730821
1447547068021571584
1447555020497375240
1447557533992820739
1447571346796388357
1447571435162013702
