2009507676489961853
2009512519145234600
2009513707441897954
2009514993092579595
2009515905374671229
2009518324326310196
2009519658647605432
2009521382749790649
2009527484807840233
2009530733334003925
2009531517111030262
2009535324767330330
2009536384143643079
2009536861107282157
2009537863361413286
2009542291304935746
2009542894823383384
2009543383317094501
2009544190917783626
2009545317965042145
2009546208982012318
2009547246577352755
2009547272628191576
2009548064432984408
2009548982759104709
2009548985481220276
2009549769736347811
2009550994523443273
2009551016728179183
2009551036420440396
2009552228101861604
2009552521837285597
2009552777559814148
2009552992761245937
2009554225441972449
2009554231678943295
2009555592990658861
2009555598522962279
2009555604650807694
2009556555319091441
2009557212138700888
2009558546220974377
2009559033028682187
2009559818550583309
2009561852502823021
2009564446168105028
2009565349352722604
2009569056979050862
2009574056002195907
2009575286933971061
2009576268115935638
2009577348803567857
2009581973652877687
2009582085082849499
2009586225339089304
2009587314927001961
2009588356896977139
2009589234341224587
2009589648516063351
2009590010295857537
2009593545733329340
2009596853252469220
2009602128487309685
2009602368099508579
2009604010236600631
2009604349887152156
2009607981386887392
2009608784784892020
2009610172935893066
2009610561596924173
2009613319150371112
2009614302727295033
2009615398753415539
2009617612444254430
2009620574289752127
2009621766768062898
2009626891142279534
2009627825721213298
2009629946415857787
2009629952178888724
2009631501957431642
2009632263299018985
2009633078021607443
2009633578691567993
2009634031697383489
2009634477463744979
2009634962199429176
2009635754167923097
2009638562741080181
2009639601594601783
2009640500119359804
2009641912157040670
2009644500738879883
2009649666527576141
2009651185662541836
2009669680559247611
2009670923805487190
2009671325246468306
2009672651384778875
2009672658045350129
2009673455286006206
2009679803813925336
2009779841646899636
2009784756183892327
2009799854311272671
2009815079785771309
2009819956859547916
2009822511668854867
2009825395546436036
2009830056043130920
2009841073984811020
2009852101124554984
2009853944001114292
2009856243574485009
2009858288083710113
2009858348775288943
2009859178396111222
2009868098640494935
2009870032638226748
2009893378545373413
2009900336379723824
2009901024736358777
2009903540953899518
2009911681972089073
2009912438771323210
2009913024547872839
2009913978294788600
2009914678206706098
2009915372783440045
2009916662297047044
2009917558183604322
2009918270670024895
2009918702607839243
2009927242613489706
2009927713671491856
2009928001350516983
2009928494567043133
2009929115659628735
2009929611514392728
2009930686007038461
2009931187012468801
2009937089627074676
2009937629241028748
2009939260447842608
2009953199323787304
2009953767312241106
2009954300236366107
2009955042581983544
2009964891764076549
2009975218828374372
2009978372810785029
2009983169421029492
2009983892468707513
2009985586388705645
2009985980980466066
2009988271947034893
2009988729268842791
2009990654760497318
2010002020288417830
2010005057501311239
2010006360000491588
2010008344782881140
2010008367763448309
2010010415624073417
2010010983155282289
2010011617686368318
2010015784039530828
2010015807133364640
2010049873408868448
2010124674118947008
2010124983310397646
2010125182023909407
2010126684314640394
2010142593141899760
2010143322539758015
2010144106924912901
2010147144486019130
2010158456075104495
2010160166948524527
2010160744265044263
2010184902352986258
2010184903627854222
2010190800010035425
2010193245133996450
2010193459093868608
2010198737294111168
2010205069883675046
2010207862107378041
2010294840538653067
2010295508720583082
2010295732339872182
2010307829983510668
2010321232152199579
2010321494325461451
2010323724495700477
2010323728778064247
2010335889378128086
2010363418071728451
2010363624980951378
2010371972765777962
