1989245237978607997
1989252194026287328
1989252198161916164
1989252200603046277
1989252986246504913
1989257819229741399
1989258034720411718
1989258725421445440
1989258859656233108
1989259740418125838
1989260060653223962
1989260386378592395
1989260566830211170
1989261263621505449
1989262213912383681
1989262938612314418
1989264023679091075
1989264090603413943
1989264304659734968
1989264312578503022
1989264318719037743
1989266869141028994
1989268107328930173
1989269774195704075
1989271247591809464
1989272106488779232
1989273181019128269
1989274329948049441
1989276326507995288
1989276332539400475
1989277564175888701
1989278330814963722
1989279317944320093
1989280171720056956
1989280690912022669
1989281288306774500
1989281810786959592
1989282934189363222
1989284786763125152
1989286415231037788
1989286954647884248
1989287279698096328
1989287678089810046
1989287786470584665
1989293949014725061
1989294603980382367
1989295257071263997
1989295286972510398
1989295530867109901
1989295846886944977
1989296396990902530
1989296910281388312
1989297360447623576
1989298319349448848
1989298325875831042
1989299481893011841
1989300911999795378
1989301333547962791
1989301597755621804
1989302103756710213
1989302668616249781
1989303263326609457
1989303787081924831
1989304295666200740
1989315111719497915
1989315252312289726
1989316020289589440
1989320362149241177
1989324942559662285
1989325592609919428
1989326048660803619
1989326483035468226
1989326855695142964
1989327184897491290
1989327629678444981
1989327930879561810
1989328141043835279
1989328367150350463
1989328576718524737
1989328760039162292
1989330852958834950
1989330999512006897
1989331877031805307
1989331882287550508
1989335844717777258
1989335851223179343
1989336668403585234
1989356022952305093
1989365016639012956
1989365721349116259
1989366395742855216
1989368118184149206
1989371529797484829
1989377147044344269
1989395095419023451
1989404985608839386
1989405210050236876
1989405786720890913
1989478955083092277
1989521235253105107
1989533879515091217
1989533899307774202
1989534326787047818
1989534586167267517
1989539227613507898
1989568437157597558
1989571098661511346
1989576414610558988
1989576941721325789
1989577459751362720
1989577883736490219
1989578357667680736
1989578597691199728
1989578808320762033
1989580102749827381
1989580385026805853
1989580777168982124
1989581351490924788
1989588107923227073
1989589361579438453
1989590026150166998
1989592596247674907
1989592653370200145
1989592661628768725
1989593018278555780
1989596690605633965
1989600306720894988
1989603842573701527
1989605717855314354
1989606195628532013
1989607326379356501
1989608535500661124
1989609306384470312
1989610639367573730
1989610859828777386
1989611040171278643
1989611499124658457
1989611558692164037
1989612347116396976
1989612769122070752
1989612983585051128
1989613374226010423
1989613583865377106
1989613604040315304
1989613973633990688
1989614156992156129
1989615656548143479
1989615667331662213
1989615680946422212
1989616060375663101
1989622205383381326
1989622210492076468
1989623304345571750
1989623558113550386
1989624313629327685
1989626154589065466
1989626822850760928
1989627780909469878
1989627981103513904
1989629983816651106
1989631018006122637
1989633542746456243
1989635327817126382
1989636626134569377
1989637970530562484
1989639422611255649
1989639440067957223
1989639457663062265
1989639864288211068
1989644772550771053
1989646150501372209
1989646204905619504
1989646669353554035
1989647010652459058
1989647507983573160
1989648177319088260
1989648183576965220
1989648917794013278
1989649845980938384
1989650051917062405
1989650473155268632
1989650836440715687
1989652005208637613
1989679449651253582
1989681185447116938
1989682794684105071
1989688667015975208
1989695974344692024
1989699276667285983
1989699386675204128
1989700612993540177
1989702494822568089
1989702522060038455
1989713795653275860
1989714110670671960
1989714173727735893
1989717312992416006
1989725116721500461
1989725798908285325
1989725935743254720
