1426082702151749634
1426083239244963841
1426083402889928704
1426084514112053248
1426086290550771713
1426087909677965317
1426088222380093443
1426088719203794946
1426088961726763011
1426089210067312645
1426089226014126084
1426089862428467202
1426091675160481792
1426092879764615171
1426093461992730624
1426094162366013444
1426095020394700802
1426097210052149249
1426097780745916419
1426101626792673289
1426101906959527941
1426102151428775937
1426103527248580610
1426107793711398918
1426110234532016128
1426112543995531267
1426113971736567808
1426114051726217219
1426114111146848257
1426118043218808833
1426119088296718337
1426119930886254597
1426120114710061056
1426120310760230914
1426122242690207750
1426122675756302342
1426123638609088516
1426132087271161867
1426139158255267844
1426139433451982858
1426139517556183042
1426139663014666241
1426139819076296707
1426139919391420424
1426140362951729155
1426140425895612419
1426141685398966272
1426142190300925954
1426147730049495040
1426151490821918720
1426157199076728836
1426157694168092676
1426158393278963718
1426164559799226373
1426170723068907526
1426170933224509441
1426171016175263756
1426171384829341697
1426171434280263681
1426181333882003458
1426192682582298632
1426198935853428738
1426206194473918469
1426207734874001410
1426208253730426888
1426208469498007553
1426214405482500103
1426215755582820363
1426221110404599808
1426224431983071235
1426227219286745100
1426228471580086274
1426230622310129666
1426243577852489728
1426243688913461250
1426243688955478019
1426244106066358272
1426245779136540672
1426245929653260288
1426246562045337604
1426248059692879876
1426356087951818753
1426357366212075522
1426361672646610949
1426365667905662983
1426366462537592839
1426367588565585920
1426374880476336129
1426376991272357890
1426379422630772741
1426381292426326018
1426382679734308868
1426383940730769408
1426384326615203841
1426385846270238722
1426387676689620996
1426388640712716288
1426388937736552451
1426391606651801603
1426393786708496393
1426401171195928578
1426406826128515077
1426411685540110336
1426415199280537602
1426415465962692612
1426418900095291394
1426421689215111168
1426423493676044292
1426423882248949766
1426424245047816193
1426424845424685060
1426424997963202562
1426425373818900486
1426427217714712578
1426427578093502465
1426429214350135302
1426431059969802252
1426431691673849857
1426432158432841730
1426434703209340934
1426435674161311744
1426436217021767684
1426438229037707266
1426438543434412038
1426438672753197062
1426442202947866632
1426444506493177858
1426444672008790016
1426444685929709571
1426444702199345153
1426444717617651713
1426444732922695684
1426444749699915776
1426444826879283202
1426444986497724419
1426445541701914626
1426445902441455616
1426448196364996611
1426448459729571847
1426455739065765892
1426456379431129088
1426466971931930629
1426468120621764616
1426468968244547587
1426472679356342278
1426474382910660613
1426475273671700480
1426480764833521668
1426481775816052738
1426482700219678720
1426483457081806849
1426483602674491399
1426484198143971328
1426484332542128128
1426485247693123591
1426488100964880385
1426488512300294146
1426488596693852161
1426488658484285441
1426488710304997379
1426488842366816258
1426488855864111106
1426488893839331331
1426488909219778560
1426489051096379392
1426490414954016774
1426490415121793026
1426495056807022598
1426498514306035716
1426499023641276416
1426501298581508097
1426501811343560704
1426506481910697991
1426507419920715783
1426507842819817476
1426507957739474957
1426508071291944964
1426508215324340226
1426508842909593606
1426508961054740485
1426509032924192772
1426509348004454403
1426509451092107270
1426509593836810243
1426509706609135620
1426509780944711680
1426509850343731201
1426509936222113798
1426510565761970184
1426513327656640527
1426513685304934401
1426514865397530629
1426514889493733377
1426514911635537923
1426514927829753862
1426514939322064899
1426515235536474115
1426515306827051008
1426517529166368770
1426517748394315784
