1822903710365942023
1822904367202381980
1822905142775296101
1822905675036733837
1822912667540914484
1822913481668006121
1822914303521120754
1822914461398966526
1822915508213342312
1822915511992361276
1822917348367458307
1822917797502214453
1822919117957173466
1822919941705945164
1822920187123003409
1822920717396005251
1822921515672957239
1822922991140995275
1822924497714110923
1822926000906547625
1822927453658165257
1822927459206988285
1822927465381331368
1822928697764295098
1822929995129602194
1822930682730971350
1822931640508936377
1822933640617283825
1822933757046780283
1822942592608223684
1822943743290544358
1822944355948368322
1822945497969025409
1822946846597345529
1822947495867298227
1822948543667339392
1822950476188721281
1822953758810058754
1822954197727207811
1822954844333961414
1822956189250187654
1822960617705083192
1822961965184020757
1822964203654717848
1822964356755456018
1822965374046101526
1822973808674046209
1822974265530139025
1822978864261333395
1822980161462992938
1822981415127990352
1822981526482473234
1822981559424598355
1822981780984549665
1822983449797423177
1822983536841789728
1822984287043432600
1823000984676921377
1823001632382308535
1823005053491327296
1823005070990127487
1823005354461962460
1823005548263940469
1823006488757154100
1823006491189850453
1823008391653884000
1823008405822316683
1823034106558476762
1823036471835607080
1823036740275191921
1823041600869851528
1823041851391193557
1823109706270884173
1823139905045966863
1823188853936558094
1823188942658953283
1823216346491949310
1823224842717454599
1823225674649555328
1823226259570110760
1823226673464025586
1823226748693365072
1823227158283911343
1823227682378703181
1823227852718047607
1823228331481026825
1823228673232945497
1823235565590089920
1823235845509546322
1823236051240178070
1823236251874713767
1823236479491207482
1823236647603081530
1823236899324199134
1823237096515219526
1823237292036706746
1823237651425796507
1823237846393897466
1823238077571297606
1823238421768544650
1823248281125724406
1823251911564255374
1823253201715359877
1823253823177056429
1823257112505454593
1823257350133682665
1823258319567663188
1823258462169477231
1823259043374436810
1823259954889007304
1823261348194865452
1823267913752838323
1823268582840521056
1823270650737263003
1823271543767495165
1823272679157236183
1823277271924269508
1823278786143543622
1823285002190111022
1823286201278664895
1823289512249983334
1823289516289126891
1823289843927163042
1823291792843755854
1823294898784616615
1823298716561727999
1823299384307597532
1823302661157843158
1823305117870805473
1823305699704598921
1823306131353002114
1823306665648619733
1823314134966165775
1823317616481775844
1823319256932450612
1823323578055729325
1823324323521642652
1823326611099586569
1823333122035105829
1823333873914364376
1823339268816667134
1823344041678791103
1823345298120298990
1823353340027187551
1823363122830418135
1823369712828363137
1823371498431656261
1823372388521697552
1823379160649330828
1823472094421606822
1823502292668355059
1823581565110378940
1823583160518451709
1823584403655659552
1823585041932227004
1823586914567643187
1823587638596730922
1823587984081662001
1823588404640223423
1823588767023947879
1823589000462131306
1823589199385387433
1823589443913040213
1823589821446758884
1823590065068761157
1823591730991837676
1823595195533066660
1823595496868323593
1823596099791454282
1823596792430387568
1823603003800146366
1823614886548590950
1823616846668656694
1823618533978464671
1823623380865835123
1823625752346300623
1823626022925033922
1823626263581606130
1823627240573428150
1823627255794557008
1823627328192491792
1823627566294688210
1823628227883229439
1823628553549967597
1823629477395750966
1823630266084286770
1823630286707458282
1823630974879719823
1823632152678031766
1823632663225176081
1823633025340449028
1823633269046567410
1823633273349923122
1823633330845131190
1823634033407893977
1823634928053182736
1823635381838921788
1823635649217597621
1823636656420991164
1823636659621204260
