1826188544353730738
1826191391237570814
1826191397726142781
1826191403225116959
1826193487429255214
1826193493410087196
1826194924817219759
1826195332679794845
1826195837481029941
1826195838336466976
1826196406710968626
1826196846751973815
1826196970790089065
1826202176328548509
1826202590314480000
1826207419040432392
1826208753160769579
1826218134573023565
1826218842387034434
1826219675107381347
1826221621264453679
1826222016913142082
1826222052204040398
1826222199793176731
1826222270580478070
1826222385936396549
1826226460929208784
1826226932947796318
1826231683601039479
1826231719126835376
1826231752186265945
1826231789612085667
1826231811766411498
1826231865172545571
1826231873682686261
1826231899209261245
1826231978733293676
1826232169800610288
1826232325543498117
1826232367885042027
1826234322258649550
1826236302129607080
1826236639993274851
1826237285039472922
1826238648909504669
1826239675281092749
1826240818879057925
1826242536735928730
1826243740903846138
1826245687040004222
1826250908059230341
1826256263560466850
1826258515138318726
1826258697502531594
1826259210474266990
1826259713014813013
1826261647272681715
1826263849353543842
1826263864637522404
1826264472639648055
1826265721556566106
1826267314792333516
1826267560125325472
1826267606481092971
1826267645244854701
1826267673430466854
1826267786748006447
1826268749776961541
1826272182399361140
1826278680378630401
1826371196772077590
1826476002345976204
1826482153347035560
1826482379554439375
1826484614942036478
1826485098218242319
1826485861812178948
1826487046854377511
1826487051648467295
1826487945811173758
1826488111859466251
1826488430265860525
1826488837872517506
1826489166898905196
1826489470474211569
1826489999250128926
1826490522644742464
1826490752836534450
1826491217330536850
1826502789205291317
1826515816797397087
1826516566529507810
1826521767445139695
1826525263825621278
1826530791402471894
1826531855115383206
1826533289303113933
1826533672096276695
1826533696989807096
1826534363934117967
1826535167575687540
1826535172055204223
1826535467220959724
1826535687513858252
1826535773728112849
1826535920096395614
1826536232673063204
1826536817006387483
1826537449558012253
1826538959620706528
1826539024263131440
1826539437960167705
1826539967465636311
1826539976773042264
1826540966087721322
1826541624501076076
1826542270222422151
1826542434945237186
1826542435813785690
1826542525089477074
1826542568953258302
1826542680882479610
1826543686337134615
1826546735717708149
1826547609382858994
1826551963367919649
1826561827439817098
1826562191870349412
1826562521609719951
1826562665105227811
1826563469107495151
1826563618848096480
1826563631586185525
1826564007387693562
1826564735132991661
1826564778782773750
1826566491866816633
1826569014979555760
1826570927955476677
1826572077417083290
1826573423306227996
1826574012438266054
1826575359963222029
1826580082535924148
1826580592076751234
1826581207481503907
1826581533022716265
1826582137304482021
1826584958657540382
1826588044813894037
1826589199325442136
1826590532279431328
1826596708467581343
1826597117454061849
1826597592882708979
1826600119032320421
1826601788667297850
1826602271364579691
1826602698206314973
1826603876377936194
1826605838523568633
1826620692143718870
1826621175474389417
1826624019442844061
1826624147188764919
1826624307780616278
1826625241818534271
1826627412781596979
1826628164925145369
1826630966976413760
1826635294751236166
1826646048666005671
1826646812901736506
1826648112829792538
1826649371414593836
1826660475893145969
1826684596945367404
1826705199370830051
1826713487063875684
1826740630971883976
1826795432569438508
1826845035985535000
1826847757400784929
1826848173408580042
1826848693342863802
1826859649884160313
1826860299963490737
1826862693351047262
1826862700527583484
1826862706265391527
1826863457142014147
1826866135490572761
1826867169952747947
1826868200631665126
1826869309282681149
1826869819322609881
1826870393585762338
1826870993794859370
1826885249768587726
1826885565926838551
