1511927684237955073
1511941214500655106
1511943078197702657
1511943325624184834
1511943328547614721
1511944972496297985
1511945120752758785
1511946589505724420
1511949206964957188
1511949326460731398
1511954193187102728
1511954585459433474
1511955105926459392
1511955136729411591
1511960627363086343
1511964568313995267
1511967631875616771
1511988647675195397
1511988706290593792
1511997648085331974
1512011907539955716
1512011968000847872
1512012907294330881
1512014717706854404
1512015161829199872
1512016118055313412
1512016911936077828
1512020592597164038
1512020611349901315
1512020732930187265
1512026257088679939
1512026270397206539
1512031609029271562
1512032906637570055
1512043621519822850
1512062937820659714
1512064127023296517
1512067983031427080
1512076949115473934
1512076978731446274
1512077849225662474
1512079685148020742
1512081176088903681
1512087978398531590
1512091548548476929
1512100942040117253
1512101582363529223
1512102446205587457
1512266202319831040
1512267505892753413
1512276109190057985
1512276175623639041
1512276524098936833
1512276920955670528
1512282530564612099
1512283446915129348
1512287462260834309
1512310349340372996
1512312153469947910
1512312738772529160
1512313926280626189
1512314695037816835
1512314698321956867
1512315074693648389
1512315283150495744
1512315287357444099
1512316897991159811
1512317637593686018
1512319049807523850
1512325939820052487
1512327709107490823
1512328227116576768
1512332752825159687
1512338908524462086
1512348991404445703
1512349418703319045
1512353784005283844
1512353812731756544
1512353864187490306
1512353891781787657
1512353931531210752
1512356846345986050
1512357022389309440
1512375644113588228
1512378258880303110
1512378517324894211
1512380916194168834
1512380919499288579
1512380921546125314
1512385094563991554
1512386636998320133
1512397681666117637
1512423953817505795
1512424744724824064
1512425058181939203
1512429526093303809
1512429590194835460
1512430808648208392
1512436518631055369
1512438455430955009
1512438921111949315
1512438944801366024
1512439161302949890
1512439398729908231
1512450099762249728
1512450145652453378
1512450191122567169
1512450237155078146
1512450357833601024
1512450397771685892
1512450437273640964
1512452758594412549
1512454589160701956
1512456876499169280
1512458470196330500
1512459582593191936
1512460845824970753
1512461866429136899
1512462885556940803
1512466266002374663
1512473155402539009
1512473205071482881
1512479675259691010
1512480797466710017
1512602818183823364
1512620953460948993
1512622182408794113
1512622253154127873
1512628528797581312
1512628763925704707
1512637049391968261
1512673993903738880
1512674129404887045
1512674178687975432
1512674211701362692
1512674292013879296
1512674332748972032
1512681169443205124
1512681348510613506
1512682869377757184
1512683658422849544
1512683989865181184
1512684775177302017
1512685784775606274
1512685788508549123
1512686388394614786
1512689108052631555
1512691853199831040
1512694402699112455
1512695159452237826
1512697323918606337
1512697432869863429
1512697654857601030
1512698233138470917
1512701191255302145
1512714337651101696
1512714343787360257
1512732132132593667
1512736658654785539
1512736803777748993
1512738444954415104
1512744126764052483
1512771116137287688
1512774426068385792
1512776160215986178
1512777181466099714
1512777483867009024
1512777741607014401
1512786241317933058
1512790500281323529
1512797903861194754
1512805567500193794
1512811570396819457
1512811800840261634
1512811874727137282
1512818371779186688
1512820901095800834
1512825769327996931
1512826169296834563
1512826362234826754
1512827149438558211
1512827424324857858
1512827441697660936
1512827714155458561
1512827778928099336
1512831744189558789
1512831827018682373
1512831938880741382
1512833565301800961
1512833945947484160
1512834265276620801
1512842656409288706
1512845334556205056
1513012464253767688
1513017177359925257
1513022207605501953
1513060234310258690
1513144124907565058
1513190307420315649
1513190377523920897
