1901876624603386200
1901881023954387278
1901893110839271515
1901897191314350522
1901907865725731025
1901919370802282772
1901925745934643559
1901926227134619710
1901930809071968681
1901930813421433050
1901936867760820313
1901936869975392607
1901937302760497275
1901952400442995162
1901952548887523712
1901954383858073945
1901955037477413303
1901955708675150283
1901956620709699828
1901957569930989661
1901958113626059201
1901959045625622733
1901959384084980034
1901960000349835609
1901963741421535286
1901963997739389052
1901970121868091552
1901971035228172685
1901971942544228501
1901973209014231090
1901975465700802923
1901975814175944980
1901978899392946231
1901979769568407991
1901981301621871078
1901982695313613105
1901988190367645924
1902002677707653597
1902014013334274268
1902022862590099841
1902023199392694696
1902044967104888869
1902178341815513129
1902198015059996897
1902198921075814754
1902206654839726578
1902207782448984550
1902225381236838841
1902230175468941710
1902231274993090979
1902235027884405228
1902239055179289014
1902239854169354276
1902250549841735991
1902251432281305265
1902254998815437221
1902260216022118581
1902261297707958693
1902264914577879180
1902266613149397303
1902270404045271408
1902274887101903010
1902277128282095808
1902278473353457930
1902278798068027612
1902282812180644121
1902283974749442435
1902287675224461521
1902291424152015245
1902293375392608626
1902293380648087832
1902293868743360696
1902294269718884632
1902294721671962673
1902295303782298030
1902296259404427524
1902296641358663836
1902297815688303100
1902297819316175172
1902298011952386163
1902299536032461079
1902299539748331883
1902299734079107284
1902303837953900920
1902307453838225820
1902311936517403041
1902312101974065577
1902317881444139436
1902319148073664717
1902320363226489218
1902329038938763385
1902332698284429799
1902332869579862190
1902334808665313430
1902340283871748202
1902341421463404796
1902342604987224184
1902344696590180767
1902345809213190481
1902345814669656378
1902346176764264746
1902346776494948667
1902349594467692648
1902349993291522265
1902349998354002112
1902350004246966707
1902350010601160919
1902353261371519461
1902353349816537336
1902356704270180496
1902386266781696288
1902386272859242656
1902398422394749257
1902399466424168864
1902401929185259936
1902569277234044933
1902587328172003440
1902587571060007271
1902591293517103282
1902597585405083859
1902598499889508597
1902603836935524661
1902604688987713766
1902605116152431053
1902605535507312828
1902605787995775382
1902605879620325635
1902607535141450069
1902608350610886703
1902609590988239174
1902610679041028234
1902618071732510899
1902618075947544695
1902625294860861580
1902627238564262249
1902632190384730230
1902632562117538091
1902633079187140705
1902635320752959684
1902635743572611261
1902636138004935150
1902637050383495414
1902638237732237494
1902638290920206776
1902639338502095321
1902640583581000180
1902643158800048504
1902644075385459178
1902645299933511835
1902645299979681939
1902650165430730766
1902652171406975245
1902675714442494193
1902676066206203934
1902676724313387173
1902678814326673557
1902679483905425520
1902680240054476983
1902680878435975639
1902681613613564072
1902682384417591626
1902683797256339647
1902683968924979354
1902684647269765570
1902686146712502595
1902697984644542684
1902699179362971735
1902699833363959953
1902706417196298245
1902707438459269151
1902708806825783479
1902709839840911581
1902712826801840432
1902712881801740726
1902719232078414092
1902725837704892500
1902726714591199264
1902727538352476334
1902728088867438609
1902728708924084649
1902729471331123372
1902730121087471940
1902730718117298280
1902742029211447682
1902745978819756328
1902750879805235610
1902750907143762269
1902751532820693204
1902768512432828886
1902769070023512298
1902769431954198690
1902771035335954873
1902771946183692673
1902772949943525560
1902774311385231856
1902780676665119236
1902782501061530079
1902786035962216796
1902792400814346629
1902793981232308547
