1811627540907196683
1811628086787785162
1811629341601607931
1811630006696632664
1811631208121372683
1811635363833647460
1811641016002171110
1811641950287577289
1811642039785914840
1811643499311431721
1811649468984623596
1811651225940820360
1811651545525518368
1811660713779429577
1811661176574738530
1811661731602792910
1811662575710666870
1811662803868221836
1811663484058501282
1811664381656334521
1811664955378401621
1811665699095658783
1811666948616507605
1811667013456007675
1811667156570107911
1811667758926725570
1811668056659091697
1811668286230396972
1811668529793630248
1811669028223746449
1811669763141304423
1811670027076051090
1811670295876620479
1811670672588034371
1811670913928298685
1811671822594961647
1811672021262303571
1811672262954877342
1811672949407289575
1811673781699772625
1811674616987029863
1811675080704811240
1811692529236213987
1811706833993675107
1811707154501357674
1811716135097598324
1811721921592975634
1811725707896070483
1811740289058652379
1811742385052779002
1811747541106487641
1811747654277152893
1811748933800198279
1811750059308192058
1811751470775353449
1811753131984015439
1811753371495518518
1811753498738065519
1811754585532563954
1811754592864207191
1811754598677512706
1811763216957194506
1811777150422516050
1811781565283762385
1811782420867277188
1811837073877553633
1811837932065759486
1811838362615185727
1811901320812499201
1811902304456503367
1811902491451171042
1811902618173841862
1811902755474207161
1811902817575346549
1811902917433262202
1811903450390868188
1811904156044513489
1811904643082940485
1811904711227809930
1811904793821974556
1811904985116111257
1811905164162256997
1811905429196132441
1811905471034335339
1811905880641634802
1811908654389404077
1811908719740956786
1811973675257598219
1811987230082367778
1811990642459021797
1811991468875166051
1811993685867004168
1811997593863619063
1812003156198576486
1812004950324707396
1812004954716143844
1812010898996760967
1812011110934974615
1812011179763446106
1812014927600582906
1812016255433625977
1812016460430213339
1812017338562306273
1812017913597223317
1812019887776366889
1812020507065352265
1812020795939651975
1812021136877850994
1812022345151766851
1812022834748882978
1812023081512452177
1812023731101007881
1812023952799387937
1812024271004487701
1812024616485028047
1812024640023462117
1812025165842383076
1812026716615025069
1812030971765752196
1812033046591275233
1812035805629853732
1812035849678373201
1812041383735361666
1812056250013622610
1812057677394018428
1812057720461127866
1812057754577649675
1812057786680774998
1812059183572742440
1812059184336122009
1812059184344481930
1812059184352928219
1812061756748906586
1812062190968725876
1812068170196263339
1812075348169003413
1812080286525710500
1812082294150115377
1812082993533759953
1812087528045846622
1812091685481980385
1812095776358899881
1812101339029053590
1812101343102066878
1812101385560748252
1812101411141824823
1812105074216411237
1812109450242924941
1812111283711533563
1812111701191659979
1812111724583207395
1812125491098513482
1812125516604068011
1812125535671320595
1812126785120968971
1812128017948594634
1812128829831594254
1812131427791564953
1812245133687128508
1812245778418876455
1812268270101073936
1812290637250838547
1812294538859511907
1812358697194291427
1812358702714036653
1812365233299616160
1812365484064428244
1812365543589974348
1812365581678477500
1812376952394993785
1812377557385596995
1812377933446869225
1812378242504089806
1812378547648184667
1812378984862339272
1812379293303148718
1812379621285064992
1812379993613447313
1812380456677187755
1812381302441599153
1812383010333073675
1812615557188833659
1812615656065638895
1812630656796467610
1812656354382778686
1812660737510453594
1812672724822855816
1812673880739430886
1812674013573054722
1812674256247140473
1812674369388269769
1812676880107254175
1812679442411758016
1812683525772227044
1812683530251714678
1812685206136226062
1812685210670301473
1812694461220377037
1812695389788872886
1812702059856281965
