1898350860012314841
1898352507962753175
1898352520533041182
1898354496427708438
1898354892194119784
1898355875628376219
1898356823519801545
1898360883031560206
1898361561393008663
1898363798186283177
1898365554169114814
1898365567494406334
1898365863033516439
1898365881610051889
1898365904729022692
1898367549982552345
1898372870583005565
1898375687607550433
1898379477412872329
1898381005599457637
1898382741689012357
1898386684871680364
1898387250443845698
1898390462165287061
1898390593417756751
1898391556278878519
1898391656753189177
1898391959128981732
1898393213188145302
1898394032679559462
1898395064188968987
1898397175429603515
1898398820485976349
1898401372833296768
1898406971671560448
1898407901565440285
1898410589904580947
1898412559331373411
1898414686657478683
1898414694031147204
1898419659537322115
1898419673944719465
1898420025985265776
1898420060256866751
1898420083703107622
1898420403694924197
1898420537107321011
1898420890997506502
1898424558077751572
1898427001628659823
1898434919157907602
1898435177833246819
1898435280798896197
1898437316135501924
1898442935596908714
1898443084628975919
1898576981559816476
1898584474926875068
1898599673301966932
1898601505596322130
1898601508783972431
1898607178573131871
1898608458573684823
1898609052784975938
1898615511195459989
1898637378912457053
1898644067879448752
1898644130655609249
1898645091193119177
1898651046085615846
1898652074948366405
1898653356283007355
1898653462440894889
1898653564907696388
1898653583270351181
1898655112991776991
1898672993414307843
1898673987783155805
1898675118559387920
1898678183400263754
1898681170721980595
1898721719059104174
1898747332717326726
1898750014333255695
1898758681166328207
1898759672993403146
1898762241123705008
1898764045248860303
1898765454963081413
1898770812154548340
1898771071110938917
1898776742375915707
1898798143975944409
1898805051763958002
1898805886946271583
1898959499630645535
1898973936865673228
1898975877691769023
1898975881303097428
1898979453746999727
1898982356557394059
1898995453771047092
1898995685451788324
1898995729789780230
1898995744813810122
1898999981878747301
1899001546190540895
1899004666815385655
1899006750944321696
1899006840232386978
1899008431413240021
1899010118181949940
1899011495893020980
1899018951784370307
1899018967781400774
1899018981400273173
1899019003118706770
1899020233878446180
1899021072638603315
1899021291132186919
1899022455207088175
1899022593966981264
1899022599230775692
1899023410812060049
1899023663015277040
1899023669076103361
1899024364408127997
1899024603525062934
1899025856519176513
1899026150413811899
1899026785293193422
1899026920966082862
1899027394125766885
1899029192517283875
1899030318784434541
1899031043329372565
1899031238197080517
1899034708773568887
1899034841636536769
1899038719748792583
1899038719778140602
1899040950363832533
1899042173070233634
1899042184109728225
1899042188161679395
1899042188173955174
1899042791629713681
1899042877323489531
1899042916506497481
1899043046261678489
1899043061352833494
1899043080084533479
1899043601767608798
1899044068375576966
1899044570379288782
1899045293657890986
1899053260767658099
1899053645528019373
1899054500452934019
1899057141639745607
1899058520181645363
1899061863561793561
1899063116874277057
1899063146221896174
1899063166195126410
1899063188747948092
1899064668401930588
1899064678254276694
1899076593273958872
1899084364010463371
1899084672275259869
1899103880761233490
1899111253500727330
1899112252172849306
1899115661697351808
1899161364465369193
1899162675462177119
1899285453737771134
1899285963387654311
1899317676180410848
1899335124183035954
1899336329030500502
1899337372577259935
1899337698160361773
1899338659398398244
1899339437223366882
1899349344463224994
1899360177712984194
1899361045745225786
1899362491844460635
1899363387785793585
1899365473390661997
1899366785603838416
1899366858861502941
1899367125556314295
1899367323741344087
1899367671860428808
1899369683184222258
1899370685086245221
1899375134533984537
