1853399447037981152
1853403577127219365
1853404960744255537
1853405899492397262
1853406527702606139
1853408331463090209
1853410154265661775
1853412161755988300
1853413097786192004
1853414391590334809
1853420441903464919
1853427491735785933
1853429491013701708
1853430105110114573
1853431550391779577
1853431734387585271
1853438958988153269
1853440424515699105
1853441242933465380
1853444590474301669
1853455744433057836
1853465564393726275
1853468236890931412
1853471168516235278
1853471183364059383
1853479783864086713
1853482602356752791
1853503953637720245
1853504799699845229
1853505561372881380
1853611705806540934
1853619067292188920
1853632700726309184
1853652077177655369
1853658846893629467
1853660124881232164
1853660757403021707
1853662191620116644
1853671559002792201
1853675109141152222
1853681991063060676
1853683607875080305
1853685055115395243
1853686755914023315
1853688283949383851
1853688780563300614
1853689884109905966
1853699484053844178
1853700694664212600
1853705993005535623
1853706455775420858
1853706473567629477
1853706498230161857
1853706633349922981
1853706819442487625
1853707521686704433
1853708431728984315
1853708969094557897
1853709001533403642
1853709738275393657
1853709770168889397
1853711193753723054
1853713228158980319
1853716258421886977
1853719038826058157
1853727631360823392
1853727963499647073
1853729244612071558
1853729249477443810
1853730180868755585
1853730184756933026
1853732026471653743
1853735647275831758
1853735693606097107
1853735696936350027
1853737353963315384
1853737726287454655
1853738046619058329
1853738174025269616
1853738408994386151
1853739272416985472
1853740332783112328
1853741153717514605
1853741647269638209
1853742816050180138
1853743970796613783
1853744902187999412
1853745254194884890
1853745934221693246
1853746323801223555
1853747319822274669
1853748101225542023
1853748549638648278
1853751094976864709
1853752291028877628
1853755585805644127
1853759698920673492
1853760221338075174
1853760511168368858
1853761023595135328
1853763004787220523
1853767278602674464
1853769166886703385
1853772579175309693
1853779038600638548
1853779604131188904
1853779618299514955
1853779737023578163
1853780455834988680
1853780990726168622
1853782113067381024
1853782688441991555
1853782782151205128
1853783191838163433
1853783727752781881
1853787434544472566
1853791989646663714
1853792661637116044
1853796402364907990
1853798318167749088
1853799223814472112
1853799227077570692
1853799315883565379
1853799907846722043
1853801117370781764
1853803540772495782
1853803605708714263
1853803630815777082
1853803695680750032
1853804732479136180
1853808718342934876
1853819884356223004
1853825946463400424
1853839913080500521
1853840615366389865
1853841376863211970
1853842009200685238
1853842318673203484
1853844879119614164
1853857622820270196
1853859953402159531
1853985305541624204
1853985805439803617
1853987028876324876
1853987035566248334
1853987039928344936
1853994110241141024
1854021006282928376
1854021117763105206
1854021862407455015
1854024327265702369
1854024505074880943
1854027657098465588
1854029169258385718
1854029654702891122
1854034952868045258
1854035156748947723
1854037310280708185
1854037585246699939
1854040105755021576
1854041856138703299
1854045367521988812
1854046076141244783
1854046748332953975
1854047713593344473
1854048501052891138
1854049099542381041
1854050472606527489
1854053686567420004
1854055785514639788
1854058058055626992
1854059859223982366
1854063029379571789
1854063033146069272
1854064544064422034
1854064648053739690
1854064852609999191
1854065881070145836
1854066869759852865
1854067040216326158
1854067206134636643
1854067556145111514
1854067850933358959
1854068396339642570
1854068397597974857
1854069079226863846
1854069285871878419
1854069700285903077
1854070264423928124
1854071090957479995
1854071342544650459
1854071913049710692
1854073529907724437
1854074698453463498
1854075348457328677
1854075542318051411
1854075896791257413
1854075902973661520
1854075907981586795
1854076485256302840
