1401206579966332933
1401209813648887816
1401213993285419008
1401219583453720579
1401220042843299840
1401220253711888387
1401221466012540930
1401221811031842818
1401221995581169665
1401228251767263235
1401343743094001665
1401344028596047873
1401388788669030400
1401388899146997763
1401391521753042952
1401406411221835777
1401407582284095488
1401417765957734403
1401417885797343239
1401417978231476229
1401434797642194949
1401435194956021761
1401439723424423944
1401442034238386177
1401459700990824448
1401492905546551296
1401494173102923777
1401498218521718787
1401498780051001348
1401499204376162311
1401500013163737089
1401500617219067904
1401501707461267460
1401503258368114692
1401503517974482955
1401504552893915138
1401504943425556480
1401504976711548931
1401505035515662337
1401505414009659395
1401505529902469122
1401505736446812162
1401506088063627267
1401506133173411840
1401506346822864902
1401506716227817475
1401507302343987203
1401507839730880517
1401508093595324419
1401534991444574212
1401535431695421442
1401540963525267458
1401541421509746689
1401543181406113799
1401543640124588036
1401544307752898563
1401547332169060356
1401547844574605313
1401549640760139780
1401549955496513539
1401550202507464711
1401552837666955268
1401552896819286020
1401553120656646144
1401553365893402627
1401553694710132736
1401554357984759813
1401557588240572418
1401558132673843204
1401559899599900685
1401559946529886209
1401560069519515648
1401560858887561216
1401561783182106628
1401566831366709248
1401712697385701383
1401713068959170565
1401713277260861441
1401728114741243906
1401733709070442500
1401786128848412677
1401797790343131137
1401812799362265095
1401813734000009216
1401816545173512195
1401818324334374913
1401818552915611650
1401835890947760130
1401835902641459205
1401835922501505027
1401835953040232448
1401835993859182595
1401836045755314176
1401839458853416960
1401841307220275203
1401841596744699905
1401841765083086855
1401841766433574912
1401841940660834306
1401842238032777216
1401842266658926597
1401842552752402438
1401863719148081156
1401869375913619456
1401872820183867399
1401873629311160320
1401874581162364933
1401874941318811655
1401875007031058438
1401875066544025601
1401875133921337344
1401875812983267331
1401875837159309317
1401878634437124099
1401879720627564550
1401879771282219012
1401881590234378241
1401881944799944725
1401882616870043650
1401884689942470657
1401884909434642438
1401884946260631554
1401885088736940036
1401889850995789831
1401889875310235648
1401890108173742081
1401903378066657285
1401903982725910530
1401908625879158791
1401913331074572288
1401914649793101830
1401915220948258819
1401915254720778243
1401918072789684235
1401918582313799681
1401918877777350657
1401919199232991233
1401919562812035087
1401919867108790276
1401920455959666693
1401921773969367040
1401922949683179520
1401928091480379396
1401942108483715076
1401954424600207361
1402084386841915392
1402084470165958657
1402085650770235392
1402098456219447296
1402103898299502596
1402103899947868160
1402103901575278593
1402104914558418945
1402109301418651650
1402109413880590354
1402154559716294656
1402156459253633027
1402156837772828673
1402171252383502337
1402176369488842753
1402177682280910853
1402179942402519041
1402185426119524352
1402191980608704512
1402191992205971462
1402192030365716480
1402192069276307471
1402192315582586886
1402192558793445381
1402208308887314433
1402210276087242759
1402229978960261121
1402230132480172038
1402231650113626120
1402238782103986186
1402238843500171268
1402238865742569474
1402238891055140867
1402238960777060353
1402238976694521857
1402239065194332163
1402239279514873862
1402239289102987264
1402239503847235588
1402239537342935046
1402239562508763138
1402239618892779526
1402239635862945797
1402239664157728768
1402248310102974476
1402249615710199813
1402249907457576964
1402251828880809995
1402252587957579785
1402252940065181698
1402253470564978689
1402254005770854405
1402254794975109123
1402262088333004807
1402263560315674639
