1897667085024547067
1897667338637582445
1897676003821986219
1897678825598640416
1897679754427347410
1897680289956032666
1897684087575576625
1897684229355704365
1897687011026260289
1897687509142036484
1897692837866799258
1897703340613795903
1897703547661135923
1897710087852200415
1897710120232272327
1897710745275757028
1897711070414094698
1897711721881780281
1897715635108581567
1897823754639527954
1897847642060996692
1897848887198536086
1897850283054752252
1897851056669049344
1897876308186612218
1897877600695206172
1897878717437034926
1897879504066109829
1897879516791685423
1897879872900649131
1897880376300958123
1897880877721698803
1897886136745574871
1897888246304325955
1897888552769536151
1897892810860171690
1897893067753242864
1897896098611843315
1897896236021104980
1897896272893251762
1897907493902381383
1897916613170782504
1897919093686120786
1897925350056960497
1897931858085921027
1897933802368123357
1897935342986264913
1897935601313460427
1897936057897042308
1897936109310820604
1897938057594093702
1897938099197407576
1897939302409273500
1897939993861165425
1897940461861716344
1897941237426274524
1897941435254817272
1897942043068133641
1897943468338823400
1897943473506206173
1897945391343321320
1897947077831016585
1897947081719136679
1897948793636897223
1897953511091900571
1897955017165770764
1897956572271190421
1897957078070685963
1897957297101381767
1897957997323616551
1897960917444256225
1897960993554047124
1897961430634160270
1897961439677063411
1897961592236470682
1897961671294902656
1897961828724154643
1897963124336325047
1897963853272826333
1897965720975425630
1897967502698647731
1897968109769609251
1897968817772376377
1897974411661123920
1897974935391207564
1897975557435883905
1897975624654008798
1897976823558160439
1897977407539212422
1897977765586256207
1897978148438131111
1897978924639928665
1897979497095610698
1897980871342538988
1897981238318973253
1897987007059750971
1897989373163123000
1897989676327387181
1897990547627028773
1897991494851825668
1897992026337218855
1897992602403979415
1897992908969853329
1897993527692607668
1897994159543206253
1897994288899760580
1897994851486253132
1897995399576609073
1897996656345555303
1897997211406844080
1898001858989637711
1898003258011967901
1898003279512043687
1898003293114175813
1898003315247505418
1898003342527242442
1898003353335992723
1898003362911596659
1898004929064976731
1898005277527453783
1898006638906560729
1898011982684660055
1898014309298667965
1898015092094255590
1898015991843766418
1898016414629237173
1898018212895470073
1898018565749719323
1898028526655410655
1898053185622986883
1898060634689868158
1898067352417386820
1898069681757458719
1898069745821532565
1898184393782706407
1898218784865071610
1898227486980514281
1898233460403343621
1898237243359428791
1898248666030522874
1898253941324103780
1898254687725564254
1898255752307130442
1898257867586912709
1898263696901914659
1898264753220530583
1898265124428992663
1898265569406636366
1898268757685915670
1898271219373510735
1898286756392251739
1898286760595017857
1898286764793405685
1898287357495067053
1898287671224811600
1898287716393271551
1898287845007409408
1898289748051214725
1898292078603636830
1898292169930117445
1898293421413978452
1898293681561780589
1898294268256784468
1898294376960311321
1898295065463710160
1898296492861149432
1898298443979952630
1898299970526081393
1898300366456057908
1898301425324880139
1898301656367849576
1898301665142595848
1898302020291047482
1898303087422398952
1898303276749345144
1898304574152409138
1898305192384499947
1898307094689767607
1898307438832427511
1898308556149162461
1898308559982805206
1898310904107917572
1898311316739408313
1898312471682937198
1898317911569137999
1898317952497135693
1898318030330851838
1898319640121790716
1898319784783298942
1898320910450663723
1898321347442336102
1898322047329358208
1898322705763676213
1898324116517896464
1898332241136087233
1898340370817106305
1898342679186145661
1898344135272108382
1898344730624418252
1898347046949572680
