1873380057940652395
1873383585870454897
1873384096409567689
1873385501010624540
1873387329479643319
1873387944662188164
1873388766876041338
1873389489638567936
1873389514804326553
1873389536748949907
1873400967871476064
1873403256334078376
1873403260675178936
1873405301866610742
1873408191759036612
1873410864641917358
1873411727863509489
1873412342177776054
1873413337419333958
1873425640294322323
1873426228226801677
1873432645281231270
1873556405132869662
1873557578116202596
1873566382186754428
1873566635816366507
1873574115371860338
1873600011940094282
1873600846069698962
1873601399499653140
1873601563337625723
1873602781522927729
1873603212236013855
1873603261946863688
1873603514041307420
1873603551920087248
1873604031467450442
1873604556535501229
1873604716305019214
1873609381595779201
1873616321059172553
1873617407690047490
1873622222814032331
1873623417985052865
1873624512337707042
1873626033846714574
1873626491139076558
1873626905989296328
1873627034205000046
1873628306903609652
1873628311609639042
1873629472626466954
1873629476405621124
1873629481170247948
1873630015319081041
1873630020012499362
1873630024714350810
1873630422867071299
1873630880406831589
1873630883611295944
1873632033249092048
1873632215248290022
1873632320902828033
1873632367510003987
1873632390511493596
1873632613853987110
1873633449749446944
1873633564497211534
1873635116511265098
1873635667089220073
1873637157535175135
1873638335534760023
1873639631063003644
1873640468124475874
1873641474686148745
1873641506713845993
1873650845235150999
1873650873160867892
1873654775356731518
1873656844755022286
1873657037122642158
1873657631136776303
1873658071198978336
1873658250731917586
1873658827620720895
1873659742100541942
1873661859943088478
1873661865395650633
1873663800278434198
1873664563234877894
1873671182073184599
1873672149363528004
1873674185287077916
1873675670213234935
1873676494880608276
1873680322866671709
1873684698431648066
1873686423435686378
1873688397111562399
1873689391778189664
1873690450399572249
1873693012758241464
1873698165834277362
1873702012929663171
1873711585673523432
1873719737613713676
1873719806039584796
1873720048713621580
1873729962248978569
1873730863361585654
1873732385571008734
1873732661451313489
1873733623268229540
1873733707816899057
1873734585038836000
1873734887876022427
1873735236019961936
1873735768142963031
1873736116630847909
1873736167688200261
1873736531208544587
1873737248702960025
1873737944349151250
1873738228387512570
1873738816982503493
1873739132578709583
1873739641846927691
1873740311878664222
1873741832808763846
1873746049858449428
1873746197586059704
1873747657744884213
1873752243188674840
1873752876427936245
1873754705404522930
1873755160130040081
1873756062307983668
1873756165718651218
1873756354164453678
1873757260582986130
1873758079051010418
1873758919136579916
1873758924509458638
1873759294744838522
1873760795349360851
1873761540136128547
1873762167931146592
1873764894530802165
1873766182672838810
1873766555743560006
1873766603760046578
1873766834786484725
1873771743287906323
1873790042025714056
1873804832911638685
1873810912970498122
1873893696762241426
1873893721202455013
1873893751858618446
1873911823109664882
1873912041871991071
1873915061624070455
1873919111723704476
1873946822936584377
1873962049174470675
1873964318607499429
1873964329223225671
1873969579535507897
1873975164645630334
1873975316278108292
1873976698498408866
1873979751268049330
1873980876935356774
1873984429112340486
1873985344590536853
1873985950562607166
1873991314125316246
1873993243391910258
1873994368195191219
1873994438147707334
1874005081252847831
1874012075384869150
1874012080183140667
1874013498323448273
1874013679106351217
1874013683531342273
1874013688879014371
1874014903679541398
1874015767257403888
1874017308236275765
1874017657873432701
1874019431413940289
1874019735417074001
1874020627620958547
1874024767206154604
1874027295268364736
1874032470259359908
1874035665215856774
1874036406940819752
1874036857811722643
