1895818084973494578
1895819419747803178
1895820437608964217
1895820443011228079
1895820950190637347
1895821171654082983
1895833611389350032
1895834153347924122
1895834816207360093
1895835325953688002
1895835818742403109
1895836412723019851
1895836845860425918
1895837941886546176
1895838785105248378
1895841215675031881
1895841486790418721
1895842899117662683
1895843190286286981
1895843361971716395
1895843494692077788
1895844774135169502
1895872600003526926
1895881995882021179
1895885126367891903
1895885765080752583
1895908343182434757
1895908593423303146
1896029877184438355
1896037828892803309
1896081486383821088
1896081651270369459
1896083286096851128
1896083587386261723
1896098147535147162
1896099221520203841
1896100360005304824
1896101192062877850
1896101636910755954
1896102787722985848
1896112512887853551
1896112547016950041
1896112591380082895
1896120218835198321
1896128553131053066
1896128588619162016
1896131118858162266
1896146852808098221
1896147293302313013
1896157195135516727
1896168394522837468
1896169378263232831
1896169497155010961
1896180269805363591
1896203148018303356
1896231948814877140
1896232105795113116
1896246143501345233
1896246997113549186
1896254238499782909
1896262684271931784
1896393848043249741
1896394440845185508
1896402392176103578
1896402919609843920
1896418856278929450
1896420452966555671
1896436080339308891
1896436227529990498
1896436618908795358
1896436978595582349
1896437707708289185
1896449791753924946
1896453242651017631
1896454273476804965
1896456587956416600
1896457173950947604
1896464112433185277
1896464398237217267
1896465232392061121
1896466550003278128
1896466614591332508
1896466699676958814
1896467250162647301
1896467324691218457
1896467587057455257
1896467864221344031
1896468173765099631
1896469210236387807
1896469946324119766
1896470631501447591
1896471090626699431
1896471692677124230
1896480148096192703
1896483726634426822
1896483822772138154
1896488407901368594
1896490539094360346
1896491353598738894
1896491357696643388
1896492150784950760
1896492765288239563
1896493145397002588
1896494957848092811
1896495014987083848
1896496497392484386
1896496954248769839
1896496959470604623
1896496985274024412
1896498092738052475
1896498211520671879
1896498232727052624
1896498610537431446
1896499970410528985
1896500008918380771
1896500482690175472
1896500697375654294
1896501021247254958
1896501559502201334
1896503562928116092
1896504741540290645
1896507066476609818
1896509985242460427
1896510038656889111
1896510072643276804
1896510109733568802
1896510143782883673
1896510264448852176
1896510273353347446
1896516765703929925
1896521726093414769
1896521766962610275
1896521786751398114
1896525604343967854
1896525610958405979
1896526288107852083
1896526670959722500
1896528404268372341
1896528594811428918
1896528618370785623
1896529104067010904
1896529700543172703
1896529955376521662
1896530789443293649
1896531049313878284
1896531396228964591
1896531902510833818
1896533137783730595
1896533257266909559
1896533607621263413
1896539527852023967
1896544753057202647
1896544892194808080
1896545000533708996
1896545646792048881
1896546429130490282
1896547409104392646
1896547794758070683
1896552482958168191
1896561960428421246
1896563832111366350
1896564911263945005
1896572285102018935
1896572674392064440
1896573526444036481
1896573793990242421
1896577630662705162
1896593965912301965
1896594530771877959
1896594604058964447
1896747500528386225
1896749230922084411
1896792404969337207
1896792588310696270
1896792912777867612
1896793053307994192
1896793893917860003
1896800714862850541
1896801226727235840
1896801448316510293
1896801758804148280
1896802218202014057
1896804437915754557
1896804747358974031
1896804899528253581
1896807680825827803
1896808019876565454
1896808691565035591
1896809958081179989
1896811456613748995
1896813439093551228
1896814711557235173
1896815524505678007
1896815638397816995
1896815759353057371
1896820319605899510
1896830468508770748
1896831507471511999
1896831680255799585
1896833989673152975
