1501468833378607112
1501470903984476161
1501473036028952576
1501473620500967426
1501475222301536260
1501475484617482242
1501481754372501505
1501483284626571264
1501504237259280384
1501512100258082818
1501513882070052864
1501514056309809155
1501517141270351873
1501544821441265667
1501560425250684928
1501562424377638917
1501562496016318466
1501567357323722755
1501598982149394432
1501612210497650688
1501614501548150788
1501614590534496256
1501614897360416769
1501614996996096000
1501616429262831617
1501753714964836354
1501753728176910337
1501753744975077377
1501753762326941696
1501757522814054400
1501757555181514758
1501757579500072968
1501757604636557314
1501765672795504640
1501775639963398146
1501776616892268545
1501781106227806208
1501794857786155008
1501800744428904449
1501800809889415169
1501801974060437504
1501801981454991365
1501808197132492803
1501809485937274880
1501810200843407360
1501813969706647552
1501820336161320965
1501823395700215808
1501823466861133825
1501826513876193280
1501862254492663809
1501867770186993666
1501871767442186250
1501877943559405570
1501898070212345859
1501904302452854787
1501906253798604804
1501916977836990469
1501918447000637443
1501923097334927364
1501924719981117445
1501924929658568707
1501925136848789509
1501925363739693056
1501925657559072771
1501925895422246918
1501926408813449216
1501926920543666177
1501927761967206401
1501928230303182850
1501930044759093248
1501931627769135105
1501934473180762114
1501940314994397197
1501940358975950854
1501940366307594247
1501940375400816650
1501948022196158466
1501960069755273217
1501976316966739972
1501984185527201792
1501984224228016129
1501995184220868619
1501995756269408258
1502003440284667904
1502111253913026562
1502128110149730304
1502128133629411334
1502138535000014851
1502155961490112514
1502161699348283392
1502161859138691073
1502163062354505734
1502163392735645698
1502164801212252170
1502172426201071618
1502184388817084420
1502188502565662721
1502201343779356674
1502201396032339973
1502216917792493569
1502219837346844672
1502257791763107853
1502259684430196739
1502270442819964929
1502278462257917958
1502297386164842498
1502325432083161091
1502490443270959110
1502495178229104646
1502513115552169986
1502518962940411906
1502522605987057664
1502525196598931457
1502526408446595076
1502526415069380611
1502529081883373569
1502529439175184386
1502529565243351040
1502530909500628993
1502531254876803074
1502531810940821510
1502532684626927621
1502532919755444225
1502533562687692803
1502550360795545601
1502564850396180480
1502570640045637633
1502571669231398912
1502572397941395460
1502574572230819845
1502576881228742656
1502576885280407556
1502578285381025792
1502585436652285955
1502597641028648966
1502604966673846272
1502604999519784968
1502620390207922179
1502621693642113025
1502645940984852484
1502650153081409537
1502650291661193216
1502652174119346181
1502653179242364931
1502653427842953220
1502653804474695681
1502653864700674048
1502654473713651712
1502654480722305025
1502656183093833735
1502666683449700352
1502689369404379140
1502689414799294466
1502689727031681026
1502689749492207616
1502689775538831362
1502690087859257350
1502690198081372160
1502690279727722497
1502697445192441860
1502723721358118912
1502750785440186368
1502750895196753920
1502750913244856321
1502751276836466691
1502927041511170050
1502938992995897344
1502966246551474184
1502975677989269513
1503011439438868480
1503018156188704777
1503018800903602176
1503222379719569409
1503244035322179584
1503257961774612483
1503262318746292224
1503263184610037761
1503266105640783872
1503266874221821952
1503267085480493056
1503267925830303752
1503273019015577600
1503274482093682692
1503276871303467010
1503278085369888769
1503279330348400640
1503281312463228928
1503281315009167360
1503282379838083080
1503283923111268353
1503283925724327938
1503285751915503620
1503285946783256580
1503285949266300929
1503287128087986178
1503287925299359748
1503287928143118338
1503288376283504640
1503289578563989506
