1245607359889551360
1245607402956677120
1245607461127503873
1245607478001168386
1245607513153658881
1245607581227204613
1245607614890688522
1245616677896638468
1245616968591265797
1245622533790904323
1245641172724273152
1245644199975735296
1245644562279743490
1245648787227291651
1245651083277381634
1245688631064506369
1245700151189991425
1245702543684009997
1245702705491980288
1245702708033617920
1245702970743889922
1245703236255973383
1245703406582468609
1245703920095309825
1245704130921926656
1245704307485429762
1245704549173800961
1245704556148916225
1245725165440434178
1245727150466052097
1245727729296834561
1245728733400412166
1245729340450426881
1245729443026358272
1245730801020477441
1245736432154509312
1245747899234955265
1245748997031149569
1245749791855951877
1245763132183597057
1245771374162874368
1245775840362639367
1245778227651416064
1245778353488969728
1245780984835870720
1245924206656684033
1245942424272166912
1245945007988563968
1245966086337638401
1245969429822722048
1245970673710714881
1245982976459935744
1245983060132122624
1245983086648504321
1245987274921136131
1245987429586104321
1245995646709989379
1246001940636618752
1246008598947180545
1246008612515803136
1246009834798903297
1246009876481863685
1246009929279762432
1246027964942127104
1246041602616778753
1246043984075476992
1246057277628399618
1246061095435075585
1246064046354268162
1246065361453109248
1246073240272814082
1246073308388286470
1246091543011786758
1246092045711593472
1246094172324417539
1246100142496911361
1246100367215075330
1246117586707701760
1246117601706557441
1246117616239775745
1246117643129483266
1246117657956323328
1246117706895478789
1246117721634295808
1246117786222333952
1246122797811634176
1246130845556953088
1246131030899200001
1246131388035653633
1246131599000743938
1246131770560520204
1246131880375787520
1246131979537563651
1246132340092477441
1246132466865377281
1246133052243312640
1246276330234109953
1246276386458722304
1246277020402630657
1246289283104702464
1246289654036312065
1246299624513531906
1246311247139581952
1246312621365547014
1246321804844519425
1246326756337840128
1246327054850637824
1246329592626831360
1246332336825700353
1246336618148941824
1246341465254445056
1246341987269255168
1246350503912648704
1246355815948120065
1246358315157741569
1246358341594411008
1246359125023272960
1246382105992388609
1246382214138322944
1246382912343134209
1246391729550323713
1246396596025053184
1246397180010737670
1246401039223279618
1246401067593527300
1246401288511750144
1246402469040517120
1246402572262313985
1246410922899288065
1246411003094392832
1246411124796358656
1246425604511023104
1246429920386895872
1246430873546715139
1246432849936277504
1246432982727946241
1246433218745622533
1246437714028711937
1246439455566647296
1246462976216842245
1246468434470133761
1246471711458881536
1246488792267132928
1246489432003313664
1246489435623038976
1246489724975484928
1246490432135139329
1246490641405808643
1246491112518430720
1246491493331763200
1246491741823340545
1246492203360321536
1246492914533924869
1246493414486654976
1246494397845438464
1246494573930721280
1246494871185129472
1246494873559146496
1246495349512036352
1246495824881868802
1246593597169790979
1246595692761497601
1246684209395027973
1246687174038183936
1246707362351788032
1246715593576734722
1246716448761884672
1246719769916493824
1246719806272729088
1246720429802151936
1246720513746956289
1246736387224875008
1246742832657756160
1246742847291707392
1246742865847275520
1246742887712174081
1246742900869697537
1246743955963809792
1246750269271969792
1246771798500429826
1246787927826255872
1246791680327438336
1246792159828643840
1246792210919505922
1246792239709216769
1246792265797779457
1246792288547700736
1246792313726107650
1246792344289939457
1246792385306099714
1246792459633315841
1246792483058548737
1246792500695584769
1246793352126881793
1246796228714803202
1246800781556060160
1246862352361783296
1246864307788242946
1246864556829233152
1246865015585402880
