1986412324773896629
1986412662486671451
1986414583649841173
1986414988375040361
1986415435269771344
1986415952968503342
1986416503777104094
1986417078040207514
1986419096037228651
1986420364831039632
1986425839722934518
1986425970023407901
1986426474753384651
1986426669293584534
1986426942984527899
1986427296887267800
1986432930005348451
1986434231095205945
1986434270622281907
1986434308865998970
1986434366160159021
1986445094996877382
1986446502118760560
1986447561646088625
1986448300367859771
1986448304113434744
1986449269025644549
1986449272293007661
1986450417107316972
1986450422748574120
1986452178798842169
1986452182758256813
1986452890698063993
1986452894586184102
1986472265236815981
1986480437930434911
1986482265518711109
1986483107206406334
1986483751749361675
1986591931716260090
1986622131560493392
1986623913926009183
1986625802293944683
1986628186747388264
1986628277310808496
1986637233575895267
1986641562730963438
1986642120976031786
1986642363679412684
1986644059847598187
1986645679129895354
1986648359885734395
1986652282067489093
1986654055821955279
1986658012799635778
1986662557898449306
1986665567324152114
1986668563177087248
1986668951628312907
1986670458272686472
1986672596252041693
1986672735427436669
1986676197288517732
1986676617612325102
1986676639913419079
1986676822462103754
1986677555609674135
1986677670386737366
1986678399243522558
1986678944826073343
1986682956849816031
1986693931690791265
1986705527859302545
1986706286000706010
1986706972348223840
1986707421834977489
1986708093817049355
1986708415654367740
1986709098784825719
1986709170633269411
1986710173977870789
1986711032228876444
1986716831932088485
1986717427372302674
1986717922031714338
1986730324156625333
1986730327424082049
1986730329974145524
1986730350249390555
1986730371384557858
1986731317078425705
1986742271233106368
1986742275884695602
1986742501986975744
1986743155736342815
1986745120344195361
1986745785023877597
1986746178940424593
1986747081730728012
1986747790396207473
1986750732855615886
1986751773407916530
1986751960180220338
1986753533035843731
1986755818373660776
1986756376010625232
1986757492572102658
1986759194138255410
1986759255928734004
1986759325847830687
1986762252796707073
1986762719710839205
1986763241570328731
1986763715405045874
1986764347566358582
1986764417347059897
1986764812202938430
1986772458930848051
1986772989397106899
1986776507029856747
1986776912589660473
1986778838546940172
1986780746154221818
1986781986711859480
1986782695826018420
1986784909864886581
1986787648468599152
1986788384287928483
1986788865487904820
1986788995641348165
1986789091116261848
1986790239797727238
1986790561005838670
1986803319474643120
1986805939085947196
1986807055324500071
1986807804209099020
1986823542395261256
1986851685676056997
1986852184252895336
1986893326809968807
1986893346426790345
1986954319661613121
1986969419218886789
1986984519724040432
1986999619268571427
1987014975421096191
1987033843074015398
1987034501835579585
1987035205690138845
1987035995246850247
1987036907839365641
1987038576799064225
1987039292393463950
1987039990032048378
1987041383287492876
1987041827728597406
1987042537379668422
1987048554872119639
1987049057827872795
1987050598127345914
1987051072289132574
1987053911182876950
1987054088350277678
1987054582623838460
1987056830976303329
1987057443852198207
1987067879599317024
1987074450492428501
1987074564514599177
1987074585880371470
1987077500653207601
1987084286915412416
1987089612612030887
1987090804264095904
1987095196757336563
1987095686123495544
1987096270520131739
1987096703892402388
1987097192176451863
1987097597350453419
1987098401520165309
1987099052350304527
1987099480748155044
1987107325933723758
1987110241071472694
1987113598012039324
1987113964283760854
1987117986143207604
1987117992375951414
1987119608210596355
1987119612421677418
1987120067612713401
1987121152263921908
1987125774588219887
1987142559765045310
1987143233529651410
1987150617362485608
1987162896695259527
1987177235175121104
