1876522840981483596
1876524592329797643
1876525003652685842
1876526219031888027
1876526906822254846
1876527187622502809
1876527347735855231
1876528182314291558
1876531490588356999
1876532385698947479
1876533076395954201
1876533081487913131
1876533090090381568
1876533224622678348
1876533498850451952
1876533756556931109
1876533759996272935
1876533763531997305
1876534228051182031
1876538554316406867
1876542276547305667
1876543421525156287
1876545395268235627
1876546266076971307
1876547716286910791
1876548276289437789
1876559568693834216
1876563142979018792
1876564338888343867
1876564777960673663
1876565285974769995
1876567538651517214
1876570579693940894
1876572822077940113
1876576786458546412
1876580607834382656
1876581641419952536
1876582453059706949
1876584750108066132
1876587470198091972
1876588392181600405
1876602640316166505
1876605428274286633
1876606901368283229
1876610619102961871
1876611775162089545
1876615079552242028
1876615082383405438
1876615495300051013
1876619005710233837
1876625322172613109
1876626138887553298
1876626965014495367
1876627549754917172
1876629491239604692
1876629494381121556
1876630448765591850
1876632088079991243
1876632118484402249
1876632147097977333
1876632448311885983
1876632452099416376
1876633412200726908
1876634711084446099
1876635233665331353
1876649970432123123
1876650002778653025
1876652917899616308
1876654221011128490
1876655236456259672
1876655565969182906
1876655579021930702
1876656837183058293
1876657167312572497
1876667150007734333
1876669646566498736
1876670293856711128
1876672287170261110
1876673290603016680
1876674550290874744
1876676772999352476
1876677482457493654
1876678305329668182
1876678810038677515
1876681475225239758
1876682978128241117
1876684736820830588
1876690126178296119
1876690146067882246
1876691222024351966
1876693334078751009
1876693338495005091
1876695285067338121
1876695288221519980
1876695904541118837
1876702965462974830
1876836993885147509
1876837601014952090
1876839265424060594
1876843070135906456
1876853683008274501
1876853763647865323
1876854676940792046
1876856080103248279
1876861636473934253
1876862295294320925
1876862736677654562
1876868004325031954
1876870693834367155
1876871857351107042
1876873239869128777
1876874509971517758
1876890170261447134
1876892076291604733
1876903489269322177
1876905582617116953
1876907217833881741
1876910246502801664
1876914297655201921
1876914807498018979
1876914814091505733
1876915192589586586
1876915198218383856
1876916091491922239
1876916748299157616
1876916767274009038
1876916819371418046
1876917028017103236
1876917031938687190
1876917036846059928
1876917697394393485
1876918107832270927
1876922148763377745
1876923871208612188
1876933380643713115
1876945408737288598
1876946679867244964
1876947534553243989
1876948528318066769
1876949684779880520
1876950830982541581
1876952261479309803
1876954231900438847
1876955474945348014
1876956316700189051
1876964822736146690
1876965044577050839
1876965242405589322
1876972560149090343
1876975105307517058
1876978216209895627
1876978474360914064
1876978750648168829
1876980314741850291
1876980921376584086
1876981920204050572
1876984705154785696
1876984767054217617
1876984901439811749
1876985038513795448
1876986098246627727
1876987179043340304
1876989263927243081
1876990666108272879
1876992866834358325
1876996218913530092
1876996691343081686
1876997396980285746
1877001841390858439
1877004942919012356
1877012245143802032
1877016344572416355
1877016433193873556
1877016866264109316
1877016888133267507
1877027413718151533
1877027429719392708
1877035086157127940
1877037559060001250
1877041522492784877
1877042280718012902
1877043236595716433
1877044064610042277
1877048823794524505
1877050167033036805
1877164477000593900
1877166069133226239
1877180206584107383
1877188552749965386
1877191525215383963
1877191622980485252
1877191678185947451
1877193757231132704
1877194293095420029
1877196095073239248
1877199136706928916
1877200120762040777
1877202386285973816
1877214728772030855
1877214859084886059
