1959912822730551327
1959914315554713769
1959915150590263317
1959915996157796610
1959916043784393043
1959916569082966187
1959917110395867343
1959917202036961342
1959917789759602840
1959917799050207618
1959917819019055295
1959918926432960715
1959919249012445403
1959920479785058628
1959920536907059477
1959923169797542088
1959923669943161205
1959923704626061468
1959924045060755837
1959927564950221270
1959930510836109544
1959931122785132569
1959934689369620728
1959939980584751203
1959941206533611908
1959941211046703183
1959942002734158182
1959942699915571459
1959943678702579795
1959944413259485354
1959945092044599686
1959946057149780186
1959948751335780728
1959949554347905029
1959949559162949805
1959950208747307272
1959951002104119316
1959951750967722427
1959957535600898288
1959958091514155431
1959958415632974076
1959958420544475207
1959958809222566172
1959959037233295450
1959959055683973621
1959959426909270111
1959960215493005691
1959960731115573733
1959961397736898670
1959961867566121438
1959962349160611922
1959962833438843325
1959962877068038329
1959962883225272765
1959963777471840407
1959964275516322253
1959964771802886218
1959965248414466331
1959965947642695732
1959966544894869849
1959970288365695134
1959972398196756747
1959972685120733396
1959978701900468447
1959978707080106015
1959981417666154586
1959988874341753061
1959989387103723629
1959990515044430022
1959995192439951416
1959995910076948592
1959996008747917552
1959997062520705271
1959997138190098608
1959998002346795487
1959998735871549557
1959998743622885421
1959998912800215339
1960000025863315729
1960000334904033782
1960001432851194046
1960001815447318999
1960002900303950216
1960003660437758283
1960003964914602460
1960004861971636370
1960005348368212149
1960005546070942064
1960005933708578975
1960006784732836001
1960007003066994896
1960008808388005966
1960009965747482831
1960010843908866290
1960013588728565936
1960015371219657174
1960016122503110777
1960028093894344843
1960029706289660232
1960042524812492845
1960044472651444429
1960055013549768722
1960152717453582790
1960152969099595945
1960168752806494594
1960170265272578547
1960170711399735655
1960171548859318482
1960171838153060654
1960172136074453013
1960173280138055761
1960185052328788379
1960189513940242459
1960189669695774766
1960197551639998624
1960200943334547583
1960208520168824856
1960211961649811922
1960212423853629861
1960213084066488471
1960215127073960015
1960215168631054451
1960215366077972962
1960215466284396954
1960215493236732167
1960215751576457591
1960216794087465248
1960217114159071699
1960217482548977744
1960218212475298026
1960218216862535841
1960218245962625370
1960218727170842787
1960218932675010875
1960219120604971468
1960219155912704150
1960219700492718475
1960223388753867189
1960231664354779570
1960234690561917165
1960235340708319477
1960242400732778682
1960242835468247503
1960244609583395150
1960245021707223538
1960245027478618133
1960245033124217138
1960245525308977272
1960245984266530965
1960246738389815740
1960247020628951172
1960247266410975357
1960247338192027739
1960247345594945619
1960247713607327945
1960247746897621433
1960248694101492206
1960249040701972758
1960249044673974707
1960249660070580621
1960249921887731818
1960250720612937973
1960250726174654884
1960253613801910520
1960253619170881991
1960253963019931763
1960254171363336633
1960254785627791861
1960255219352105470
1960255491365642411
1960257921532744049
1960257956571676961
1960258615488426118
1960258972083990713
1960259021207699961
1960259542035423444
1960260257977901068
1960261258495643956
1960265302488601007
1960270626440020309
1960276146106356148
1960276149491184031
1960280165906592050
1960281536856494334
1960283785041502504
1960283908211429886
1960284511180390429
1960285630711333343
1960285954100338822
1960286105401524592
1960286508251812156
1960286627059671369
1960287413575844200
1960287938757234830
1960292536645529600
1960293344401109435
1960310036145557815
1960311894364819656
1960313120942850420
1960316909179539656
