1517022273252651008
1517023836830457856
1517025749311533056
1517029417838546944
1517029424750678017
1517038171384516608
1517040091192971264
1517040680031318016
1517040766014865409
1517041869707902976
1517052821899649024
1517055410192392192
1517060763726204928
1517060774685855744
1517061944037232640
1517062123657998336
1517064151255764992
1517066024700772352
1517066110931468289
1517074166641737728
1517082417911463937
1517085644442714112
1517091869192523776
1517097164455149569
1517098389665886210
1517100780255608832
1517111132548665344
1517114782708801536
1517117179153436672
1517119374213419008
1517132307836338176
1517132485490278400
1517136834651779073
1517138552370655232
1517139535062507521
1517139592826466305
1517143524201799680
1517153246116466689
1517153535921909761
1517156355068788737
1517160722374873088
1517165390807580672
1517166108138442752
1517168131713937408
1517168210487185413
1517168344054767616
1517168376678084609
1517168455480651777
1517169304986603520
1517170311208501248
1517173807643238400
1517173974660448256
1517173993580953601
1517174290713825281
1517176897784119296
1517177223102758913
1517181049151066113
1517181142512074752
1517181731488829440
1517195857795641346
1517200695308746753
1517201045210136577
1517202418416889856
1517202466345205760
1517203141691068416
1517203452698726400
1517208652620644352
1517209107585208321
1517339384949141504
1517360278815461376
1517364542833307650
1517381116780777473
1517382893504724992
1517382897527029762
1517385278901862400
1517385505511739397
1517389946893783041
1517391114382180352
1517392035300651008
1517393109965242371
1517393135164305410
1517393220170547200
1517393377633136640
1517394537769242626
1517394596409798657
1517394886152318976
1517394912496746496
1517395032596443136
1517395663885012998
1517397720889126913
1517398513579347968
1517398514808016908
1517400381701038080
1517400388084723713
1517401145697705985
1517418141705711616
1517419529814802432
1517419536919961602
1517419545925156864
1517419871029837824
1517419988944326656
1517423977559638016
1517426511346683904
1517437101289385984
1517439488548433920
1517439825246584832
1517439943093948417
1517456428021477379
1517456516621942784
1517456536834314240
1517469053828603904
1517475617545277440
1517480424578056194
1517492761473150977
1517497340449669120
1517510179490697216
1517518044712816640
1517518623447056385
1517529077292597248
1517529808783437825
1517531628046028800
1517531659637522432
1517533742050406401
1517536379994996743
1517543193566269440
1517545362416107521
1517564505081135105
1517564572357783552
1517574963397795840
1517589818292723716
1517726369144197120
1517739633190129664
1517739649891897344
1517739658813210624
1517739688508895232
1517739728161804288
1517740330140856321
1517740741912522752
1517748528960876544
1517748705604288512
1517750933249093632
1517756962657619968
1517758576756162560
1517758997327413251
1517759958787694592
1517760051951566853
1517762110713122816
1517764274923651073
1517764417902956545
1517766068747763713
1517769000776007680
1517769003674275840
1517769342456242177
1517770294374502400
1517770421390962688
1517771243084476416
1517784140308836352
1517787804998062081
1517787807833415680
1517788452476964864
1517788455132041216
1517789490680524801
1517791148995080192
1517793169848500224
1517793504222924800
1517797637486899200
1517797644814680064
1517799383420391424
1517804241465012224
1517804880001667072
1517806259264962563
1517808109762543619
1517810385617055744
1517811842072342528
1517813778280493056
1517813809855234048
1517817753293365249
1517827684729901056
1517832542313127936
1517835666536931330
1517840655493464065
1517862362115866625
1517864491484327936
1517867980570333184
1517869209128112128
1517872346652024833
1517872354222743552
1517874692735918081
1517875931058098177
1517877028598386689
1517878181247676416
1517878418045833222
1517889146689257472
1517890923375763458
1517890995366805504
1517891320878362624
1517904993172750342
1517908352218824704
1517910677603909632
1517910744687595521
