1402263817351053317
1402264639061344256
1402264650646003728
1402267378923233293
1402267768788033537
1402270992748195842
1402275059897712646
1402280759608582146
1402281768711905281
1402289241896341505
1402299193113268227
1402301738812514309
1402302411348189187
1402303020512079877
1402303451707576322
1402303602719264769
1402306210645172234
1402313281683935232
1402433292591243265
1402438760512385024
1402440936634781699
1402497329823850496
1402520982078705667
1402533041898090496
1402539530234732552
1402540355673673731
1402554648762802178
1402554792484999171
1402554935485505536
1402555257482219521
1402555369839230979
1402555467050618887
1402570934477750279
1402579904772775938
1402580132544409602
1402580546241269762
1402588233867808770
1402590937914634241
1402591355000422402
1402592327705661441
1402594735491977216
1402605992089505792
1402606473931235330
1402606760033099777
1402606831864668161
1402608349108084741
1402610029228793874
1402611978338652164
1402619887650885637
1402621781412782084
1402625105948135425
1402630795760574472
1402632091699871755
1402640191701983238
1402643464727134210
1402649776575836160
1402664704946806785
1402665927242518528
1402666060805902345
1402791297568542724
1402805646601293827
1402808316762284036
1402897690728353796
1402898922465488905
1402899341967183872
1402899368508674048
1402899480102326272
1402899507570872327
1402899543876796422
1402899618816413704
1402899645022412803
1402899695840600064
1402899713368629250
1402899742435147778
1402900099311685633
1402900169855705089
1402900203519107078
1402900278865645569
1402900365016657920
1402919840038281217
1402954167258292227
1402954307268268040
1403001632695021573
1403001764295544836
1403002142433026048
1403002206912073737
1403002331642298378
1403039036533448707
1403179587526299648
1403194998556815363
1403230820324708360
1403232678044848130
1403237192952991744
1403239357985656838
1403240214743552004
1403240332167237633
1403246508615426050
1403249898196135936
1403258220764749826
1403264609805471751
1403287381822742529
1403287404551630858
1403287610278092801
1403287952143253505
1403288099963109382
1403288253780828162
1403288486275272706
1403303925835472896
1403305106049626117
1403307261049507842
1403314873900011524
1403315079773233156
1403325589021290501
1403328633423368199
1403337204559089666
1403340692076699649
1403341246102343691
1403342737793945609
1403344399426146311
1403345154447052802
1403348793710432257
1403355728870469633
1403360565397839880
1403360810575925253
1403364842950381571
1403372473257664514
1403372784105889794
1403377407189344261
1403390973208449025
1403391796139364356
1403392542930915330
1403396463846072322
1403396499505963008
1403397082753290243
1403397559230427138
1403401101257310211
1403420713428553728
1403422547283124225
1403423667648823302
1403553496746500097
1403553622667849728
1403566050751385601
1403569027763499010
1403576028660785154
1403576096419811328
1403576139713433601
1403591701369737216
1403604084934905856
1403638536008392711
1403650338146586627
1403650501695066114
1403651037433528320
1403651070211940353
1403651085043073030
1403651092181749762
1403652329463685120
1403659565137235972
1403669267694845953
1403676288481595393
1403676375131721731
1403676533294723077
1403685953391120385
1403700175051190273
1403711068724109312
1403714464579395584
1403724990818574338
1403727406511181829
1403730718795042817
1403733375542730759
1403735723698581513
1403739442754453509
1403742039167029254
1403744615233064962
1403748006315184129
1403748027962073089
1403748188297646084
1403750510776127495
1403752553414758405
1403753538312830978
1403759778317307905
1403762703190032390
1403763204442845186
1403765214030360576
1403768758594805761
1403776167631413248
1403892344982700034
1403899420589006848
1403899565061795842
1403899817638514688
1403900309701730306
1403934832489472000
1403941840043208708
1403952174430752768
1403952904868831232
1403958169508802562
1403959236741144577
1403964183595470849
1403973383734267905
1403987373529079808
1403987760768192512
