1997183533635584137
1997184309002940762
1997184888324395417
1997185405326971278
1997186052218597885
1997186623818322086
1997187368156082254
1997200222490099712
1997203889473704397
1997208701045019063
1997209768096931992
1997210822024876072
1997212215729176856
1997218071854125551
1997218662219149348
1997219730751738278
1997224302031278366
1997226493551002058
1997234658531307563
1997236737769435219
1997237637271490575
1997238474676617393
1997239306918965715
1997240103891243192
1997241326832636215
1997242072865357952
1997243199937785987
1997243987883622600
1997244764308345217
1997244894759563479
1997245377658102260
1997252518397857909
1997252785189052611
1997253299188478273
1997260110461329513
1997260115918143507
1997260120959685005
1997260897509888206
1997260902463349135
1997264015844839545
1997267448048079087
1997274699789906413
1997276775760715894
1997277187511365987
1997277300493349368
1997277442361409937
1997277523969986623
1997278001093107947
1997278447778054579
1997278653752004615
1997279246696460490
1997279291529425297
1997279393694249390
1997279629095383249
1997279854484758890
1997279915323044026
1997280247327461661
1997280428164805076
1997282165546209613
1997282167173660799
1997282170965303535
1997282429229560271
1997283140415688915
1997283609263448365
1997283654721323441
1997284224962060710
1997284328062198254
1997285212624204087
1997286063782666366
1997286319157080282
1997286323917656507
1997286995442438250
1997288345005916423
1997288347723870526
1997288350005526777
1997290040108658850
1997293397099630892
1997294662697222477
1997295914776715654
1997297475867291859
1997299586919219263
1997301325491495419
1997301398057439289
1997306223969112148
1997307680663494966
1997307685717626935
1997316343583191293
1997328558063296655
1997328583996625045
1997328612799004887
1997361863152267510
1997364593841279446
1997364687059734699
1997374023328788967
1997377055676387331
1997380414793822340
1997382606338634229
1997464574208205000
1997471117540262130
1997472376087302295
1997489184463061440
1997493768136864119
1997523075206901803
1997523966684958901
1997641149268328730
1997642112767042020
1997659860960415758
1997662458886918438
1997669862932709640
1997677186405536112
1997678293282337174
1997709542814339423
1997709582798573983
1997709632832405693
1997711937103450192
1997742612451926378
1997747011903500448
1997747100650746319
1997747958834758017
1997748156621361347
1997825956392611938
1997856154446373167
1997871255282704576
1997892946298024211
1997893907070554330
1997895699024019855
1997906740436947391
1997907681093484600
1997914497244373093
1997915231386009964
1997915875069006279
1997925680332566599
1997927125496819913
1997927182539342260
1997927249111351413
1997927304530718875
1997927675143295208
1997929099172729242
1997929101148213660
1997930336337137871
1997934387644834084
1997934904534016073
1997935571034116438
1997935642802892941
1997938841882439690
1997939668491657637
1997940805827534987
1997940977991057454
1997941722740130083
1997941845549346986
1997942630706278491
1997943098153029864
1997943144906989880
1997943422808916228
1997943797792268725
1997944085655744583
1997944236474601613
1997944571234513380
1997944919269498961
1997945252020449510
1997945843459178502
1997945847854891087
1997946329449021736
1997946453428490725
1997946571607151036
1997947117848178880
1997947202858348892
1997948262343487778
1997949388082254161
1997949393241256177
1997949793616994695
1997949953407435251
1997950744146887160
1997951955365474374
1997952014492525053
1997952019961950492
1997953093607231555
1997953119322583073
1997953451314352321
1997953842995224858
1997953848191938909
1997953851576754206
1997954307254264099
1997954614675767703
1997954681344278864
1997963889770934487
1997966020259258822
1997966078962811159
1997967088636555770
1997967547048882377
1997969761565896918
1997970342858707204
1997971287432675745
1997971640978927721
1997972385228894633
1997973115566166483
1997973501412855831
1997974520444211224
1997974925261550031
1997975012209496435
