1399598649005330433
1399602544247066626
1399612129779412993
1399613288225202178
1399617413188964352
1399621422515773442
1399631274814308353
1399637862342033408
1399638013819322373
1399638983697522690
1399643423439687686
1399660604130922497
1399660678613377027
1399660843357261830
1399660917697257472
1399660983581175809
1399660996101165062
1399667274236129280
1399669091858739205
1399669299418046467
1399669313796071431
1399669330061578244
1399669924256108546
1399670024294469638
1399670151318884360
1399670334756823042
1399671441214251009
1399672989516406785
1399681798104305665
1399682185955663875
1399684586355924996
1399684588637548549
1399685605504655360
1399685642917859331
1399685774224678918
1399685893586243589
1399686388019208201
1399686609654611981
1399686616046653442
1399686809169195008
1399686958608109573
1399686964463370243
1399688708274548736
1399688836683239424
1399690132869959681
1399692296560414725
1399696352725012485
1399705671075962886
1399705707427946496
1399705916195282947
1399706057929232393
1399706206919294982
1399714765677555715
1399714803694723076
1399715750944808967
1399728732567343106
1399728784064929792
1399734687858233346
1399744704544010241
1399751200644292609
1399754839165267970
1399754993872248833
1399755494487584770
1399761789244514307
1399761970383843332
1399773005597736964
1399774298340872192
1399774526611755008
1399774701853974529
1399775026425913344
1399776583221534720
1399906978634240003
1399907877955915778
1399907942648877056
1399909843662643200
1399910597840424960
1399910986165809154
1399916001886572557
1399918333621796867
1399919416255553538
1399921538292281346
1399921562308911105
1399921721499549697
1399922134210605057
1399961108975210497
1399966265620393984
1399977534909943812
1399977851189751811
1399982231553150978
1399987443797925890
1399996571660414980
1399997169147338758
1399998125998153732
1400000168129228802
1400017104745623557
1400017348954759170
1400017900996423680
1400018270636314625
1400020359890358277
1400021227553525762
1400021314362961927
1400021443191074823
1400021535071498242
1400021729162907650
1400021858074824704
1400022434867150855
1400022532607016960
1400022620171427842
1400022765785124870
1400022783266934785
1400025313426300928
1400025344690712581
1400025366291304456
1400025605442203649
1400044265237929985
1400046505310883844
1400047900642537472
1400047963813007361
1400047972818178055
1400048049477406724
1400048095023362050
1400048214296858633
1400048305485189131
1400048391732690947
1400048487635423233
1400061315796799488
1400063671338815490
1400064386811658243
1400064880602882053
1400065276712865797
1400065724920467458
1400066072477265929
1400066409091112966
1400067310023368710
1400067642929545224
1400069021014249477
1400069909795807234
1400089380740493318
1400096714145484803
1400099806459011072
1400099912444825603
1400100017373777921
1400100018023849986
1400100021828165634
1400104696086335492
1400105989085351938
1400106236532559876
1400114563786280960
1400124153185783809
1400124768397889536
1400125003245318148
1400125345538347011
1400128114953310209
1400128838407913478
1400129326985580546
1400129330085208064
1400131363349487617
1400145443846197248
1400149788545273858
1400264261826322432
1400266577891643395
1400268857449664513
1400272328458600449
1400274116616146948
1400297729545302018
1400299374534533122
1400304125829550082
1400314195535556612
1400318286668001284
1400319976800624641
1400324821926375424
1400328504126754816
1400331865584652292
1400334827996389384
1400334865581559810
1400341030084374529
1400355190478233603
1400361852085817345
1400365603194474498
1400365721553555458
1400365822296526848
1400366118670192643
1400368064806342658
1400370301565767682
1400370889053462536
1400371996966326273
1400375616810098691
1400375674708262918
1400377684593545220
1400377689949626371
1400378366818095106
1400378409809633286
1400378672628920333
1400378850190663686
1400378857702653958
1400379175337222146
1400379282694701059
1400379336536907781
1400379413049450497
1400379532629008386
