1887685481204490674
1887695610041803191
1887696122476699822
1887696159541702770
1887709118385041830
1887714990712578258
1887715014674653452
1887723788391096783
1887727412894703770
1887727635268313319
1887730496169218151
1887733577447510094
1887736183729570263
1887736219024711842
1887736901546750159
1887739329235009825
1887739688615870643
1887741447115579541
1887746748896117142
1887748082500313367
1887753797935767564
1887757335306866853
1887763752441041147
1887764028287820082
1887764293065842871
1887764485617951083
1887764672541032607
1887767135856042367
1887774884484293072
1887775723517321289
1887776793110946109
1887777575151542725
1887781016322093367
1887781740678181216
1887783383377510511
1887783388108771379
1887783393028718955
1887784638971810057
1887784643820478629
1887785293383675970
1887786174116155816
1887786554015338801
1887788327920656728
1887789993495540066
1887791027706101995
1887791110296047847
1887794170007290255
1887794242702979197
1887794311259172895
1887794321962783039
1887794349938794951
1887794367651557862
1887794406444720138
1887794408952647787
1887794499968975002
1887797248492195940
1887797303437660631
1887797335670858063
1887797522569027875
1887797705201549652
1887798181934600320
1887798194291036642
1887799334558982516
1887799521251627108
1887799762348556358
1887800919796097174
1887801939637014539
1887803772786835780
1887804276040413225
1887804928632246410
1887805633405333758
1887806239536808276
1887807012861587526
1887811907509477449
1887813164789563634
1887815867154714931
1887819307478131080
1887822737399599318
1887823222907044257
1887827572400050638
1887834341041963470
1887838115869663701
1887840444635345057
1887841578334728486
1887841782681174067
1887843418761777348
1887843652153770109
1887844210579255385
1887845381054382109
1887845859351748804
1887846892102652401
1887852786748149843
1887852819841003645
1887852973440786555
1887853011202121836
1887853402736255374
1887853442842128783
1887853484365766682
1887854228422729767
1887856159299961275
1887858147190292921
1887859156578877829
1887862291565031809
1887862296988291387
1887862724073558218
1887864534163132698
1887869021384519690
1887874540631736814
1887875213184081948
1887876077416050957
1887881128809484415
1887884261417701732
1887884268812300579
1887903500274905246
1887904073938337980
1887904535412359247
1887914579419873731
1887918091142611362
1887919050510029168
1887919540224336227
1887923045697831207
1888103944041439334
1888105024745583072
1888106355833344087
1888108343572762968
1888108559570960525
1888111051918770597
1888112453348999642
1888118818695786785
1888120339663634435
1888120346340970610
1888121689885524259
1888127220138246310
1888127630559543613
1888127920402747771
1888128021401596325
1888128110069199254
1888132615053697432
1888133062271365404
1888133876670943708
1888135229539545583
1888135511610700135
1888139353370800292
1888140740750176396
1888143135865495733
1888143899774144528
1888146886005322113
1888148300785975607
1888156122995114367
1888172140131947000
1888180481877070248
1888181356766638455
1888183323069186436
1888183711059103971
1888195097562583551
1888197424210124956
1888197438327885985
1888199224069619898
1888199229539045741
1888200716902179190
1888202823487394172
1888202844387610888
1888206012701925428
1888210198155972947
1888215735463469272
1888218336074567876
1888232892939354552
1888232904293298576
1888232947020665055
1888232986052882593
1888233372348194926
1888255259031523778
1888255304166453491
1888255408038441042
1888258080800178272
1888288490863177974
1888448578089349549
1888449482062434651
1888451912560775562
1888459271484129718
1888459398244384807
1888459604624912646
1888459709608591540
1888459734224654602
1888459803300671907
1888468764158759322
1888473850930979281
1888473977733181750
1888476253830930625
1888476315814170793
1888480071867846969
1888489171024769448
1888489412058849476
1888493844041453588
1888503720079475118
1888504926139248831
1888505562750730516
1888512472757531023
1888527013927170113
1888531882012475759
