1942100401119207831
1942101875387486455
1942105342802083933
1942106974746988838
1942107019156271432
1942107040622743676
1942107063137763488
1942111353168126261
1942112197779587242
1942113110825062794
1942113553399320686
1942114952959213825
1942116039891845305
1942116092799058224
1942116820787634200
1942116827464642801
1942117276481634712
1942117964720882171
1942118314072846425
1942120931796697372
1942122071925895331
1942123797437411794
1942127064129196476
1942127661574447489
1942129554493198654
1942129962087014734
1942133788731228336
1942134596998426661
1942137926437237076
1942139948078879222
1942140887330660862
1942142300592742443
1942143072399409214
1942144841229705312
1942149981365792949
1942152431091011765
1942152822922883419
1942153063588057139
1942153497899843630
1942154393660580323
1942155104356081701
1942155638693621910
1942155698923794517
1942155958005989439
1942156444939555237
1942156575101292554
1942157825339539520
1942158777480016230
1942159222491541637
1942159588645802234
1942159837238022290
1942160384519266665
1942160990453596311
1942164980927004987
1942164986362757427
1942166253491355997
1942167033354887218
1942167698869571646
1942169953660276792
1942169959192498609
1942171788269727911
1942172081258643759
1942172579508424972
1942173761756954982
1942174068469637364
1942174507395059744
1942174969905230058
1942175473620123762
1942175918979707055
1942176442303049917
1942177079853994083
1942177528111874535
1942178239352615060
1942178968180003100
1942179946002260416
1942180771705589949
1942180864768819630
1942180942803771824
1942181278012547212
1942182103816532331
1942182582080491553
1942182711395029282
1942183747316818348
1942184387237613974
1942184440656167124
1942184650094293379
1942184809067073841
1942184876888756402
1942185438917058971
1942185874504155404
1942186101256654933
1942186353997005206
1942186963823714582
1942187784011391403
1942189763483910576
1942190505011642536
1942190832250950024
1942192308298162244
1942192777489719472
1942194031112704009
1942194306443624475
1942194511847010470
1942195008633008561
1942196484482773174
1942197557406654605
1942197562901160241
1942198957389803955
1942199438707130728
1942199828731298110
1942200290855559201
1942200864120426645
1942201058320904476
1942201970669846900
1942203557052293392
1942204247396806987
1942204798813851822
1942204854149304338
1942205356643639346
1942206473326723268
1942208354874691715
1942208436256780567
1942208976206405701
1942214558598234377
1942215231876575468
1942215736656887864
1942224065173028935
1942227976168624473
1942229338918986059
1942230984302211203
1942230989985697998
1942246321928507832
1942248544968282606
1942248799608734180
1942248982425833905
1942251562883264549
1942255828725289142
1942266781231628696
1942266912777593285
1942267018155286666
1942268004953399503
1942268209304076568
1942270245294727356
1942270367814541425
1942281471143858231
1942282042236137846
1942401140714344620
1942427869814350205
1942446416887959820
1942446542683562414
1942449883253989725
1942449969778028928
1942449989235474647
1942451793276829899
1942452430777770111
1942457124497301962
1942458215763173607
1942462518875808206
1942469506082672819
1942469826703675660
1942470897895629205
1942471056393904446
1942474116952437005
1942481133062561965
1942485382005940324
1942488039067890144
1942495396229464262
1942498093779517510
1942503364907987099
1942508746573508774
1942519320564883702
1942523371117502791
1942525661647888793
1942526399639670808
1942530456198746605
1942532020887822553
1942534563361894871
1942544666047701269
1942550789303738743
1942551570471870905
1942563342255903018
1942564061507633648
1942564646831153190
1942565345337958498
1942570435352355130
1942573765868789814
1942576028301643889
1942579710795346260
1942581183931637891
1942581190126424567
1942589345770181070
1942590868294103240
1942590967900721456
1942591969844183196
1942592287550365829
1942592649472446916
1942611197792010686
1942611215437451553
1942616212200120507
1942618936224203020
1942620828056838584
