1553085870336421889
1553219796795551744
1553220943048482816
1553223338142896128
1553255827464925185
1553272329475465217
1553274976668553216
1553279512296980480
1553279515698536449
1553280947361312768
1553286419283451904
1553286645356437504
1553298968578121728
1553301243120218112
1553303445733801984
1553338565371006976
1553338624988442624
1553356848111112192
1553357098678833153
1553362578172432384
1553371434268782594
1553432830172020736
1553433297044140033
1553456926049964032
1553583738046451714
1553618029699026944
1553622725582761986
1553623881340301313
1553624931187175425
1553626983874973697
1553626997691019264
1553640176676573185
1553645950878507011
1553648039247564801
1553649922914021376
1553651321601146880
1553687901619138561
1553724688446390272
1553765676640178177
1553766829616599041
1553942156699893761
1553975889628917760
1553984971886690306
1553986217787936769
1553987402506829824
1553988323857035264
1553999094770978817
1554015950651150336
1554017428040187904
1554017946988855297
1554019316789813249
1554019772089909249
1554022193046355968
1554022231965323264
1554022525843415041
1554060729653018624
1554065563311255552
1554118967513341954
1554317470475091969
1554320115046690816
1554331108522991616
1554332578215514113
1554335354844749824
1554335663851712517
1554336923724181505
1554348307828248578
1554356442131763200
1554356444648337408
1554357996435931136
1554360296583573504
1554360379438145537
1554362142513856512
1554362146431332352
1554363883795935237
1554367273917644802
1554368465523572736
1554369565647204353
1554370595931824128
1554371074350977024
1554374934922596352
1554374945806815232
1554377230167392256
1554390370976690177
1554422606144552960
1554427403631415297
1554443185069338624
1554443395887616000
1554443593942634497
1554450208838270980
1554451639859576833
1554478318485147649
1554690943764561921
1554701255393832962
1554701910753832960
1554709203490443265
1554709877846847488
1554710961571115008
1554711230136299521
1554712360879034368
1554717600566849536
1554720109372985345
1554722972182597633
1554725506431750146
1554733914937106432
1554734678946459648
1554736352238850048
1554750069315817472
1554782149206675457
1554783443510120448
1554784329066156035
1554800325252374528
1554806838071214083
1554806840667492352
1554824956986281990
1554837070383747076
1554844085831479296
1555020989532033024
1555058448387420163
1555063277490937856
1555073144427126784
1555081585573376000
1555081590317154304
1555082346252345345
1555083098135891968
1555084028822581249
1555085611798630400
1555085962673528832
1555085966330961922
1555088100765814785
1555088660072366080
1555089160981331968
1555089202404290560
1555090245829693440
1555090289118760960
1555091748044640256
1555092768510267392
1555095828045254656
1555097333645225985
1555099033009819648
1555100882236084224
1555107370576949248
1555111646229512192
1555117786996678657
1555117913077452800
1555118043864305664
1555118262400086018
1555135633815146497
1555135756381081600
1555135890766573568
1555136054583492608
1555139591455158275
1555150751449489408
1555174545522565120
1555174665399971840
1555174841598504961
1555179699453644800
1555195877240995841
1555439678177681409
1555440800712241154
1555442080004026370
1555442494657409024
1555442498017062912
1555443357320523776
1555444326775549952
1555446261473349635
1555447028611555328
1555448230586249216
1555450053682114560
1555458067487408128
1555459117723951104
1555470571433259008
1555482258579996672
1555500276903456768
1555503284336869381
1555503757353308162
1555505709499813888
1555556051537170432
1555557452363362304
1555560105843650560
1555590631371591680
1555610708188200960
1555610718573330432
1555776262312165377
1555787311979171841
1555787995537883136
1555809065544355840
1555813526442086401
1555814139523903488
1555817036114444289
1555827230756204544
1555827794377973760
1555829865386954752
1555832616670347264
1555833032413655041
1555834696205885440
1555834705907310593
1555842607208550400
1555843393447612416
1555896587129303040
1555926596120641537
