1525016926975840256
1525021060701503488
1525021070772031488
1525026150564741123
1525026424435924993
1525075922659201025
1525075928673812480
1525135809405669377
1525135828418437120
1525135840707751936
1525139102987079681
1525142975378243585
1525143045423136770
1525147469398482947
1525160111836082177
1525160770320838656
1525160987204386817
1525162942744100864
1525162947953434624
1525162951208214528
1525165090160660480
1525165116639309824
1525165124444893186
1525306927080562688
1525324172821352448
1525335921104912384
1525362119428165632
1525363531079553024
1525363795878887424
1525363801943834624
1525364715244773376
1525366104117288960
1525366866805682176
1525366872350539781
1525368168100679680
1525369804516777985
1525372286651404288
1525373288553205760
1525375979602214914
1525375984157196289
1525377588595568641
1525377722176131072
1525377729545502725
1525378876092092416
1525378905179164673
1525379456302403585
1525379818770296832
1525381652431933441
1525384011819851776
1525385393641639936
1525386463688282112
1525388839656624128
1525388992468123648
1525391900752379904
1525391905399652352
1525391910680301568
1525392063889838080
1525392195326738433
1525392680611872768
1525406824413167617
1525410893454282752
1525413949008920576
1525422743621345280
1525422751334694912
1525422753343770624
1525422755440922624
1525422757449990144
1525438602674548736
1525441066719416325
1525441093156114433
1525466947911315456
1525466951229009921
1525486333854371840
1525488027753381888
1525488254069665792
1525488895601049600
1525489513522696192
1525504293695942657
1525505743218425856
1525507009201655809
1525665303627108352
1525673925124182016
1525720852624396290
1525721154597834752
1525732822958624769
1525732831821168640
1525732840440463360
1525732867535679489
1525732876876402689
1525732888972771328
1525735013492596736
1525742146363396097
1525746307507560449
1525746334128836609
1525746997340565506
1525748663917879296
1525749921298624512
1525781229152350208
1525785624258969601
1525834275433484288
1525857574633218048
1525859388145434624
1525859537529745408
1525859572657037312
1525859784544886784
1525876558522875904
1525878426955300864
1525878473767940097
1525901404841590784
1526010329070653440
1526061800026157056
1526066624490803201
1526066697048047616
1526067931570147328
1526068356293722112
1526068448018968576
1526074134173982720
1526074180076470273
1526082365080145920
1526086778536374272
1526086785041739777
1526096650435166208
1526096678763515904
1526100371672014849
1526108003312599041
1526108010346516480
1526109429338230784
1526116594879197185
1526118833706369024
1526120628570705920
1526120852714291200
1526120899736649728
1526124547271172098
1526124550718889984
1526125149782585344
1526125769222922240
1526126974002819074
1526127866005446656
1526142197275697152
1526149558190821376
1526155783419101186
1526157611103813633
1526181108278493185
1526181304047640583
1526183115655630850
1526183120294510598
1526187909371817984
1526245080923000833
1526245347965935616
1526245688941887494
1526428204965060609
1526429070858530816
1526434742681206784
1526453117793222656
1526456596624478210
1526456987977863168
1526458242586402817
1526458968628858880
1526471360255770625
1526473750505717760
1526474096208670720
1526484484928835584
1526485478555283456
1526491278023614465
1526522709299314688
1526522714999386112
1526545837853396993
1526546191114117120
1526546604622479360
1526553752861577216
1526553757869572096
1526557482692247562
1526567136378109952
1526567229785255938
1526571208971415552
1526572209807863808
1526574418763190274
1526574755050291200
1526574813028175872
1526575052690362368
1526582972928798726
1526585671724707840
1526595863996293121
1526596783077728256
1526596785292320768
1526596786898751493
1526596788442271749
1526596790090604544
1526596791990636544
1526596794150690817
1526596801192935424
1526599398939324417
1526599736832446464
1526600899983839232
1526602830525902848
1526602844425830401
1526614001806757888
1526615011958792193
1526615105063923712
1526616170882662400
