1358700351692525571
1358706875915636737
1358712276002295808
1358742843423039488
1358747867553226752
1358748745303642112
1358753800312426500
1358758448133906432
1358761245860646913
1358761790239199236
1358763762891767811
1358766279381819395
1358768795603660802
1358771312387215360
1358773828952813570
1358781166933839874
1358781575911993348
1358795394218483717
1358813230810816512
1358816692613173249
1358830232204054528
1358833180229259264
1358835038494728192
1358974701729583104
1358980903851020290
1358982745033109505
1358995458815709184
1359041965208215554
1359042949313556482
1359043009384304641
1359044468012273666
1359045693520834561
1359054468747194372
1359056944150044673
1359056946586877952
1359061580781129728
1359061977553768451
1359064495826608133
1359067010689294336
1359069527372357640
1359072043904479236
1359074560319062028
1359138338452635652
1359140919115534339
1359142025921110017
1359142275901657091
1359169713746694146
1359186143535792128
1359194579543552001
1359194944615813125
1359195634490769408
1359209123162689536
1359212769371820034
1359368552424218625
1359370606668435456
1359391828546445314
1359393455550595073
1359394692513755138
1359431072493170693
1359431326995107841
1359467602272165890
1359470486762057730
1359473900535521284
1359474248557858817
1359474734673498112
1359484804526313474
1359526312373669889
1359526923634835459
1359543800918470658
1359544114983751682
1359562040042422273
1359562591517855746
1359572336844787714
1359778857495060480
1359783099379318786
1359828512551493637
1359828859072303104
1359855345414279171
1359862136642523137
1359915043454734337
1359917585702080513
1359920965451304962
1359924996374548480
1359931964464066563
1359938551727620096
1359938904527306755
1360110431927369729
1360110461581156353
1360110991917211654
1360146418858532865
1360150451178536968
1360183090753150978
1360190390305923072
1360212442047913993
1360213132560408580
1360218013090205701
1360218423217647616
1360279350709391362
1360281443566383104
1360287321858269185
1360290466055376897
1360290702056325124
1360292337004421120
1360304142753820673
1360316652974317572
1360318023203127296
1360446550879576069
1360473716124119041
1360479116630183936
136047996403056640
1360487688135004170
1360504181472198658
1360508062797238277
1360527964480262148
1360527993831972867
1360528017282396160
1360528047900815360
1360529303654465541
1360529544529145856
1360529781024980994
1360530154510897153
1360535748143816707
1360547189840224262
1360559989006344197
1360589276539359233
1360602750459863048
1360602756038291457
136060620545073153
1360611360862740487
1360634060066811910
1360634091545088002
1360634170595188737
1360635543403384832
1360673752313331714
1360790935483813891
1360791075888066570
1360805484672942082
1360805649894940673
1360814536605900800
1360814573322858496
1360814658320429062
1360814762657935363
1360814896368128007
1360819022455971841
1360820361625956352
1360821616561688576
1360821966932897794
1360822038798036993
1360822558392676352
1360822861791850503
1360823662585081860
1360824165087862787
1360865176707162114
1360869101091000320
1360880328101957634
1360882557919711234
1360882764254375938
1360883640696143872
1360884047157678085
1360884128984428544
1360886083437793280
1360891071182430211
1360893997833621507
1360918067535044611
1360918824371949568
1360919094015315972
1360919541350494210
1360919593988939776
1360920422145871875
1360922344512921600
1360923714859134987
1360942153313050625
1360942851882844162
1360948958709772288
1360949409664536583
1360955685458993152
1360955901302071302
1360956705815732229
1360960151532961796
1360967363089158151
1360967492814860292
1360990132451508234
1360990804261568515
1360992297295384581
1360994018629275648
1361000466033729536
1361006608063422465
1361006778180280322
1361008027244003328
1361008063130439681
1361008381129936896
1361008701457375243
1361010187390185475
1361010242457276416
1361010706519261184
1361010748005126144
1361011087924072448
1361012645160054786
1361025037763891203
1361029228452487168
