1408386728583262211
1408386974818340866
1408387434778292225
1408387669697064963
1408388142877401093
1408416570582335492
1408416781316751365
1408417042881867778
1408421572445032451
1408421859398279172
1408422200927944713
1408423855585067010
1408424096551956484
1408424335774150657
1408424520893878273
1408424788461162499
1408425147095142409
1408425568446554116
1408426065811283975
1408426514769596423
1408426737533259783
1408426900762943490
1408427086746853385
1408427158876213258
1408427598716174337
1408430091730710539
1408430158550212612
1408432416998391811
1408434263385534465
1408434883018383362
1408436047373955074
1408455870577475591
1408470997213147138
1408475493007986688
1408476679748521986
1408482946298769408
1408488883596136448
1408496310215315460
1408649349563764736
1408658852082438146
1408659725244190723
1408659969042305028
1408660164257882113
1408660290791612425
1408681563647139844
1408683925338083328
1408684266939027464
1408686697332711428
1408687182127140868
1408690062426918912
1408695665115291649
1408706990822477824
1408709613059338241
1408709966270140416
1408715405082779650
1408715642203561985
1408715819945578500
1408716033083330566
1408716121662889984
1408718903153283077
1408719200592437250
1408719302048436226
1408720486075224066
1408727333356244992
1408727636830867458
1408737415754240008
1408738298109956098
1408751195125018624
1408751516723290115
1408753804829347841
1408757554310619140
1408757886222700556
1408757966732283907
1408758223310524423
1408758466865291268
1408758734042529799
1408758867433906177
1408758948203696131
1408759268593995784
1408759534529646596
1408759743393402883
1408759861664391172
1408760099078754310
1408760211402235908
1408761727974449153
1408761783704240130
1408761954781458432
1408770929845358593
1408772836605366275
1408775644981325825
1408777223645974529
1408786206423281667
1408787706352586752
1408791105970212869
1408794435329007620
1408794726191435782
1408794825294454791
1408805280201150464
1408805620552175619
1408806667869818883
1408813157334667277
1408813338558046212
1408816220300709892
1408830195721662465
1408835659880566791
1408836433377304576
1408966012943310853
1408982447258148864
1408983489827852293
1408987563465924610
1409060198031888390
1409072350427947008
1409093564634591248
1409093902074744839
1409105767680991239
1409106607301042180
1409112303908245514
1409113513369374724
1409119051649929227
1409133783081635842
1409142315902406666
1409142710322155534
1409144139350876161
1409146509120065543
1409146515889684481
1409147463236157445
1409150195405770755
1409151994544095232
1409155274527547395
1409158349585747980
1409160359525507079
1409162977580699655
1409163331210932226
1409168058950709257
1409177891686928387
1409178301424312324
1409179029844815876
1409180689472233472
1409180858431414273
1409181212606824455
1409182491152318468
1409183842582163464
1409184076167225345
1409184986033315840
1409186569999687683
1409189327779753985
1409190062655381514
1409192151544598529
1409195590081155080
1409197469892636674
1409198040284426242
1409199043654262790
1409205044839284740
1409207273289748481
1409364764170412038
1409365060510617607
1409369561703530496
1409376091333042176
1409378082247516167
1409399277793603585
1409411000059629572
1409413451315769344
1409414873260257280
1409415742496284674
1409416526856261632
1409417446956564490
1409419514614140930
1409427676981469189
1409447344626565124
1409450584730705921
1409456476926533639
1409457049574936580
1409461365631189006
1409461591825739782
1409462108559863809
1409462721137971205
1409463366674837512
1409463847908372481
1409464510360948737
1409465773811064832
1409466734327721985
1409466925613150208
1409467612581400582
1409467851333795841
1409469733947072516
1409482098906304516
1409505816621637637
1409506188232822786
1409528062882902018
1409541229235236866
1409541983396192262
1409542939815026689
1409554365501763586
1409554706855174146
1409554993863008258
1409589849057763332
1409701263109890053
1409731285111631875
1409731575638487045
1409732206398828546
