1514243658265948160
1514253908197408768
1514254027118485504
1514259393910829057
1514260682166136842
1514263697128300545
1514271068248481798
1514273557223981058
1514282570699390981
1514447036564660225
1514455038831529988
1514466660174155777
1514468040184057857
1514469687765069824
1514483547465478146
1514487496465285122
1514487499690676225
1514489320438067200
1514489324217143304
1514489943405465606
1514493814366367745
1514493817616969731
1514495402254356487
1514495698406080513
1514498440847245312
1514500542013222915
1514500545536430086
1514503486724972550
1514503566316109825
1514507334575304709
1514535133067431942
1514535682710011907
1514541242754875395
1514541249356730368
1514545560312635394
1514546381465128963
1514547689815306242
1514548256633614336
1514549064146120708
1514549557199196160
1514562492441063424
1514563313023082498
1514564130002276358
1514566997257773063
1514572467070590976
1514585897744072710
1514603678610911237
1514603694578614274
1514618353813696519
1514624666325110787
1514632029723590659
1514632946225127424
1514638822692167681
1514638828979777539
1514640166673317888
1514641049469308933
1514642653497167873
1514644350147641346
1514651013558726656
1514662931224752130
1514666879348264960
1514671186537762816
1514678747416641536
1514679575644880896
1514790332214390792
1514810589377613829
1514814067047043072
1514814082393976835
1514832929783918593
1514841280752517120
1514844140449964035
1514844688498724868
1514844923992109056
1514846325434912771
1514847781432614914
1514847784884527104
1514853800288583686
1514857208714260485
1514859109144678400
1514861424560177153
1514864393032331264
1514873964115345408
1514887868912525312
1514888939236077569
1514889646311763974
1514891465901568006
1514892216107298817
1514907593763799040
1514907747921240070
1514915918933291010
1514915957130821637
1514919315384205314
1514921267304235012
1514923663426207752
1514923664772599809
1514932729749540870
1514935526586937344
1514935531926294533
1514939108845490180
1514939113664778240
1514948105783115777
1514953218824245254
1514953296624369670
1514954258982260736
1514973431540105216
1514977067229925384
1514985959854862336
1514994630756286466
1514994754815414273
1514995015352995849
1515002211629432833
1515014559882694659
1515143683406176263
1515143695280259076
1515152077470674947
1515152181304864776
1515152241191108614
1515157171050528771
1515171028275953666
1515184468193349632
1515193923907428353
1515200125848944642
1515200151455158277
1515201292783652864
1515208411863867401
1515210421161979907
1515212573091643395
1515212923127230470
1515214285621714947
1515215325695938567
1515217770979667973
1515218765893746688
1515222896540778498
1515222900969996293
1515224906228588546
1515224913019224065
1515225190757957637
1515225194839015425
1515226876444553216
1515226881175527424
1515227752974065664
1515228187344527362
1515228640233295878
1515229343655477250
1515240670046289921
1515244941475164161
1515245437006979073
1515249806532579332
1515251932293918725
1515251936727277572
1515258837988954114
1515260122511319047
1515260845638692865
1515263028182523906
1515263443401846790
1515269656252395521
1515269749793759237
1515271359428919302
1515271369419726848
1515284423255949317
1515284471322673157
1515284671449694214
1515294129529720832
1515307307173056512
1515315798877048842
1515329877532360708
1515349354965397506
1515355731436126210
1515363272845066242
1515388928689590273
1515389180851163137
1515389230733991936
1515389275243950081
1515533108195770368
1515533121784991747
1515549918600990726
1515556447849152514
1515564599050838016
1515573059465330689
1515577192608333825
1515577204368822273
1515577217740259329
1515577233267564548
1515577257938456579
1515577305824866307
1515577329904349188
1515577340830502913
1515577362196287489
1515579137393520642
1515588684137246722
1515590097579945985
1515598025632395269
1515599857813442560
1515600277390659592
1515600541359181828
1515604134069645312
1515604574475735042
1515604715748265989
1515604968060817408
1515607413193420801
