1862817751326249447
1862817818997150022
1862818308824735913
1862821500681904622
1862822773342818800
1862825774136578221
1862826777300861096
1862829006929924374
1862829612591665196
1862831495846724032
1862832221259993216
1862834191937011944
1862835047985983870
1862835827887477214
1862836813939020060
1862836867336433740
1862837783913705570
1862838963389735367
1862839553427714077
1862840952160989234
1862841728526684590
1862843038978195590
1862843170876428355
1862844414927982810
1862845963116982382
1862846529192812828
1862847976978411617
1862848344084951324
1862848887125602579
1862849731262832856
1862850897451028755
1862851235298107674
1862851302163698075
1862851773372752092
1862854515189575739
1862855325306532056
1862856733015912454
1862858765323952491
1862859230971355492
1862859684983783891
1862860293459911072
1862861269000470910
1862869391681237326
1862870187826921982
1862870191794708847
1862871336567402947
1862872228854903240
1862874548720558385
1862876014042619932
1862876569863360951
1862878887778058358
1862881486044819797
1862882738874761246
1862882756281201050
1862882764447535319
1862882781505732635
1862882841102618990
1862882858718658998
1862882969335021630
1862882999236239659
1862883097366143135
1862883194657210678
1862883218988355941
1862883314018955311
1862884604400804351
1862886186018103810
1862886189289619754
1862887653659591011
1862889929044291966
1862891789717573709
1862891795132391512
1862904473179275374
1862904488056508841
1862905163108995289
1862906483375267887
1862908731379634519
1862912350329970737
1862913854767800399
1862948333381132372
1862949216043122772
1862949257935724886
1862967053109395678
1862967077453058503
1863083975872499876
1863088320189960238
1863093235268395504
1863094157537063118
1863094630012821583
1863095052291182840
1863095584699371638
1863096028775493771
1863096348654051461
1863097040747782277
1863097256058167417
1863097324203135012
1863097944968446071
1863098415472849299
1863098464785289272
1863099937103466951
1863104925531525319
1863107509319586213
1863111898708791694
1863111959010250920
1863111971668717772
1863117156663329197
1863124637699428699
1863127439448084567
1863132671515447390
1863133412862857242
1863134337325265359
1863134498361385099
1863135068048527801
1863135100872892804
1863135694123856365
1863135811857994164
1863136183934689545
1863136817954136362
1863137235618722298
1863139217007595685
1863147381119738159
1863147396987019666
1863147537655333235
1863147591854358610
1863148097477705734
1863149395224514931
1863150112614297987
1863151318992670911
1863152396400239077
1863153754251657404
1863154297573376105
1863154876685140103
1863155805958123797
1863155836140306584
1863156121797603446
1863156206929403973
1863166570916090119
1863170633510899753
1863174658897727930
1863175078542037388
1863176018594562487
1863176342856208891
1863177319747391522
1863179476252934494
1863180187846025495
1863180257001603450
1863182097130865015
1863182775094047232
1863183456819368078
1863185037560365439
1863185047618224144
1863185987779850285
1863185993756713337
1863186667622035848
1863192506089066630
1863193976091922560
1863195659823890512
1863196403507331385
1863197636234482024
1863205449258193045
1863205468556144796
1863207445289742380
1863211726264815743
1863219898542956654
1863220079149903979
1863238704581751090
1863241069930164296
1863255466706612396
1863257575468445964
1863264221875630105
1863267531823137266
1863268251452481871
1863269312817156200
1863270108862566742
1863270290303664581
1863411132578361726
1863440955166069226
1863447493243269164
1863449790341845190
1863450425279787416
1863452262775001323
1863454274229035444
1863455080399405202
1863456882893193578
1863458615623102622
1863460244321681409
1863461606329655490
1863461890698969503
1863462882991874167
1863468302963732946
1863469669476393101
1863469870006116807
1863471521328771128
1863490489468747949
1863492461282394203
1863492483122155909
1863493800066490635
1863494188102483993
1863495550009794572
1863495912770969664
1863496665057124603
