1818655355259281465
1818660477074866195
1818666647533592893
1818667851135201400
1818669579020689645
1818674686395367718
1818683213222682879
1818683218025189829
1818684923085214143
1818686764045025488
1818686770499944725
1818689143519527140
1818690367664861686
1818692478444486962
1818693653570990581
1818694274114032035
1818696095905484941
1818714023711658416
1818761303953228127
1818791252206534699
1818840832306221102
1818840935876198717
1818840996857229511
1818841267020722253
1818841303901261838
1818854001581936826
1818866422119846222
1818870522819514589
1818874263291736171
1818874365620240781
1818874548172833080
1818876530115985874
1818877327373471997
1818878414540984579
1818880600532828367
1818881299517522043
1818881917384900728
1818882878261858312
1818883542883111155
1818884021000323572
1818884905344155774
1818885446459416753
1818886005354557829
1818895339279335543
1818903747730587980
1818906094112326064
1818906482781638662
1818906789083279818
1818907324322640375
1818908351931330890
1818909513216671982
1818910764528550115
1818911040911847497
1818911057962012735
1818915321371308496
1818916522490052837
1818916530635391072
1818917745020617059
1818917824691380633
1818919448268751027
1818919451812823141
1818919724132044852
1818919730113286349
1818920191113543862
1818920388703010883
1818920691871498342
1818921074144559360
1818921269703983397
1818921802351226968
1818921969762677068
1818922519283613749
1818924658516746352
1818927188730585106
1818928005806477578
1818929066612756712
1818930348291768620
1818931075579887767
1818932090769228002
1818934699013648858
1818940550512349383
1818941069649953066
1818941309937205269
1818941372688150752
1818941466678632914
1818941490837782827
1818941517949550943
1818942535651434613
1818943000854376797
1818943462303285575
1818943837160734921
1818944265004724668
1818944372500815901
1818944866401001756
1818945821972291986
1818946984096518205
1818947008574738549
1818948268686274761
1818949038164918440
1818950524286455972
1818954873825792379
1818955011293876678
1818955943885029578
1818957789424685377
1818958037421637969
1818958940371116515
1818959595983048704
1818961765369295018
1818962334632804383
1818964172891127863
1818964736907542717
1818967032823435278
1818967238176899311
1818975503510106404
1818977477269635398
1818978718561501627
1818980093412430294
1818980737603026978
1818982510853865675
1818983492077945129
1818984273099341845
1818984878182224178
1818985551569236014
1818986439482462429
1818986814541320377
1818987547491697053
1818988205859016805
1818989170855223767
1818989976232816764
1818991775006273963
1818992337810264530
1818992577137225834
1818993255222251748
1818993336083988972
1818993824850747804
1818995295814053893
1818995591881646440
1818995972518944933
1818997610377883663
1819002647594299635
1819005280988074055
1819005283869569397
1819005871537398112
1819005938902192309
1819006509919191355
1819006703074992538
1819007676342296993
1819007783150215255
1819010980371927307
1819011438566093261
1819015293953364372
1819017956548108702
1819017960545263697
1819021208341385221
1819022382184702008
1819022991218631029
1819024079485317265
1819024108971249956
1819025332302971261
1819037617347760170
1819040314025246857
1819040336745828487
1819052622873301086
1819055620961849795
1819055725362200896
1819055890130989538
1819058248756219937
1819062928211120419
1819125955589276078
1819153639253975139
1819225348472472033
1819230248921157694
1819231258070987162
1819232910404145418
1819235249890775528
1819242055735927163
1819243663308050482
1819244413786505265
1819245089941500233
1819250164495741059
1819252417747165572
1819253111212450180
1819254021913272363
1819257595192136052
1819260038621679644
1819263632028401957
1819271689982849219
1819271764481884615
1819272440297803827
1819273235923718566
1819273422733824256
1819273862695076134
1819273925882532021
1819274271866474969
1819274555984413104
1819275109645041847
1819275155933483513
1819275740770111967
1819276453340762160
1819276492238688658
1819277211851280825
