1793655885413445798
1793663623723728967
1793669857747042685
1793685949979021518
1793697931222266173
1793860923226210593
1793866966639444285
1793868882173993354
1793869067901919503
1793871133135315453
1793871393341534282
1793892151316959609
1793892184489697505
1793898857082061180
1793902330230034463
1793920054796636600
1793920380379537672
1793920416899346608
1793926724855730375
1793926783236292753
1793959354993095133
1793959360047325318
1793959364581322829
1793960195070312750
1793968880102281227
1793980549952082113
1793989874279944535
1793989947273404740
1793990246566330613
1793993586490691833
1793993617335599216
1793997069633679371
1794016115774849501
1794023042902896778
1794030530192675306
1794033473872592945
1794041211218538704
1794045360358215972
1794070896778301536
1794075003417158058
1794076505833893985
1794199207030751350
1794232455102407129
1794233555872301390
1794233564328014258
1794237693121208586
1794237704672305213
1794237714310877268
1794242871283085681
1794243293016154305
1794246230048141367
1794253125647495300
1794253457358279007
1794256366401642515
1794258846749474936
1794259168851120258
1794259621831692304
1794260266240344472
1794260774892036279
1794265531157217455
1794266904057762101
1794270006630642018
1794352757132190141
1794354169949876665
1794361983636296115
1794374791899885596
1794374866701107348
1794380724621205913
1794380729872474242
1794396419329315288
1794397379963371692
1794398165992403263
1794406054224424983
1794406408647233928
1794407883528188392
1794564114108350756
1794583995826786632
1794589748151111954
1794592778267283894
1794624346675437747
1794626934749753374
1794629479480062442
1794638800439959888
1794721507534643696
1794765138660397148
1794765190250020872
1794765743252496575
1794766213303902570
1794766715127312402
1794766751789666653
1794768107342565422
1794768237701517799
1794768250657775765
1794778769133347208
1794788760586186796
1794788993168822292
1794789260383686876
1794926751388438727
1794960339077152891
1795004475507347516
1795013477196812469
1795013481194012857
1795019254041043390
1795019561487548582
1795019580215050488
1795019910772338777
1795024286672986217
1795058319737901309
1795066827741053035
1795068533346386038
1795087823453798467
1795152485100757472
1795284105556324394
1795308545673658726
1795308631979938156
1795308700036678091
1795308726335017322
1795308884762284179
1795308948847001810
1795309179881787678
1795323489123213794
1795325779750133923
1795325973430444064
1795330061731778625
1795330066542665832
1795330071676534931
1795352378818138615
1795354572111974514
1795357721371582889
1795357733035864425
1795357742070366380
1795357752572977576
1795358496264945919
1795358522911359152
1795374249982738641
1795386049944002560
1795386226532589968
1795399181739381005
1795435247049560321
1795435861070512629
1795436214755201192
1795436306048368859
1795437350660788589
1795438568720265226
1795439415550214648
1795440143010287847
1795440185217606096
1795441077551579359
1795441094299394305
1795441133193183388
1795646493459648904
1795684201163071712
1795689207299715199
1795689212152520869
1795689216275582985
1795689220209865005
1795689411436552438
1795689694866653533
1795692969636319690
1795748442926628878
1795748531736883459
1795778030826307777
1795778543915610612
1795788714503004630
1795795829870969233
1795827227856441445
1795836825694830696
1795837179819913667
1795898431363224033
1795899471902986274
1795917677656998335
1796008881560449130
1796024084867772687
1796028339393581529
1796029740714721378
1796031575588491357
1796045663450612202
1796049810815844368
1796052455542697993
1796054197709750622
1796054204483883366
1796063934568656987
1796064630927708570
1796065228586676693
1796069022942802025
1796069031021047991
1796069039170564588
1796074360215617938
1796078725844353158
1796083097370329104
1796085495824347500
1796085574291394721
1796086150727172438
1796086291861266689
1796086762432876703
1796088291306910096
1796115967258320961
1796142437536067715
1796148573534339317
1796161955465510975
