1531215052556349441
1531225772312043520
1531226758363566080
1531228839023521792
1531235815468044289
1531240044437962753
1531243305849454592
1531249726426710017
1531252179721330694
1531253981703331841
1531255757500403712
1531257016995352576
1531266438459060224
1531269192548093952
1531276478792404992
1531277638227988481
1531278119515983872
1531279133921009664
1531279762198450177
1531280522931892225
1531280935999528960
1531290643791720448
1531294694055223296
1531295505275559936
1531296524155899904
1531302815183712256
1531303137423765504
1531306316773269504
1531457515351056384
1531457865046970368
1531458063106207744
1531458105871310848
1531463707867627521
1531476473265426433
1531477674174345216
1531477862213353473
1531485108120670208
1531488290473668610
1531489712979881984
1531497237884579840
1531497335284711424
1531497535806001153
1531501021398433795
1531502097065480192
1531505904612282368
1531509645193359361
1531510903400648704
1531512557336285184
1531514026106052608
1531516676898189312
1531518823018688513
1531519197687291905
1531520432175689729
1531520438697795584
1531523098234609664
1531524913311322112
1531526742623498241
1531529802032680960
1531530475042263040
1531531707090104320
1531532729388392448
1531533270889877504
1531534889123598336
1531536155941842944
1531536648697020416
1531537683826106368
1531538171410157568
1531538417116295169
1531539506939080704
1531539522017603584
1531540799254450177
1531541225769029632
1531543377509904384
1531543820872978432
1531544900608503809
1531548621262684160
1531553662639624192
1531554833290866688
1531568469753274368
1531569925575192576
1531570210318086144
1531570905754701824
1531586863491756037
1531587345756983297
1531587501109878785
1531588028711305216
1531588714811387904
1531594013547327490
1531594410995388417
1531594744228638720
1531594925829390336
1531595214791790599
1531595244239978496
1531595272039858176
1531599133940756481
1531602450045890560
1531602739939385344
1531607708553875456
1531610371743621121
1531613276626223104
1531614755412004867
1531615664200224768
1531623244444205056
1531636022014005249
1531636310813077509
1531641423199879168
1531641449154236416
1531641498152103942
1531644143780257792
1531644969978839041
1531658300252893185
1531658498681245696
1531673608379981826
1531687607918133248
1531808438921330688
1531820323334950913
1531820448753008640
1531820672519143424
1531820889045868544
1531821225424879616
1531866131845509122
1531873276217421829
1531877822322835456
1531878456954613762
1531879185089961984
1531881845796708352
1531883434456797184
1531883651033890816
1531883841534980096
1531884200215052288
1531885955342168064
1531915926853292033
1531916023384915970
1531918199507533824
1531918982743474177
1531935413279272960
1531947161948041216
1531961664324907010
1531991814923689986
1531997728116719616
1532037878074998784
1532187835599814656
1532225795854172160
1532225919607132161
1532237001818116096
1532244749205155840
1532254188918300672
1532255097136160770
1532265143924449280
1532268152939487234
1532268161244229632
1532268169066606592
1532268216764211201
1532268226440474624
1532268235235917824
1532270284014620673
1532274419866882048
1532275608041820161
1532275893187809281
1532277193149145088
1532279715020431360
1532280565986361344
1532283430712487937
1532287541785038848
1532294468145397761
1532294557567950848
1532294608977543168
1532302856786944000
1532319446097768448
1532321114189201408
1532321244434927616
1532322427027394560
1532330909281964032
1532331109005938689
1532340691799486464
1532342430812385280
1532346990142828545
1532347113048137728
1532348761434771456
1532352616562208768
1532353335012954112
1532362661778042880
1532364040932012032
1532366946783887360
1532367246978617344
1532371399376965632
1532373026229997568
1532374062999031809
1532374295132876800
1532375464005709824
1532375696940466177
1532375844802351104
1532375902885011457
1532384629814009856
1532394602220916736
1532395091088011264
1532395156972138498
1532397139653193728
1532401195620646912
1532415527213101060
