1878053501047132509
1878054502458425667
1878056166225580154
1878056259116818685
1878058751640650132
1878059996191080674
1878060059525013753
1878063373457215693
1878065325616615876
1878067952416936132
1878069501092348072
1878070133979238799
1878070759287128335
1878071776703660464
1878071782361514180
1878072376489099311
1878073645517652056
1878076182421438555
1878077665854267584
1878078650165457156
1878079487566393650
1878080327920628101
1878081122485272803
1878081765358948858
1878083704213459192
1878089711073538434
1878093418867384737
1878094185355440398
1878098103728816244
1878099373998920144
1878102043644076386
1878102840993792221
1878104446439231980
1878105031418749234
1878114660718625215
1878115910965395688
1878117702201659585
1878119599432200594
1878119874435903813
1878121142155681988
1878122137237471528
1878129827389075950
1878237370840916097
1878245652620284408
1878245674678161911
1878249939836531063
1878271743581675883
1878288456096305278
1878288470554136770
1878288479173402782
1878288488686108945
1878289267320873183
1878289283011748076
1878311138217116106
1878311911760048132
1878312244708041181
1878315848458223947
1878319994058022983
1878327200547823969
1878328740054433835
1878332551695093936
1878351470224965797
1878351475698471384
1878353131181879360
1878353561882710420
1878356096714232227
1878357583632769106
1878357841830137933
1878358169488953635
1878358989966024791
1878359312281584084
1878360988442886612
1878360994935669076
1878362152337101212
1878363033132466575
1878365007622369447
1878367225301643618
1878367230259278060
1878368121632792706
1878368596583432515
1878370639356346853
1878381927071429014
1878383692495912987
1878387455386157298
1878388280644767797
1878393778957902088
1878403403774365738
1878408246051963373
1878409694928109880
1878414946515759323
1878415849196863688
1878416278576075064
1878417763787473061
1878418544335167769
1878421838130467022
1878422527296340188
1878424414800453719
1878426762545172702
1878436419753976055
1878438769969299870
1878439455045861863
1878441074936483911
1878445424128012396
1878445691305144700
1878448827977585069
1878461259374281006
1878465124077302055
1878482779425341727
1878484892687753455
1878485589353222464
1878485593803362446
1878486149787730431
1878486154439254499
1878486942804775278
1878630092378951730
1878630653484491212
1878636299432935554
1878660747858702821
1878665712128106939
1878666592340644301
1878667066460545086
1878677680570478810
1878685402967806048
1878689393063694476
1878689752628817924
1878691290210238476
1878697041712619835
1878704903197217029
1878714841227210951
1878718492192756072
1878722992391233662
1878723399431950455
1878723952450863348
1878725161748426861
1878725168127967290
1878725183038800232
1878726350464536744
1878726453887705583
1878726561526108468
1878726960580595891
1878728596086489208
1878728601295864143
1878728628608876947
1878731061167018075
1878732625067798987
1878739072065425625
1878739575851655447
1878743775369154663
1878743781564129531
1878744987875332475
1878746390668706112
1878747290330161430
1878747411361014089
1878748579726348422
1878749807554212060
1878757930872553676
1878757960488542428
1878759428209660076
1878767488277864786
1878768221781918186
1878769911486644416
1878775515496247434
1878783398820639022
1878787684375884277
1878792269874303008
1878800959847190729
1878802584053653854
1878805102846452044
1878806326173970576
1878814232998969437
1878821379442921608
1878841129988440276
1878842025627558325
1878843023297216746
1878853133692199003
1878859185254969708
1878872127576985946
1878872163987640503
1878877183445520870
1878878089834578182
1878880217722417362
1878880676474462288
1878895234844930316
1878984145214586946
1879032858804920537
1879038134333395070
1879038464337064158
1879039084343296509
1879042286413361619
1879075620245942426
1879104978931126655
1879106236450558342
1879107802188452112
1879108255932452881
1879114974917972377
1879127875653357785
1879160434886152289
1879192369905676759
1879199555125948762
1879205514850205904
