1856979011462992391
1856981335816245309
1856982293484642583
1856984255303385592
1856987842930774248
1856988305487008096
1856992631194362026
1856997103991505325
1856998001555673396
1856998750863933452
1856999918847537218
1856999934328734161
1857001530630508627
1857002408015999278
1857002618347774422
1857004363429945768
1857004671405031883
1857005648816271753
1857020577313063239
1857020755181019254
1857020816300380202
1857025320487968843
1857025690853400983
1857025801293615502
1857028014770466874
1857028695329735047
1857033456259047878
1857034174080626888
1857034174089052268
1857034174093258763
1857034174110015851
1857042060966052309
1857050905759137887
1857051031588184114
1857053993752469542
1857054572004434057
1857055456218300870
1857064011243585848
1857096828879098235
1857106279073784113
1857106896274002126
1857109498915352809
1857110475391242537
1857110580655726665
1857110734242521519
1857111590593515971
1857113031492399181
1857115402137919976
1857118340868657302
1857118389061156977
1857128867703758876
1857258839063810280
1857268963245531163
1857269863099900332
1857293547243786354
1857293582849228849
1857294349371097275
1857295198868652362
1857296267023700192
1857297430951407667
1857299261680951359
1857299593798766655
1857308126346674366
1857308421751546311
1857308479267938370
1857311698690166928
1857312526855541090
1857312866065326532
1857314054903103991
1857314139959329127
1857320167551984110
1857323293751304457
1857323303322505377
1857324464259932275
1857325379029209486
1857325475988906025
1857326491954192473
1857327469931753840
1857328644995375591
1857330735826481346
1857332252826579421
1857334204012650516
1857334606128926947
1857334696365224431
1857335381248610437
1857335384986054690
1857335944279679305
1857336020808933402
1857337221524984059
1857337513469497531
1857337812766597582
1857338037040005249
1857338414875410936
1857338622057517434
1857338698561663174
1857338830157685024
1857338960529490309
1857339188292800552
1857339585166282855
1857339782399185350
1857340667397292438
1857341627008000295
1857342337162338810
1857345059512816072
1857345977792753846
1857346030301520089
1857351703609368690
1857351707141066800
1857352329198194939
1857352954795413934
1857352958478041446
1857352962303242519
1857352966266835083
1857354834954862669
1857356010098422174
1857358120076624161
1857358314595905799
1857359346377928900
1857360293384663156
1857360617725968438
1857361353218064841
1857362290259181569
1857362897644683715
1857363302927536339
1857363307692536079
1857363312645943782
1857363317368799526
1857363321646944549
1857363457198182647
1857363540165767583
1857363571283280018
1857363636693643696
1857363856513007864
1857364708116115965
1857365423504973945
1857366381953761749
1857368557312737337
1857368560265519333
1857370240956744033
1857371674158739511
1857373118651875648
1857374968037699946
1857375613406810368
1857376355152736598
1857376823929414089
1857376835350540379
1857377011313901944
1857378302257738225
1857379124207333486
1857379911557939590
1857380494998114682
1857382129203847545
1857382548340666575
1857385500790886605
1857386736835530770
1857387887660253439
1857389773255737561
1857390990933557331
1857391572138238259
1857392023738925368
1857399219876732951
1857399907017245088
1857400222797942971
1857401183146823963
1857402004370592252
1857402551496552655
1857402674461004130
1857403041068323095
1857403584914341906
1857403614958162220
1857404403164348705
1857404582868963516
1857404638724755885
1857405181618688354
1857407543813054634
1857407669600137301
1857411781427102178
1857412020674388265
1857413968278831105
1857414453786001447
1857414508551061792
1857414526871670817
1857415366097473590
1857417226523185489
1857417229689860181
1857417723354984693
1857418709075398979
1857418746987720706
1857419438842392650
1857419558484619419
1857420127698071644
1857424891257278872
1857425182090297350
1857425293184500120
1857425737898446972
1857430760543981891
1857431370559328362
1857431427165602230
1857431747224613092
1857432315544363370
