1473975501785948161
1473998291369021445
1473999169819791364
1473999543951716353
1474000792038244356
1474002790762483714
1474009782935642112
1474010161962373122
1474025547059499010
1474025775464468485
1474038051290574849
1474039281513484296
1474042247091933184
1474042687992913927
1474065942200012828
1474067010766065667
1474067315008294961
1474067980908519425
1474068059077824522
1474068528537821184
1474068593386016785
1474071166423748627
1474072356070969355
1474072608752619551
1474072766856908835
1474073078539833386
1474074813400436746
1474079357299658754
1474212877829492737
1474214538945826816
1474230149461647364
1474230164078817281
1474243747596492815
1474244771308703747
1474253147438604290
1474254175559032835
1474257750930518016
1474257753652674561
1474258382336921600
1474261156579594240
1474263920277819392
1474264560752230400
1474265964824842240
1474265968067055619
1474267011798605826
1474267040818991107
1474268833783312390
1474270562230751234
1474270732532158464
1474271068940484608
1474272273775284224
1474285143426699264
1474291406361403392
1474291878937849856
1474295468918149122
1474296408731570177
1474297120387579906
1474298612616024067
1474302938038165505
1474303252757827586
1474304195800956929
1474309846996434944
1474309881922416640
1474310119349383168
1474310434454851585
1474311158379147272
1474311698651574272
1474312593980329987
1474313514671960067
1474316698303950849
1474321367424114689
1474321707389255680
1474322034322976769
1474322755927433217
1474325621593735177
1474326456528367617
1474348484119580672
1474359764121309186
1474360889939685378
1474371376311988226
1474375427388891140
1474375796466851840
1474378029354737664
1474409515202220034
1474423837991129089
1474428086707884032
1474428767451766789
1474437172040134657
1474441301886005252
1474441410350764032
1474442066289594370
1474460769009815559
1474577323454132224
1474584525715820546
1474584541742305281
1474584549594075136
1474584564437700608
1474584573845520384
1474584587950968834
1474584597945933828
1474598528311705607
1474598551862743042
1474605923968552960
1474621039741063172
1474622094910828544
1474634478811111429
1474655895191572480
1474656149412581388
1474657371439857666
1474672686735319044
1474674180201140224
1474674769287020544
1474686210203275264
1474687148603310084
1474688928456183808
1474700189801742338
1474729334405427202
1474740043780476931
1474740116186796040
1474745209946734592
1474745428499259398
1474746811801694212
1474750454999384076
1474752097073590272
1474807092322004992
1474933825725632512
1474943430908252165
1474944665661042692
1474980719302955014
1474982164676501504
1474982926399930371
1474986973899091968
1474987129092526082
1474987202572546048
1474987342498648065
1474988296333791234
1474997735094845441
1474998917808812033
1475000340399357952
1475001468373532676
1475001633176109057
1475001781021069312
1475001881323737088
1475001990983737346
1475003182069653504
1475003509820985347
1475003677341466626
1475004611991797763
1475005143259095041
1475006078903480327
1475007167581229057
1475014241534971904
1475014253782339584
1475024104608583682
1475026586474741761
1475027308616433665
1475027417848639489
1475027931327991808
1475028952422895616
1475037780866600961
1475037860172468224
1475038297340583938
1475041742319587337
1475042035816038401
1475043413523271685
1475045038811803650
1475045278033928193
1475046265360506881
1475063427445911553
1475064109351587843
1475066139340271616
1475092323750932481
1475092789327122434
1475093379692204035
1475093960905224194
1475102449283190794
1475103110506762241
1475125994822328324
1475126343951998980
1475128638697656322
1475129036317757444
1475136925358956545
1475140573203873793
1475141593200218112
1475143707170992128
1475149174358241281
1475290682910666754
1475320084021145600
1475323080931098625
1475330815051530240
1475335462965284864
1475343932112326656
1475345780261076993
1475345873529757696
1475346414381133828
1475346455770456065
1475347178646167553
1475347552480292864
1475348100612902913
1475349009971642368
