2016883532820517218
2016883537727868953
2016883542459056329
2016915649059233932
2016918655809048595
2016918809073099152
2016948442556436571
2016948613839278396
2016948660307902848
2016948867921756174
2016956987817545957
2016958086288912558
2017032512560910770
2017032512883806553
2017040063805214917
2017048366790713635
2017062712933814750
2017103541249491198
2017103955432788331
2017104327652102172
2017104482233168372
2017105634400079952
2017109423194599568
2017117381542498711
2017117814621163637
2017117964743655832
2017119009108525288
2017131554653540641
2017132057907122266
2017133929845936451
2017134364635885853
2017134426237686236
2017134634182856712
2017134652042199306
2017134743188623385
2017134832497873011
2017134863816810687
2017135377853927681
2017135837390262495
2017144960404115889
2017146411759128613
2017146504851705923
2017149271993434518
2017149323306471672
2017150681254449171
2017153859270193613
2017155243986079824
2017155697956573313
2017156192427266115
2017156630077755420
2017158465177952569
2017176961874010234
2017177109471584299
2017178241531101317
2017178248883650612
2017178253266739506
2017182307753570629
2017182312107331695
2017184016986952011
2017184260848062911
2017185319393894614
2017186911925010814
2017186917520134176
2017191098641518686
2017191307622654197
2017191628122083470
2017191660791443655
2017191904983880047
2017192374024433680
2017192813230981564
2017193352924713250
2017210743557595467
2017213706388807879
2017215111656784364
2017217394775834805
2017220197342658608
2017220372874305706
2017221245146943506
2017222619465236567
2017228807753855162
2017233913962516619
2017237857279299607
2017245998993858634
2017247303833354426
2017248775526580648
2017248781356712147
2017251254490349968
2017251258839806443
2017268429892575743
2017270031059656726
2017270054958837937
2017270074659524820
2017270270197932208
2017271363946631447
2017271918131548301
2017276220959006938
2017276250390466930
2017276736900370918
2017279131327860996
2017279138042978785
2017279715019763912
2017280166792466590
2017280451698925956
2017280673216926146
2017281230493126811
2017282235595104328
2017283338495791248
2017283522298581055
2017293363175907410
2017394900866896315
2017394900879221245
2017394901533802967
2017410127025082729
2017425098953654496
2017443973367779451
2017449310364012967
2017456769665274138
2017463226330714282
2017465974006681700
2017466484902269316
2017467169672728962
2017470737477783652
2017471869608431810
2017472644912975989
2017488053628236134
2017488562854482417
2017493545465339975
2017509691698647389
2017510233460048022
2017512244763120051
2017512678554800318
2017519314744774774
2017522977911542086
2017523894673137923
2017524436736630949
2017524933161849182
2017525481617428763
2017525750333837733
2017531381845529055
2017531388610941138
2017533293324079178
2017534888807960786
2017536826580373825
2017537421827838316
2017537681891463656
2017538599554847000
2017539052237688986
2017539374242795893
2017539859590877406
2017539985763930188
2017540773424873702
2017540851757682717
2017540857239679389
2017542144693850240
2017542459442794512
2017542466153668743
2017543792530715011
2017544258006487440
2017544621560369509
2017545194942697722
2017545273611063607
2017545322718007758
2017545628503744986
2017545979919274034
2017546208215241099
2017546315551674549
2017546786966278349
2017547294229639670
2017547299598279001
2017547372717609308
2017547856530505885
2017547974029766945
2017548076282761498
2017548161347363185
2017548187960271134
2017548231241306479
2017548482421387553
2017548982306935087
2017549051387122085
2017549495501041780
2017552340564513185
2017563213165203884
2017563626522255750
2017564171689463899
2017566490908848481
2017576567711666652
2017580581681565885
2017592721087897748
2017608040032428348
2017610353866379421
2017621440586256449
2017625000157774240
2017628015170359322
2017632443336200374
2017633722624053266
2017644843686891720
2017644955934806159
2017645333279617303
2017662085292036363
2017757288950600019
