1973684179461419324
1973686056013963558
1973692123422826696
1973693519333388482
1973719989724356816
1973730894902083962
1973730991153045911
1973731219876798677
1973732848898297925
1973733463481323931
1973733598072291660
1973733602962878825
1973741038654386329
1973746636951265656
1973746884612346222
1973747272207974857
1973747663343665398
1973763197611241662
1973767818081714501
1973769617891078301
1973775856544924093
1973776941208711560
1973784600838275201
1973811626219614534
1973811631676404169
1973816980647129380
1973823013880803345
1973823339371356222
1973830076707086832
1973834643897225322
1973956559895212518
1973961208614060430
1973965978699771998
1973969871567307053
1973975343154471125
1973975774714892692
1973976188776591389
1973976683507298558
1973976810829611519
1973977239206441005
1973978989074211298
1973979530026234219
1973980085754736689
1973980490354078020
1973982881262546968
1973983291276685337
1973984190816530477
1973986527933051393
1973987545945157745
1973988926735171819
1973989510611619994
1973989821220848036
1973990459258044748
1973991058510893086
1973991071597375941
1973991791004143922
1973992280416461006
1973992809523757235
1973993679938371600
1973993939796422980
1973994229161406543
1973994807639863669
1973994840657478104
1973995513222414415
1973996063737381106
1973996959028351453
1973997768898150894
1974001040639852573
1974012017552851041
1974012369199050782
1974012764395090066
1974013969288606194
1974015093596713292
1974015139742417068
1974015150995734621
1974016476207100058
1974018115408158833
1974019318632374386
1974019423574085902
1974019571892801740
1974020557873295453
1974020626953252962
1974021107234836512
1974022083408454106
1974023667308003384
1974023692125454779
1974023750048981150
1974023791882784782
1974023975094399239
1974024587957686557
1974024828991820038
1974025808596349218
1974025809011847376
1974026751136211337
1974026819495166377
1974028436072239344
1974028797185044562
1974029697081352594
1974029948177322440
1974030715814859219
1974030919968174345
1974030928768110596
1974031073484173465
1974032103470936396
1974032234131907053
1974032527846146078
1974032830301954072
1974033610786086952
1974033908061884432
1974034419418869822
1974035786585559519
1974035794647249109
1974035800892559794
1974037101399384520
1974037230806057407
1974037282114949383
1974037302558007464
1974037428097663148
1974037577847222576
1974037592141398357
1974037678552224203
1974038195747840038
1974038547419255037
1974038943902449948
1974039771837349996
1974040929423274170
1974041700839649458
1974043124033884361
1974043793679864084
1974044577225957694
1974046410535534615
1974047693380161965
1974048741943611422
1974048811031855279
1974049352911102281
1974049855074152823
1974050435670606014
1974050773001773218
1974051247201407142
1974051956038758576
1974052421564522797
1974053672150565107
1974054203023618230
1974055643624472597
1974056618833948705
1974058666912584060
1974059131238863038
1974059550010716377
1974060000575434827
1974060557167898651
1974060901935505555
1974061925236695140
1974062653472714768
1974064287904936355
1974064729393164361
1974065140376141845
1974065556182741312
1974065649371787632
1974065654329164080
1974065965626527936
1974071052298039332
1974071572924412170
1974072059484660049
1974072602407899425
1974075109255340439
1974075847352238517
1974076732962656557
1974076791691378897
1974076924252270622
1974076982649668087
1974077117282619595
1974077941907955796
1974078532176453933
1974079773807657218
1974080902994276700
1974081394084352458
1974081728705933527
1974081734858977303
1974083114587811993
1974083490590376180
1974083606785229100
1974087325065027595
1974087361215819907
1974087386410987946
1974088343140118984
1974088346986221991
1974096652748402923
1974099395088965974
1974100278833262594
1974100557305688315
1974104719988871490
1974117165705146425
1974141044389491032
1974141538474283103
1974143304662192370
1974143608250147082
1974160031856963950
1974162018375766141
1974277911697092637
1974292478288408815
