1389834076681424900
1389838109668302850
1389849742650134533
1389853021350227970
1389857005104336902
1389879679822168068
1389879888111300610
1389887308732665857
1389895591535075332
1389896313555197955
1389897258179592195
1389897473116626945
1389899664019787777
1389912999863808001
1389919498405220352
1389919500619849732
1389920238288793600
1389930586999967744
1389930589038407680
1389930916605272069
1389933191184621570
1389934385848193026
1389936894784331776
1389945578872709122
1389946273768165382
1389947472265416710
1389948351668363270
1389949771197030400
1389974126773694468
1389992981185187842
1389999785994686464
1390129547203387397
1390132146266796037
1390132198779490306
1390132902969503746
1390133176601780227
1390134656226381825
1390170296850677760
1390182960653996034
1390185389890048006
1390188553649328128
1390194951674204161
1390195808348164099
1390211812231192576
1390215162393550848
1390216150550650882
1390223864429379585
1390228229848371202
1390234116046557184
1390241274679025675
1390241277036298241
1390243930264932352
1390243932622127106
1390244470403125248
1390244815913160704
1390244818144555013
1390246581018894336
1390248855506022403
1390275569468678147
1390276065176686592
1390276589426937864
1390278824437325824
1390281836329259012
1390288586105266183
1390289461863354368
1390298966844088321
1390302699124531203
1390309870067355650
1390327414023020544
1390347780036587521
1390482751657152513
1390485303270408194
1390537054421884928
1390537470526181380
1390537893970513920
1390540707379650563
1390544658497884165
1390545726766157826
1390554011288281089
1390557503209938944
1390559283499061248
1390563414544556032
1390566124236926977
1390566144570925056
1390566214267670528
1390567666100826114
1390567680386551810
1390567689446313991
1390567703270756354
1390587818846523398
1390587900807368704
1390587975029780480
1390588083423223810
1390588135256453124
1390588193112682496
1390588242014072840
1390588298901426177
1390588367771869184
1390592542782103555
1390603523910340608
1390618696888901635
1390618977664049153
1390619009561731073
1390619018407514113
1390619129741123585
1390619283957313537
1390621803043643398
1390622974261174273
1390629060011724800
1390637297880616971
1390642312473051136
1390645131485667329
1390645178700992522
1390653959245746182
1390656102845485065
1390657461976137734
1390657711633698821
1390659560801636356
1390660080400363526
1390660318473310212
1390663653548957697
1390664593509261312
1390664822941880325
1390665550158729216
1390665854728040454
1390665910197706752
1390667221601460224
1390673151269343235
1390678139160850434
1390680946928603144
1390683756197912577
1390696020229591043
1390703120523534337
1390738197156560896
1390740136317513733
1390743792920109060
1390744018162573312
1390865438779740164
1390868326176288770
1390869816441856000
1390881449700560897
1390881524845662209
1390881592977944582
1390881631989243908
1390884682774941699
1390885645233528832
1390886338136657929
1390890114855817222
1390890413825814528
1390896170696728576
1390899701327699972
1390907548392247298
1390933039824334851
1390933079410184199
1390933300802293761
1390933353138847744
1390943785069076488
1390946309100609538
1390959460302999552
1390979992243216390
1390979997817393154
1391005923087314950
1391036634645237763
1391036758075269123
1391039142344073220
1391044340227600385
1391060526633914371
1391060808256294915
1391060834307108867
1391072042217132034
1391073263594311688
1391073335849590787
1391318045956603907
1391358397660889088
1391395570028359680
1391395708629102601
1391408084724064256
1391412096370282501
1391420368850604037
1391420645414633472
1391422697024884736
1391423137061818370
1391588979800100866
1391600141614739460
1391600923550515200
1391602945720913922
1391606284789501956
1391606654790082561
1391615031754719236
1391615793687797761
1391618760327393280
1391618948026691589
1391619999018614787
1391628747703345156
1391631446964535299
1391631513070931971
1391631522298437632
1391632289809911813
1391638543768850435
1391643640225701888
