2013215738295677035
2013216761458335764
2013216765153804689
2013217819899441205
2013217823854874807
2013218041631482152
2013220197981917258
2013221217873150436
2013228031356141878
2013229073296933156
2013231016291557702
2013233876311892170
2013236266427420919
2013236907703157012
2013245556261634242
2013253220152611184
2013254435598979334
2013254539135295729
2013262905475797427
2013267837734039599
2013271251780067694
2013272880289550510
2013273807872757860
2013277935944565149
2013277971453563199
2013279196190331259
2013279782470119554
2013281029046616346
2013281034792468674
2013291901534036188
2013292517140128094
2013303765189959727
2013458396570361925
2013465808668639297
2013483225490874660
2013484092726423837
2013489229054255574
2013491114049970431
2013498070005359037
2013499004513067237
2013505293473263796
2013507766363791568
2013510301984133500
2013512752300454371
2013514264066301975
2013515262960828605
2013517629517176968
2013518146250915910
2013519483202159075
2013522170459160952
2013525352711365106
2013526428504178855
2013527527134994723
2013541619383894297
2013543735687291340
2013544226840035536
2013550730255471053
2013551316400828534
2013552439216218181
2013552610733892054
2013553108731994325
2013553576933495105
2013553588006723634
2013554271493726282
2013556581498057002
2013558351494316061
2013558610165670196
2013559685836874087
2013560192919838944
2013560686769775008
2013565514539508210
2013565925316833414
2013566380579123567
2013570608928354708
2013571164636094820
2013574107900846555
2013575379362160970
2013575858103992559
2013586016385560606
2013587127850672243
2013590357934801029
2013590616287191291
2013590738190139628
2013591163253784777
2013598523141554305
2013599130673721431
2013600343129759828
2013604929986855317
2013605616963756481
2013606311179759949
2013606698099818848
2013607198350520376
2013608562589868379
2013609110596731040
2013613751866650712
2013617881888760151
2013618753129587042
2013630626679923193
2013632712582799593
2013640745341854115
2013660980715102227
2013665094228390261
2013671920223518762
2013771021367541979
2013786122309247231
2013801220994146815
2013808783194046959
2013816322522783868
2013820194721014212
2013820304213319714
2013820911644729606
2013820962051891689
2013821035607474520
2013821096840327497
2013822245018435797
2013827644572475406
2013844906402586691
2013849031957717155
2013861348925678024
2013868559840223471
2013875391572951292
2013877990975795379
2013878872409022731
2013879178375111119
2013883320359362954
2013884248785330256
2013886111958081843
2013886578431570378
2013886582994936155
2013887781274296395
2013888722744365526
2013889043914707397
2013889541967425786
2013889547713609762
2013889624192524713
2013890218588545215
2013891052407792010
2013891173996265514
2013891904816193705
2013891921236635982
2013891928048435626
2013892578400206874
2013892583962112449
2013892612277837948
2013896028387451199
2013896746099974317
2013897570993504454
2013897792994058663
2013897797725233159
2013898081268584802
2013898366061621458
2013898748275957982
2013899133120348361
2013899170860707841
2013899496384798772
2013900432272453759
2013900790109503742
2013901092044579289
2013901489928900711
2013902363753660814
2013902374923096212
2013903280162894323
2013903833311682987
2013914968396280316
2013921371219456249
2013922559666930044
2013935129287164243
2013935408019910716
2013935451506168079
2013938100716904485
2013938736430551331
2013939018313203716
2013939878946537516
2013942435232333934
2013943499083948273
2013944479972294723
2013945919582965891
2013957183583449150
2013958820863910036
2013961638379213049
2013962833424204029
2013963111867285689
2013963228083282119
2013963959666086308
2013963984047939629
2013964035033801020
2013964310251536655
2013965590025609723
2013966688392274055
2013967850755772631
2013975422405599372
2013975966952120759
2013978359727108478
2013983607715738098
2013999715331748110
2014000751266218330
2014001667289546885
2014029653485429226
2014133411116392725
2014148509684183545
