1255008759228903425
1255019482847703040
1255028359492325376
1255038990568177664
1255039454076682241
1255046238510014464
1255047023562121223
1255058096055111680
1255058574872645632
1255083822502129664
1255084664512933888
1255084682955223040
1255084702731390977
1255087259751047170
1255112259581460480
1255113509567893505
1255113592870928384
1255113908081381378
1255131822977138688
1255138959883038720
1255139279598047232
1255139503989112834
1255164745348452352
1255176387033354241
1255181995627274241
1255313321907163138
1255313332229361668
1255313592943083520
1255313725571170306
1255313866818543617
1255314023740030980
1255314091264049155
1255337012833456132
1255340814810701824
1255366555392671744
1255367212644413443
1255381124190212096
1255381289206775809
1255382173433114624
1255382193498664962
1255382205951610880
1255388818808717316
1255389043975761921
1255390105315028992
1255390217634287617
1255400256612728836
1255401434532716545
1255414751125012480
1255415354647609344
1255415875093565441
1255421066937356288
1255422151752114176
1255427745657565185
1255427956148785152
1255510785029177345
1255510897101017091
1255511056362987520
1255535305882398720
1255535420923760641
1255538488897753088
1255554902379515905
1255661908394258433
1255667452517601281
1255667582545195009
1255684562220281856
1255692827482152961
1255694382218407939
1255695629491163136
1255695662479364097
1255695875591901184
1255730315932229632
1255731853060792320
1255732429530132480
1255753232804003840
1255786012313374722
1255809375786000384
1255812996648951808
1255820801468592128
1255836511137943562
1255841346742616065
1255841974080409601
1255845406896009217
1255846425138573312
1255846826886008832
1255858996105248769
1255859165194416128
1255861162693980162
1255866202737557505
1255866260014821377
1255890186249973760
1255892391015276544
1255912738766778370
1255912922674606080
1256061821456281601
1256074775962759168
1256088775890882560
1256090821188653057
1256094945347158016
1256101537236938752
1256103893580353536
1256112370885115904
1256114002108624896
1256114719196237824
1256119182376292353
1256148632228814850
1256176439054958593
1256182909725106176
1256183248427737089
1256197197152092160
1256208100505219072
1256208162954215427
1256264574334009344
1256264890530004999
125633057435811840
1256385246951399425
1256389168453713920
1256395441605730304
1256433968787980296
1256434050761469952
1256443508031774720
1256447172280610816
1256460429913718785
1256481451870056457
1256511226437185537
1256513095268212736
1256554929101000704
1256566227448799235
1256566437768056832
1256569267551698944
1256572515155095555
1256574271201124355
1256578325918744576
1256580881000599553
1256588635207602176
1256590463152373762
1256591121075113985
1256591888209059844
1256593370173960192
1256595329681629187
1256597233648259073
1256604705423151106
1256607246034759680
1256803374772547586
1256803497883742208
1256808567061057536
1256829707200237569
1256853100687618048
1256853144471887872
1256899326959288321
1256948545405534208
1256961133828870146
1256971398284742657
1256971448813568001
1256972266530897920
1256972344461058048
1256976672286363650
1256977021726416898
1256988260171014144
1256988485866553346
1257005041728143361
1257005049957380096
1257005507648221184
1257131500186689537
1257131738100187136
1257132406819020802
1257132668950417408
1257132725246455808
1257133072870338560
1257143791363993603
1257177487198392320
1257181318296690689
1257191545297494016
1257204778255319040
1257248206305423361
1257259831288717314
1257259933474549761
1257273967116611586
1257274937808547840
1257280847138426885
1257280890675376128
1257281283266404352
1257316562899398660
1257318409026469888
1257321786493906947
1257322206490591233
1257335354488688643
1257335854021914625
1257486682019909632
1257487838397870080
1257517673849606145
1257545391303622657
1257577626325131264
1257580889699213313
1257607793567076355
1257612765184679936
1257613528686407684
1257614772767350785
1257615665768181761
1257619412632440832
1257627930173161473
