1948403639858467013
1948403728459215128
1948403842108055698
1948404018926977424
1948404130336448692
1948404190545416347
1948404500361789615
1948404572281598425
1948404645279236513
1948404743354691672
1948404902528487856
1948405143218565477
1948405278971514999
1948405295148834841
1948405313511801313
1948405405870146002
1948405484353987037
1948405557506797744
1948405738159698164
1948405804949717002
1948405876215218284
1948406082776252603
1948406185192833472
1948406234098384993
1948409413737615371
1948409489407021558
1948409558491349147
1948409626250432812
1948415640315789594
1948419884649791729
1948433159298875778
1948556305989538204
1948570547874382294
1948589491759055082
1948594612936867861
1948602439726141600
1948609158074564895
1948615812950229128
1948621064181088278
1948621238311813272
1948621531585937917
1948624426544889875
1948626884356427943
1948628787144364277
1948629246697767027
1948644334930460986
1948645088441368592
1948645780291764552
1948646260422180954
1948646871142105263
1948647416875667545
1948647991033966874
1948648536389964250
1948649628993257772
1948649666624848138
1948650565338079531
1948651381591556416
1948651684504187020
1948651987160994276
1948652720635641969
1948659259987685519
1948660107610378731
1948660111703949689
1948660117349491034
1948660933502361830
1948663790264091014
1948693388615979443
1948694340265726365
1948695844401938826
1948696550571737204
1948697786700234873
1948699832883052744
1948700626994823333
1948703290734071823
1948705986061238562
1948713036518490369
1948713631232700587
1948714364955230362
1948714548497613274
1948720106680582548
1948723028877344970
1948726979899039853
1948730812394066097
1948732021058265579
1948732721628676239
1948732727156432984
1948736350271819981
1948737536542867688
1948740182238216200
1948752254070079676
1948752447784075516
1948752601622917504
1948752602914517492
1948752692555170197
1948753025738166763
1948753228138418662
1948753418916401214
1948753617411838279
1948756185076953109
1948768200591634669
1948771507930554374
1948777868542312474
1948778140001570932
1948791922711298239
1948801950268752397
1948806158208434548
1948814965059846371
1948816776973713659
1948959007189651673
1948965059528720485
1948977581446820234
1948979134274654223
1948979834518147130
1948981103844311326
1948982721042149636
1948983494207512911
1948984604007731227
1948985829482791245
1948987032950194205
1948990731290370105
1948991874888609869
1948999844330082542
1949001954526654896
1949002532820578476
1949005737117753662
1949005761834876972
1949005782319858040
1949005923852177869
1949009401530253398
1949009892192518198
1949011304813133898
1949011426846409126
1949020932355621172
1949021058360901720
1949021612982108195
1949022075227963822
1949022797415809314
1949023406827209081
1949028599165780267
1949028850194939921
1949029161432989809
1949029165690396943
1949039054340997205
1949043478241190389
1949045497060294703
1949046792152101275
1949047739573997682
1949057366919713246
1949057370312622109
1949058331043406123
1949058333849399728
1949062032348905983
1949087468957122912
1949091330346611154
1949092178573087102
1949093966781239630
1949094143675826218
1949094676033839413
1949097659375263748
1949098534718099791
1949101050578776145
1949101955910914557
1949127559662465505
1949153834330402938
1949173853688561811
1949309346573410328
1949319108916322616
1949324038402388235
1949331390245540256
1949333677831295295
1949346603417977128
1949347214838390796
1949347226003595543
1949347233062600923
1949348550338351356
1949348557753909330
1949348565051961836
1949349019961925889
1949349158248157441
1949388319277850914
1949388806139830543
1949407707540451837
1949412401717313802
1949421981868396964
1949423265010921978
1949449776648634375
1949451071325405615
1949451202267341013
1949451603813245001
1949452845113364973
1949463466533871717
1949467957052215414
1949467960315441195
1949468663792509081
1949469736309514554
1949469745817772153
1949479602197495910
1949480393394315512
1949481207487717564
1949481437188759737
