1517913621594271744
1518100893153230849
1518100929832435712
1518101461233995781
1518106857692631042
1518111022476787712
1518111174037975040
1518123434508955649
1518123910914777089
1518123969387560960
1518150594368012288
1518150662814842881
1518151275657187328
1518152636251668481
1518152643343896577
1518152943249555457
1518169909678972928
1518183905416806402
1518211273590448128
1518215634709929984
1518240089230307328
1518240308248543233
1518241675658756096
1518250714623266816
1518277025781321728
1518277365599662081
1518296457253912577
1518307344471707648
1518307396514648064
1518307442962145281
1518437769454190593
1518446463352975360
1518450203145105410
1518456094334791681
1518457819443654656
1518458050340081664
1518467382108635136
1518473541599252481
1518476748077211648
1518477688054329346
1518479946746073088
1518480353488297984
1518482566344413185
1518484334499430400
1518487522011009025
1518487756573671424
1518487789821906944
1518487813150625792
1518492280981975041
1518493282023899136
1518494798478716928
1518496119197618176
1518496900722294784
1518497858512580608
1518499014102351872
1518503582181765121
1518504145929777152
1518506238476447746
1518507887227981824
1518508024536899586
1518508550498447362
1518509594603307008
1518509808076619776
1518517417949134849
1518517420604137472
1518525879277993984
1518527289549475840
1518528051088293889
1518528438952357889
1518554147477352448
1518557628208599041
1518558461528739840
1518562981172363264
1518563464855560192
1518564208786690048
1518581680239710210
1518583638668967936
1518585295368712192
1518602352324128770
1518604027231354886
1518604089210580992
1518607377817571330
1518607867544174592
1518608968289259522
1518610925691244544
1518614351212875777
1518616593601032193
1518620353878441984
1518623068658479104
1518640830382481408
1518647653944655872
1518650320225959936
1518813887050571776
1518824683801804800
1518826162012954624
1518827812672925696
1518831347925946368
1518845507497472006
1518847132635066369
1518849592800198656
1518850143298068480
1518850677698490368
1518850822054244352
1518851963093684224
1518852684823994370
1518852691170013187
1518854151073333248
1518855023710457856
1518866913924829184
1518867454348640256
1518869914417000449
1518869996658589696
1518870847758381056
1518873706814406656
1518875643119022081
1518875718091911168
1518880766238756864
1518880983776657408
1518881465794056192
1518883974307008512
1518883976974565376
1518897287560568832
1518897323514163201
1518906977975681027
1518915283179962368
1518926564171608064
1518926601148579841
1518929698570776582
1518929746671075328
1518933707994075136
1518934526999003136
1518934921662066688
1518941209603223553
1518951745220608000
1518953949876813825
1518962364183625728
1518963138598629389
1518963735792320512
1518966583078531073
1518972161746411522
1518972957863084032
1518972965538664448
1518976820892569600
1518976878253854720
1518997580713132032
1518997656378388482
1519022504484175872
1519118644558839808
1519152200672768000
1519158679316332545
1519160356471721984
1519172242487185408
1519174722797568000
1519191349727461376
1519191353527517184
1519191356560011264
1519192536849719296
1519194765824520194
1519196086833152000
1519199790957219840
1519200497994919936
1519203218793717760
1519204501038993408
1519205839428472832
1519206028763877377
1519206627215257600
1519208371533991937
1519208578829086722
1519212237386240000
1519213980673187842
1519215426382622721
1519216499470200832
1519218587025559552
1519221925821644800
1519237772137353217
1519237863648690177
1519249759290421248
1519249772531847169
1519287353906401280
1519294547192610817
1519295945644863488
1519300828904902656
1519303320292061184
1519303616783257600
1519305056289394688
1519309053151051777
1519309097342226432
1519309143794130944
1519310884417400832
1519312235486580740
1519315727911559170
1519316093671645184
1519316502528200704
1519318926449987585
1519319956101693440
1519334829703458819
1519343543441313792
1519343718507384832
1519346526942023682
1519348231569690629
