1926295266593812781
1926295278971125868
1926296949206008045
1926296963055493598
1926297670068412758
1926299524055589212
1926299747360387251
1926299760153022627
1926302210473763222
1926303262023496167
1926311494347608075
1926317276401172969
1926319496324682169
1926320375450702261
1926320714308583681
1926322377727566201
1926327807522570640
1926327820579475847
1926330145381458128
1926330310309863508
1926330396850942376
1926343715875938634
1926349198271697111
1926349874737356838
1926498452877226161
1926519945166282930
1926538102635438510
1926548057505640706
1926549524144615813
1926550915395285463
1926555110458409288
1926559898864590999
1926560188271620159
1926562269934002310
1926565824057282830
1926582360545399053
1926612268822778269
1926618592226811926
1926626508002435524
1926626638910967936
1926637028831092818
1926642902039474417
1926643520305062240
1926667258945810934
1926672785188806898
1926834859755864265
1926836221961007384
1926836981956321703
1926837021718220924
1926857875751621090
1926857990952366445
1926858332419092976
1926859235268141066
1926859415073824836
1926860747377664265
1926860947626361127
1926865887027433900
1926875041439809669
1926875914354184394
1926876722877600119
1926878136903364951
1926882767754662262
1926885917312094634
1926887083194417382
1926887636972556303
1926892361834967137
1926892366822043878
1926892370840199653
1926892864497140198
1926894425671659716
1926895622453399750
1926902782126076261
1926902831841239505
1926912760748634319
1926913060934918562
1926913594605674875
1926914541574578480
1926914547484369183
1926915434462281835
1926916332374704347
1926916336061468827
1926923376083255452
1926926902830194893
1926927596903612595
1926928139638178303
1926928689947713979
1926929722857894205
1926931114037240241
1926931495370854539
1926933679625965937
1926936062003229151
1926937407246467198
1926937429002359217
1926944217013661867
1926945432740987106
1926945918651109813
1926946660585795898
1926959326255550827
1926960002943648156
1926960637852168299
1926960652087615904
1926960782631121220
1926961145220342163
1926961514558173658
1926961823841943962
1926962120618344799
1926962631178350644
1926963743667142840
1926963892686582135
1926964025226645764
1926964507928125576
1926965069528604885
1926967976269422653
1926969177463513515
1926969699285311719
1926972244602855906
1926974245977858062
1926984424018661754
1926989482244419720
1926990104557478283
1927005519862014252
1927015810402295863
1927035032968843295
1927036827094986769
1927037405292286018
1927041520110109086
1927214148753948823
1927214163052380165
1927218770012946779
1927220721467408617
1927227787347124530
1927228059628793960
1927228468472746132
1927228860493353234
1927230865270022592
1927233939829031038
1927236952173969682
1927238912516264348
1927238931835240818
1927241107642941446
1927246072180576381
1927247564253859971
1927251460493906229
1927256075062977001
1927259470607810679
1927259483295682680
1927272258910699990
1927274058682413386
1927287253090332821
1927288885559669149
1927289664286646329
1927290758609907907
1927292117086351399
1927293506797637908
1927294554522186176
1927295837689762124
1927296937843196313
1927297473539678541
1927298521931128952
1927299070390903029
1927301216020672622
1927302533724172462
1927304889392152721
1927304964549792211
1927306363245322530
1927306368781865052
1927306745929486735
1927307003287728460
1927307103821054398
1927307932095418628
1927309243360641129
1927309275312820350
1927310672305541396
1927312046749520261
1927313219435044940
1927313368370631164
1927314267826446500
1927326986415788061
1927327136781623731
1927329254041059779
1927329259611095519
1927329887574016068
1927331256888406048
1927331775732191423
1927332296287305972
1927333187019022558
1927333932623618527
1927334632510414948
1927335172300521711
1927335719158022569
1927337478135963974
1927337524076159146
1927337863747699144
1927338330326176016
1927339642791051559
1927340583615422847
1927341147724095757
1927344282735669392
1927346310933299615
1927347579630633435
