1478255076531576832
1478261940170330112
1478263607888519168
1478264065210286080
1478265938701021186
1478266261452718082
1478266536993296387
1478266580605628416
1478266903386673152
1478266974295580672
1478269683186864130
1478273112596631555
1478287539815419907
1478289659922841604
1478293013587628038
1478295621542965248
1478300021170659328
1478307004712034304
1478308137518120960
1478308400798732290
1478308535003848704
1478308664737886210
1478308868694282241
1478334738154721281
1478335872906842114
1478348972079022081
1478361534858334209
1478387646120579076
1478398667455442952
1478399650369609731
1478408208322490368
1478409511761178624
1478409570305265670
1478566567696732161
1478578254231457792
1478580794423533568
1478584305492189184
1478592577003679744
1478615368356614144
1478623256097615873
1478623853160976385
1478626034861838336
1478628367305826307
1478631350903005186
1478631834229477376
1478632532140720131
1478632650877259778
1478642297931632642
1478642333646159872
1478642600567402496
1478644046385999874
1478657770723233792
1478678475099627522
1478678482146054148
1478678488311758848
1478678493538177027
1478681417466867712
1478681426287415296
1478683540493459457
1478687608439857152
1478689122529075202
1478690544008105985
1478692288242978817
1478695231058952194
1478709214130294784
1478732199725703173
1478740978886344704
1478744595122954241
1478747311995953152
1478747997760475137
1478748123690192897
1478748186395045892
1478749482841899011
1478750806220283904
1478752539499589638
1478753146407116803
1478753783999983621
1478758051377139714
1478759714271862786
1478767202333462531
1478767832980594689
1478778340328624128
1478786635617607683
1478923111101714432
1478923541517012993
1478949725227282435
1478961253435404290
1478963520771297281
1478964432378101761
1478969514536488963
1478983336164880389
1478984173696151553
1478984179840806913
1478986101247283200
1478986154774917123
1478987260531920897
1478989372766572552
1478989375862018048
1478991804770893824
1478993490700914692
1478995795407822848
1478998872026349568
1478999015052046336
1479002280787468289
1479002393777897472
1479003616786542594
1479004186058506241
1479019913813454849
1479025134975344640
1479026718849449988
1479034257464967170
1479036669252620288
1479037805690961922
1479047199342292994
1479056706944438273
1479067619739144192
1479091719580778499
1479094316244951041
1479094560366084096
1479094596130918405
1479096161814208513
1479117386510860292
1479117750182178819
1479118274780532747
1479130833361399811
1479141748785901571
1479142525931700224
1479142604381966338
1479142685449474050
1479143390134472704
1479157560796016641
1479158779602112513
1479159437856161795
1479165839018397696
1479165873105485834
1479291400541728770
1479292099702915075
1479307707068739586
1479329894639321092
1479346785835388931
1479347523168845825
1479359799988944898
1479365587331543040
1479368150693023746
1479371333511245824
1479371508161994754
1479372275367366658
1479382201758220289
1479382216878686209
1479383046079934465
1479394225250734082
1479404795320365056
1479405112149774336
1479405845033062401
1479414950175002628
1479416433951924224
1479416522011332611
1479417620390498304
1479418651010736130
1479431513007861760
1479458370654392321
1479458466603225092
1479458592470175744
1479459521135136770
1479462449078099969
1479465106387832832
1479466554622283780
1479468433024512010
1479472704335990788
1479472752230690824
1479479721846919175
1479481157632757765
1479482019885158401
1479484934209228802
1479488097523941377
1479488497224273923
1479488746122661888
1479489873748709376
1479499042035941377
1479505736669425674
1479505907750895616
1479653956401831941
1479654238338752517
1479654312141672448
1479662349350883333
1479662822271315971
1479663102018736128
1479663146373582848
1479663400925814784
1479663693197500417
1479663985771175937
1479664158316449796
1479681899802943491
1479693137136078852
1479693349548224514
1479694142422716417
1479704536029614080
1479704604275138560
1479704658025218050
1479705950760017921
