1461016502371438595
1461016549582467076
1461017138806722561
1461172201386700804
1461202135199076352
1461203215618240516
1461204305831071747
1461207070137458690
1461207744753537027
1461208598403420162
1461209999951073282
1461215058340446214
1461217328763334657
1461218444192333830
1461220482775072772
1461223811727060992
1461231887402164229
1461232147633606657
1461232638027448322
1461245190920888322
1461256360453050371
1461256897302913029
1461263060316741634
1461263573426991104
1461264665753751552
1461265357436379138
1461270415771197441
1461270856001200131
1461276299125661698
1461280974780567560
1461297909794701312
1461317928603713537
1461322975576137735
1461338353517826053
1461338359805071362
1461374501543759874
1461381716090793993
1461382151765561347
1461385146750226435
1461385632807194628
1461385704659828736
1461390840496939013
1461396939639955456
1461533105638940672
1461535534057066496
1461535668526407688
1461536507995439112
1461546417407680514
1461547839603953671
1461547936769216515
1461548086824607745
1461548809650016258
1461558537897664512
1461559174932750337
1461568150005174279
1461570539290443776
1461570541953847297
1461570544462032896
1461573458614050816
1461575405060558849
1461577842236420102
1461578511085277186
1461584228542418948
1461585318340005888
1461589891112837124
1461596096497553410
1461597389953781762
1461597521537482754
1461597638407512068
1461599288505475075
1461600353380487172
1461600405683519489
1461600565721329665
1461600664199385088
1461600733946527744
1461600835096383490
1461601823626706946
1461602809816629249
1461603126696288259
1461606718895316992
1461606905902632963
1461611457347391490
1461611484992061445
1461611570400690179
1461611666370555905
1461611737434640386
1461611886223392773
1461612177362538496
1461612277199564801
1461612428739813377
1461612546507505667
1461612696080576516
1461613887531282438
1461613930657181697
1461614181002579970
1461618893818982403
1461630649672994816
1461641776716910593
1461641957126541319
1461644179788865538
1461646752923062273
1461662045347082242
1461662539805196290
1461662920660566022
1461664581407834115
1461667786300682247
1461667788775256073
1461667813630758913
1461669335307460614
1461678059476586496
1461680376015843328
1461681146979225603
1461681590312988675
1461682249401729025
1461682283295870978
1461682349398134791
1461682956259323905
1461682977012736003
1461684344850825222
1461684613294657538
1461684669322186761
1461684743771021319
1461694584023519242
1461697357024661504
1461700880609132544
1461702830159392769
1461707474927423492
1461707659787177989
1461707960225189896
1461708683830697991
1461734629598138369
1461889540981809156
1461900281411620871
1461900283630342147
1461900576522866695
1461900760627646464
1461900806672695300
1461901065830350848
1461916473610293250
1461925235226071049
1461927688940056579
1461928384494071811
1461928982069198851
1461929009684508674
1461931678943698945
1461935290323406851
1461939804744998919
1461940005366992898
1461940506791874561
1461941310386888707
1461942230193557511
1461942812648239106
1461943522173460480
1461944333540773888
1461945260410490880
1461945798296412165
1461945883545665538
1461946173195837444
1461946356524732418
1461946927461724163
1461947246786715656
1461948701761437698
1461951160449785868
1461953061664952321
1461958687384240128
1461961988431441924
1461962047948656640
1461962116752031749
1461964268803276800
1461964920103133185
1461965577056964614
1461965826748080129
1461967555891920896
1461968939324305413
1461969186171674629
1461970606065274889
1461973297776631808
1461973367611813891
1461976622865735683
1461978896665042946
1461979618689224706
1461979655825608707
1461979664168022020
1461979678877437952
1461979712255787013
1461979740156284928
1461979763858309120
1461990226620928000
1461990651176706049
1462001116523089920
1462006701293379587
1462007104378605572
1462007627525681155
1462023269217755139
1462023290944249856
1462023564719132676
1462023622621417478
1462024025958334464
1462024831180763138
1462025662437355523
