1355455673081999361
1355473688213114890
1355498233993199617
1355498235662540809
1355498237323407365
1355504227552878593
1355505093760565248
1355530739899531275
1355531136835878914
1355531345397653506
1355554572677251075
1355554621582761987
1355672069850112001
1355793299563417602
1355847157576658948
1355850063394656257
1355852579901591554
1355855096496738307
1355857613079142402
1355860129766277120
1355862646193532928
1355865162985721858
1355867679521873931
1355870196003553281
1355872712707567622
1355875229487177728
1355877745830592512
1355880027867422725
1355888942491398145
1355889154173767681
1355891542368481282
1355910570206056448
1355911492609077250
1355915036087083010
1355916688449912835
1355925945308200969
1355936610076921863
1355942640580091905
1355942646259150849
1355951596614549508
1355952382325125124
1355952384766136320
1355953422093017092
1355953505333174274
1355953779665850368
1356085646251581440
1356090777072410624
1356101420156506123
1356129484479422466
1356132353941204995
1356132380969320451
1356134688717463552
1356137206734151681
1356144129852362753
1356145490904010753
1356145494267817986
1356154456442691586
1356154742997536768
1356154844407447552
1356155223664861184
1356155340354506752
1356156573601591298
1356156698944176134
1356156820029493249
1356156829550534656
1356156834709610496
1356156837540687872
1356156893979262978
1356156976850292736
1356159172182634498
1356159972694876162
1356161616308359170
1356162177233653761
1356164132811153408
1356166649842458625
1356166649896792065
1356169417604775936
1356173034646736900
1356195934812553216
1356202051659649027
1356228143032328194
1356259240239714306
1356259294681829377
1356259455197827075
1356259486944481286
135626633620107265
1356269714377297920
1356269872532004865
1356269875849617410
1356269883269410817
1356292400331644931
1356294589687111680
1356294756221927430
1356294900174761986
1356294943732420609
1356295021700341762
1356295214093094913
1356297156718522368
1356297160124297217
1356299150069952512
1356299158324305926
1356303495809302528
1356303502184570881
1356310272705589249
1356310276052672512
1356315633399422982
1356425713574764544
1356426142895407105
1356430671648944128
1356431107713982468
1356431732992483329
1356435540300582914
1356436082582163457
1356440356238151686
1356441273788321794
1356486397423624192
1356488771789873153
1356491288573407239
1356493805009125379
1356496321729937412
1356500615182995457
1356503146424492033
1356504145017020416
135650827015688192
1356508592539529216
1356520152599121921
1356520189760659459
1356520207036997634
1356520390760091648
1356539939345715201
1356551872266465281
1356555283368091648
1356557064835747842
1356581701212794881
1356601978739036160
1356602267613286400
1356604557443301376
1356607554579697665
1356632947059793921
1356636071216336897
1356636073753858050
1356638397301841922
1356659359095296002
1356685021281624065
1356781953681358851
1356819125956276224
1356819420144787458
1356819506899767301
1356826030502076417
1356826347675426817
1356826398669725700
1356826684977147907
1356827045964124176
1356827240143540224
1356827262125936640
1356829164406378496
1356829211722309632
1356829367775547392
1356829389325881344
1356829511023697921
1356829824329764866
1356829873411510273
1356829903295967232
1356829978399178759
1356830752143413250
1356830833152192515
1356832712489721861
1356832763802832896
1356832803917189120
1356833147451699200
1356833261691891715
1356834216604913670
1356835829407125504
1356844878659903495
1356851150436225025
1356863956304818182
1356864955589386242
1356864976724451329
1356865450664054786
1356867945167654915
1356870346733801472
1356899378959585285
1356901735424397312
1356903770097999886
1356924178796974082
1356926888149618688
1356931604703137799
1356938968156180480
1356942903315111938
1356943906865254401
1356949478859657218
1356949529342300162
1356964201953038338
1356993080499470342
1357014556757778434
1357017031984386050
1357020565685456896
1357027162054746112
1357027278572580864
1357028021572521985
