1857434072051855420
1857434074748743870
1857434630447652867
1857435239985070520
1857435243097227484
1857436030028447904
1857436817328615675
1857437406087323925
1857439559912739047
1857439915463885201
1857443844864049249
1857444909940187399
1857444922346872897
1857460212552405220
1857460981812891990
1857460985608679788
1857461740818280876
1857472336078725528
1857484542388642200
1857488175637344565
1857493185007907087
1857496195175952414
1857611799476187528
1857629661465030733
1857632998948221083
1857634609120555344
1857637689043927542
1857638969871073315
1857639316731867513
1857649775354720506
1857655512965460248
1857657006951379044
1857658133432381889
1857660118063559017
1857661206687002758
1857663626594980037
1857670530448679347
1857675050801070390
1857678004232569087
1857687006236598426
1857688074039271509
1857688180725526781
1857689453914964386
1857690684918214895
1857691047008108586
1857691767602295004
1857695667952697467
1857698479700664553
1857699187783266602
1857699437780349133
1857699528784359576
1857700433520898050
1857702652664230124
1857710654263800255
1857714443360285065
1857715533426340076
1857716079520264475
1857716096846999873
1857716108079378511
1857719205241778652
1857719381226377679
1857720748070285815
1857720819180593448
1857723022989471774
1857724113051333060
1857725357190950996
1857729963845366270
1857732075572584658
1857738465074622962
1857738555206115384
1857739916521910359
1857740403916812773
1857740731089052011
1857741011868594271
1857743445097590939
1857744173631230429
1857744502225527287
1857745879819542679
1857751167499121045
1857752070125924493
1857752587597934807
1857753348125954057
1857754030145224728
1857754718904213960
1857758422898507956
1857763391554912604
1857768093130568013
1857781182341042283
1857783480823984416
1857784710409146442
1857786864507469917
1857788593089253692
1857797757550862516
1857804792653115540
1857813799945805849
1857824018687987946
1857825715397263597
1857828581612642547
1857838354034995653
1857841063324692520
1857841619644592305
1857843044168487383
1857990600634851561
1857992435470840251
1858004721518199147
1858004772919345265
1858004946555121904
1858005056747917385
1858005073026023582
1858008300253831591
1858011705973875034
1858012428987990186
1858017995911737854
1858019224339558770
1858019604590727578
1858020041087922375
1858020583084077566
1858021018771796133
1858021308841492813
1858021697930277367
1858021954793750804
1858022466758774797
1858022902790324280
1858024214810230963
1858026878453350781
1858027055922749802
1858027092174164341
1858042835267616840
1858048383006417046
1858087094129688784
1858104148346220731
1858130261172428927
1858141449566695902
1858170994747199980
1858170998543045004
1858171330035589446
1858171510633996358
1858174160490361038
1858176860871618918
1858181942664941642
1858192639243546782
1858193570051850526
1858194332710584328
1858194509156454434
1858207098313596947
1858209917653664044
1858210617041338804
1858211910874988933
1858329069294956888
1858335425234088302
1858354427188404675
1858374420538237058
1858382663611974122
1858384017151885785
1858384604970766730
1858385117749854250
1858385953204920733
1858393850165055780
1858396076891627652
1858397373657129157
1858399262360690812
1858399517961245084
1858402011357839574
1858402015136882783
1858402018660110779
1858402812868387165
1858403580048543870
1858403826577117336
1858403923360694281
1858405991412568166
1858406551641526523
1858407579652886688
1858408046914851288
1858408824526492100
1858408826988613988
1858409499666858170
1858409502527381712
1858410155479884229
1858410578907468203
1858410833174475193
1858412185740800282
1858412764836008119
1858414558286635338
1858414561222934722
1858414906275672134
1858414947648123235
1858414983182274587
1858415413664559445
1858416078856359976
1858416580868382783
1858419140668829774
1858419144892526850
1858419148717732144
1858420152410206566
1858420156789338598
1858420379401715745
1858421758145200306
1858421761962053843
1858421765661405418
1858422714060419230
