1908795438322639350
1908796833784123759
1908797116685680690
1908798434657648894
1908798821636653306
1908799568277336297
1908803258308526128
1908803504849793268
1908804409544364117
1908804709437030718
1908805115319885996
1908805821506437597
1908806499880653212
1908806561259978853
1908807368021864868
1908807800366518730
1908809888148435329
1908809895865889272
1908811032522301614
1908811487646212226
1908812174383870036
1908813164923302114
1908814557893578985
1908814562087879053
1908816927197188463
1908818078651085131
1908822633161818288
1908833703104491865
1908834382992794044
1908838489027707335
1908839174980985338
1908840389957800152
1908840458282815662
1908840639032439142
1908840767868518405
1908840939012927635
1908841071552901245
1908842011706130524
1908842905675964849
1908843191115145332
1908843758495699421
1908844909966369262
1908851815665324109
1908855713566425311
1908860660894855313
1908861399100502380
1908862972711342412
1908865410444771831
1908869908378894734
1908870543727558711
1908872404782154136
1908872834375434246
1908873203193459081
1908873601966805294
1908874901626433827
1908877235463090641
1908886914746446037
1908893771145621807
1908894573666988536
1908895315182186670
1908896243092177167
1908896818819383645
1908897461097144556
1908897947472834912
1908899087509766557
1908899548963000732
1908901641014947892
1908921273863877014
1908922260250845568
1908925904572788860
1908925956775096446
1908932370691915829
1908940438704111619
1909087601144844350
1909095780377313791
1909115797475377166
1909116810198135220
1909134034170413467
1909145858811080858
1909146530046410935
1909147267346366510
1909148924192899531
1909151186596290732
1909151191021297965
1909158792157086087
1909158967088984256
1909159860505043443
1909160167666594038
1909160689685475611
1909160926294519985
1909162089928683726
1909162103681728810
1909162107184046472
1909162860736807120
1909163493892255970
1909164380559650908
1909164383743115716
1909164973181272304
1909165567929384985
1909166020306010454
1909166025494458583
1909166119979450372
1909166389685797238
1909166630690488370
1909166639578312923
1909166692204269707
1909166898165514731
1909167226403315779
1909167283819192326
1909167421656608818
1909167465894117498
1909167762473394215
1909167974730039580
1909168112844288483
1909168333376659484
1909168669776646498
1909168834830843945
1909169301266759787
1909169812195975427
1909170146331029942
1909170419669618691
1909170834561790028
1909171029735325736
1909171262489841710
1909171437681721690
1909171672462111074
1909171934094405957
1909172270527918483
1909172434537762901
1909172913229492519
1909173317258322316
1909173507138650248
1909176487711854963
1909176852171915471
1909177184742162620
1909177557972287503
1909177871181971553
1909178152728883627
1909178474830397536
1909178758860320927
1909179223136215409
1909179648673464705
1909180282126717054
1909180831723139315
1909181236569841817
1909202257553293395
1909202628438860279
1909203045319143491
1909203729338806491
1909203893105344876
1909215477785620488
1909216284648095823
1909216774135976095
1909217652486131810
1909220906490069123
1909221102007574723
1909221161596071961
1909221557634736500
1909223650017894794
1909225297423016293
1909248031515353368
1909250969281372544
1909430612626157650
1909431991474282502
1909445412974395415
1909445825404477612
1909447920178409726
1909448125749850381
1909471059473998054
1909472459356619060
1909473654456365321
1909475702124036232
1909476129137696934
1909482140225384539
1909503214858453085
1909503218800877851
1909506757283487954
1909507125149417706
1909507528586936585
1909510476905459893
1909519225284395402
1909520542220402926
1909521517861290001
1909524824554405910
1909526270905380967
1909526931919327513
1909528824305373509
1909531033503965570
1909531281748066772
1909531620807147597
1909531758158086348
1909531997468311762
1909532118025183529
1909532261692670226
1909532473555296748
1909532623564648869
1909532757987835991
1909532926972248541
1909533074263552406
1909533278039658520
