1984911185746239559
1984932053197185195
1984932134172360776
1984932510741274745
1984937682846585327
1984940078184194425
1984940728511037841
1984964961232404917
1984967477944623538
1985016960854192481
1985019701223653754
1985022930875748847
1985023499917054427
1985023561489371148
1985024294276235379
1985024913594630349
1985030088279179759
1985031912268914901
1985031985056960970
1985032927768707267
1985038475553648886
1985045293151482299
1985046444521509131
1985046833312198962
1985047201069039681
1985047907876384899
1985051255455285555
1985052433891131804
1985053742186823875
1985054002627870855
1985054799126319150
1985055101980164482
1985055263444136086
1985055508638888144
1985055888751943868
1985056444065223155
1985057043695452215
1985061722420588548
1985062048087343555
1985070875037819286
1985142380698447998
1985166772467818837
1985167932046069937
1985168461329240415
1985172578974274011
1985192791396454645
1985195439998873633
1985196005042921810
1985199982878798218
1985200078643188210
1985225755757076593
1985225840876233035
1985228318829072422
1985232016779215207
1985232612177097181
1985237718796837114
1985238986399564064
1985239664467575039
1985239967178862762
1985241291954036910
1985242512706118082
1985243533322903874
1985244394249940999
1985247894832865451
1985252364152889371
1985253535504900283
1985254754222842044
1985254785185116564
1985256049096683900
1985256055480488416
1985257692966105300
1985258724462862368
1985261234502168876
1985261341565956151
1985261346687258711
1985261980115234820
1985262526859542913
1985262710712578325
1985263243166970366
1985263391728947531
1985263397848707396
1985263404169269558
1985263841933242743
1985265770117714030
1985273096849527139
1985273121746960605
1985273277334597698
1985273660882788761
1985273688464474406
1985273909428793445
1985273909642743969
1985275617827242000
1985278771625078955
1985279651397193981
1985279656350675047
1985280118403608874
1985288124839383394
1985288240153391603
1985288313368911926
1985289180491227194
1985290186608275684
1985290668798021822
1985292675881599153
1985292713860993127
1985297033222095168
1985297784652591497
1985299336528593073
1985300551320436897
1985300557108535352
1985300683122495807
1985301599745614058
1985302878181896278
1985304452941894025
1985311393755840970
1985319695856402894
1985320735821414624
1985320737104888294
1985320887089013206
1985321366409924959
1985322314775630109
1985329121552179671
1985330320397218006
1985338675354587505
1985340452858626185
1985340775568392601
1985341103823098251
1985341378897834363
1985341382995616163
1985341972563870100
1985341984211636704
1985342841070002591
1985343354302087184
1985343576356884508
1985344978588168418
1985347539617358131
1985350301453345100
1985350558929006945
1985356362357084415
1985358778083004444
1985379521726697498
1985379969254711344
1985380515269218674
1985386778203996165
1985388079251931325
1985399537905910190
1985400124357689379
1985400190426366105
1985403949483163755
1985504768119234905
1985534967099842754
1985549161761304639
1985549979600183378
1985550067735150973
1985550272391971069
1985550513551917484
1985551647368499461
1985552009303638077
1985559820179800193
1985564943098528142
1985567212980027874
1985574312493875487
1985580283765395578
1985585108762705994
1985587012045586823
1985593527380881641
1985599370944004222
1985606491517354045
1985608401389568218
1985608557786751333
1985608885936537739
1985614678173876262
1985617470950916287
1985620999170363824
1985628704886964346
1985630093918740631
1985630661672386690
1985630789288223199
1985631033635848340
1985631039503679853
1985631216608170362
1985631613485793470
1985632031569821981
1985632545506279647
1985633065776136271
1985633071698493589
1985633077281145036
1985633595109621992
1985635165385998688
1985635169588695518
1985636409831723045
1985656333539102882
1985656386630697107
1985657785171001503
1985658446050648375
1985658504829681970
1985659300594020525
1985659797551866298
1985660036841160890
1985660052058095794
1985661212890448230
