1819277515166568592
1819277606706905360
1819277974212170165
1819278133918376168
1819278314282140011
1819278980463448525
1819279185510109270
1819279525404201351
1819279544190132573
1819280178532831629
1819280413548073183
1819280777856929918
1819282083346370979
1819284195396800534
1819285091904114856
1819285096605847841
1819285882966249553
1819287989333512308
1819288809940701353
1819289137306095833
1819289199662846336
1819289637841502540
1819291016945451232
1819292193992978569
1819292506968019171
1819292513028694391
1819293874088825346
1819293877255163920
1819293906162393206
1819294716925825261
1819295155016683667
1819300215175651722
1819303461969617350
1819308846944256179
1819309115166072921
1819309332946673669
1819309934619906068
1819311539134124410
1819312751388364923
1819313021640192155
1819313448355868887
1819313819124142356
1819314003434238021
1819314979654586737
1819315041612550563
1819316276193333470
1819317964455170213
1819321696392040908
1819321701584560217
1819321720181797280
1819323647846150564
1819336188018221253
1819343830644412770
1819343836562497879
1819346778627756531
1819346784915018175
1819349428169302147
1819351241098481867
1819352805578281058
1819353580375364007
1819354436596338706
1819357488803672399
1819357611458023574
1819358726685708649
1819359665496662040
1819360187523944588
1819361500316029033
1819365032502657338
1819367335565959216
1819370920747683974
1819371401759092774
1819372581746581581
1819374889813619100
1819376691971805578
1819378131205271564
1819378144962662539
1819379002819465576
1819380131292762618
1819386062193807843
1819386609948938324
1819388005637042218
1819392775189635202
1819394216524763348
1819394605496127714
1819395731306041857
1819407307622830311
1819409220745548257
1819411451104448810
1819412660691390506
1819414548203688215
1819414558756556953
1819417407339037042
1819436811468656658
1819485575331643697
1819500926383636957
1819516027895795925
1819532887378845799
1819578511704617086
1819580132157194667
1819583089670070429
1819583181768499368
1819583297535553882
1819583337314287941
1819583373372735861
1819583494055460870
1819583610371891642
1819583632719167546
1819583785500889088
1819583943722578408
1819584279040442370
1819584522062569851
1819585147299041613
1819596389724442933
1819598408640077929
1819599076549447699
1819601294459654149
1819603247294038192
1819603765894300028
1819604480746573893
1819612849721037067
1819613863366603261
1819616598946468089
1819621479837061521
1819626766824362324
1819630218015134181
1819632426286727287
1819633289420067194
1819635765233832355
1819639079920980199
1819640056573055230
1819640315227025436
1819640850332422198
1819641203685769527
1819641525422231707
1819641530921181254
1819641968445854137
1819643005554642968
1819644130592465038
1819644494838747285
1819644529806623208
1819645437504377177
1819645724889698609
1819647413344522362
1819648299215057155
1819649354376139261
1819649847244234972
1819650572477157829
1819651871696736663
1819655017420460425
1819655023183184023
1819655581122351567
1819661197928472856
1819661383228596247
1819663728637534481
1819665792465768486
1819667071682428978
1819680434395214026
1819682856542916970
1819686113071727022
1819687769792549076
1819688402650120290
1819689248347291784
1819689801593028693
1819690342406648116
1819690939298041952
1819691678913180028
1819691778909286403
1819692477319934217
1819693723086938462
1819694451972846079
1819695249306128644
1819702685312168315
1819703571115557073
1819705458942173267
1819710818289905780
1819711688117260294
1819715795141710220
1819718908955247069
1819719998429913331
1819722986418799040
1819737292509999320
1819738524398313877
1819744347895542113
1819751875245428921
1819764887557431649
1819766117776457768
1819767583165313503
1819770234984636785
1819770437481746492
1819775291935313972
1819786194755915985
1819803867779043654
1819808513620918360
1819815701932114226
1819820116869369994
1819820269978157129
1819846453084217742
1819878414796636475
1819956484660457661
1819959447877558662
