1917133182991794437
1917133187194786125
1917133191770407247
1917133195801186425
1917136757562188043
1917137175986032911
1917138599784358111
1917138773072314559
1917139738890506657
1917140873609118073
1917141431191507294
1917141975662490087
1917142600429306243
1917143419669086229
1917143645968617713
1917143809655476380
1917144034096853129
1917144250011250857
1917144770142749176
1917145305562357980
1917145523578085789
1917146042375737420
1917146216326197389
1917146392855974093
1917146527673602298
1917146677808664677
1917147269406797985
1917147449019469943
1917147981574463629
1917148268712403277
1917148477236429055
1917148529874911727
1917148644735869130
1917149025582690465
1917149251794354600
1917149382006522013
1917150485792100530
1917150929520087357
1917151083597824014
1917151361990340946
1917151476159578195
1917151669592461576
1917151889176895674
1917152113555018153
1917152456376717438
1917152643304345939
1917153119911510175
1917153269044191740
1917153302149796015
1917153364858834989
1917153457892635078
1917153489207378408
1917153784448598175
1917154091555520518
1917154329448136778
1917154671275508098
1917154902255800425
1917155136855802152
1917155345912185107
1917155677316984910
1917155734946549816
1917155919072575665
1917156183670141109
1917156319263670295
1917156536604147867
1917156747745300650
1917156943162122272
1917157011076309093
1917157432733909368
1917157821474541643
1917158048503837007
1917158273276612977
1917158625979806083
1917159210380656704
1917159494829645912
1917159796970774870
1917160200584536129
1917160477932900565
1917161054611927312
1917161218667852083
1917161666275578065
1917161887030210773
1917162157369966680
1917162411142136122
1917162709881336289
1917164207000396125
1917164328039649572
1917164443710226740
1917164606122058019
1917164772073824693
1917164940466782559
1917165195513962585
1917165422430003413
1917165428578939130
1917165589107454148
1917165747161403480
1917165956637548766
1917166061482553694
1917166606779879621
1917167186445062292
1917167992439263427
1917168097993330735
1917168156180980130
1917168800740364448
1917168806130061706
1917168812702453885
1917168890796277992
1917169315402420616
1917170255375355941
1917172023542849927
1917173868105453902
1917174120317678036
1917174827296673951
1917175684830842991
1917177657424486734
1917177701787738505
1917177728287338631
1917185106755944736
1917185113173201064
1917191606039695671
1917191962500755477
1917193034346754497
1917193650355818985
1917194277894885774
1917195222918062338
1917195739551105061
1917196491292086772
1917199505524691045
1917202249652011373
1917203406982385892
1917204535723851923
1917208164237496492
1917214891582390632
1917216175563379006
1917216183771939057
1917217594341306740
1917217598661595152
1917227649874931797
1917230102041207012
1917230457889960154
1917233842605404287
1917235661725172041
1917235995965358181
1917237104167510276
1917237390013345894
1917237911369535816
1917238180866347142
1917238250596360457
1917238932162617401
1917241439349866679
1917241443518914956
1917242851210956945
1917243406494978143
1917245076171800918
1917247723960701088
1917248747022569779
1917256840158798091
1917260287779930598
1917260732221075653
1917263557726724235
1917270818372887013
1917271950503866767
1917271980954562972
1917272019756015777
1917286614168133807
1917419030820053351
1917419769973858595
1917434335705149878
1917434416592310502
1917438946042143049
1917443108825973071
1917445204459807183
1917447251246420104
1917448065562145266
1917448469674906078
1917448925696647639
1917449323022844075
1917449644461940972
1917451200175431944
1917451431612932225
1917451582389772711
1917452333665116667
1917457092593455411
1917457116450656689
1917466494973403457
1917473123496255590
1917473986038096107
1917476466322989566
1917477175348830280
1917484686642971086
1917488670204125450
1917489311764693332
1917490034384503102
1917491788882813339
1917494446469361817
1917498855198753257
1917500069806497945
1917500370491957619
1917506935244620116
1917509552934735974
