1941019511228191144
1941023658895659022
1941038076635365672
1941040820834259465
1941041713969352873
1941044038989484103
1941046417424109939
1941048021099184284
1941050608766931292
1941050937013162148
1941052611312210381
1941057632997118243
1941058284087345298
1941058861454242059
1941059884994445597
1941060439343059186
1941060843925610499
1941061006085833036
1941061047299010796
1941061690218664364
1941062742707691976
1941064078253777047
1941064626558599517
1941065462873530407
1941065956304027869
1941066124646555737
1941067630514970894
1941067953958752569
1941068552162926809
1941069196370366888
1941069816435228742
1941071094133526868
1941071168913752330
1941071176396316953
1941072032374145269
1941072915203866951
1941073242829246834
1941074548322971930
1941074770277322925
1941075397808177482
1941076643440947604
1941077255515730003
1941077261953986634
1941078103662678054
1941078140882960678
1941079156290375973
1941081271691829309
1941082029015413098
1941086505948328138
1941086954793349265
1941087734401237054
1941089654671081616
1941090215306969120
1941091748203393093
1941092879277121805
1941093364910510440
1941093754838057063
1941097383804477728
1941098038233378840
1941098495840272469
1941098502949638320
1941098725193154614
1941098747737641369
1941099356318511126
1941099616663146970
1941099828966285640
1941100054355570929
1941100273973543125
1941100971662495875
1941103799177031967
1941104458093711628
1941104600179941607
1941106301075062914
1941107516177596490
1941108044445970697
1941111048779747361
1941120346079523294
1941127149978841543
1941129537515028851
1941133339097997646
1941133450490343457
1941133474783715477
1941138357062688849
1941143004582203400
1941156019134234891
1941159169727570369
1941162258924752905
1941164931149414868
1941164958055837785
1941166185212686417
1941167650945806366
1941167912792060194
1941168742706356564
1941168908368740374
1941169034042671248
1941169410104074664
1941171943123906945
1941172660043649278
1941173868799918125
1941174353691054413
1941187722208796706
1941192132313923682
1941197742283637008
1941202904024744149
1941206633281143100
1941206994414973245
1941208369605509464
1941334424475533562
1941338600853155904
1941342182314737701
1941346409619521700
1941348481278652457
1941353528683049088
1941357429209678190
1941375257954406555
1941376685288669233
1941378244781191640
1941384220737523818
1941385434145357854
1941386226604662828
1941387013888098336
1941388265837428833
1941388959055233029
1941393707288412380
1941396558580515241
1941396746250367053
1941397322069692885
1941400482318315989
1941401780962890014
1941402172341748152
1941402238553030968
1941403390770352568
1941404131341779296
1941415090097721592
1941422180618867087
1941431282124325152
1941434203767439862
1941435066107953302
1941440240390201806
1941443566615789878
1941445895519862949
1941447598457618924
1941447756020928903
1941448672371408932
1941449451606048919
1941455442191974887
1941462213858034037
1941462319491579936
1941469100825358493
1941469796673204447
1941474834934006252
1941475287553995076
1941496648401818104
1941504717319962923
1941509446057984504
1941518717613113488
1941529606538002676
1941529621398421947
1941529637458493637
1941529648875372733
1941536469774188868
1941545581916328228
1941550885836087369
1941709026200272976
1941709423161807148
1941712066634502241
1941716235512680496
1941732305426379133
1941739366809800807
1941739412573790252
1941739456068829651
1941752913388306698
1941753044619710947
1941753122629566676
1941753199586644271
1941792731837210839
1941829678823551040
1941829722888905195
1941836529933918660
1941842735570313666
1941851918659354814
1941893840819859776
1941923039437848765
1941933315159667194
1942038444571828251
1942038477891322101
1942040361901097204
1942050058632929540
1942051467554443367
1942054069801283702
1942054134125076900
1942055503602839694
1942090220645515324
1942091329464369491
1942095240292368887
1942095507826045101
1942096391859568645
1942096849659425038
1942097400522571816
1942098196945072366
