1987192951928393734
1987192958186364975
1987201258730758646
1987212084531417481
1987212222075212091
1987215711576727924
1987216054750486891
1987216603717750802
1987218738744303808
1987218797024190848
1987218900208263480
1987223504862003217
1987223974464659669
1987224141561536804
1987225589196202499
1987238718923772014
1987316710198943829
1987346908193460566
1987362007507779849
1987383208170954952
1987383491739402427
1987383996603576411
1987386225586823470
1987391304901497247
1987392205229814012
1987393336840495440
1987393384768806981
1987394283809481201
1987395275682726054
1987396639586460080
1987396656619528494
1987397488429695141
1987400004559139015
1987402044655931597
1987404881452540050
1987406308598030412
1987406449170145414
1987410502650315046
1987414058400948729
1987414085529661572
1987417803604025719
1987418023842750615
1987418172123983985
1987419464435208562
1987421169579139558
1987422360572686798
1987422382647291948
1987422718866956498
1987425490253324750
1987426721273127134
1987426923677679880
1987428973329121492
1987432131602358325
1987434986656727410
1987461460885483955
1987465019353923696
1987475504056995846
1987475528706896169
1987480162003513688
1987481231676805386
1987481614264492310
1987481698016297414
1987482340676006162
1987483307953828266
1987490730282307752
1987497799177666751
1987497816567304498
1987505455153950967
1987510420949938414
1987518421362500001
1987546224673845422
1987548565796012477
1987556660945281465
1987566899719467423
1987569113309610180
1987582109134074167
1987590424866021580
1987679094985941273
1987696796135755872
1987697621478379782
1987709295702798422
1987725311459664201
1987732234787570032
1987732698618868041
1987732742537372116
1987733112479224301
1987733175993565553
1987733217714335786
1987733332671783381
1987747045554171985
1987752859413479488
1987753010890674497
1987754863477051738
1987756098305286517
1987758332367761666
1987760628136915044
1987762626756325871
1987762701817597953
1987763708609863714
1987764455590215822
1987768859894689832
1987771449235648543
1987778429358600666
1987780927951667259
1987782574199251208
1987784703760589008
1987784706566558164
1987785491211829702
1987787208997355655
1987787912537366560
1987788621097882104
1987789030898221559
1987789182874640532
1987789973681303715
1987790670359413120
1987794356234056128
1987798853169684946
1987798932391702628
1987799342326095953
1987799615752773999
1987800250338398694
1987800422342660530
1987801199933100104
1987801258091315626
1987801368435073288
1987801372323189027
1987801819209416849
1987802008850665549
1987802016488538244
1987802030900130222
1987802412955078928
1987803173835395237
1987804132028391744
1987804441320599690
1987804458752077852
1987804478133940562
1987804495913607475
1987805209008255079
1987805214163055039
1987805219393310897
1987805724572066248
1987806407299825807
1987807183363588481
1987807188434485724
1987807193379549482
1987807198341423151
1987807670481674482
1987809165528780862
1987812678816137419
1987813938063720760
1987814243996139999
1987815615428776083
1987816719851966946
1987817743866101785
1987818275732890031
1987818464921465050
1987823534417272965
1987824187541795177
1987824864577917085
1987824990096588839
1987825531254186292
1987826030489575878
1987826280646279584
1987826384442667368
1987826713800409299
1987826930096500917
1987827083414995292
1987827422017028211
1987827712086700323
1987828011434189290
1987828322550829478
1987828382902743153
1987828791109206036
1987829202754883614
1987830311544369163
1987832345257513254
1987833087653527872
1987836833359954288
1987837360554525092
1987837791796085089
1987838494514012670
1987839214193668473
1987839551789003037
1987840394231795936
1987842935287935199
1987842941700936092
1987844169533100325
1987844255814173019
1987844276261114063
1987844877355512167
1987845342373802103
1987845632359538895
1987845902988656824
1987846339531784661
1987847556546863295
1987847562834137303
1987847719264927996
1987848286250877144
1987849165754544278
1987849645176058139
