1363309912827170820
1363314170582589444
1363318600375836673
1363319023832764416
1363333328359723013
1363335303855939586
1363343611891388420
1363347619544588288
1363371410123489283
1363371902052409346
1363395552193376257
1363416760507002880
1363420361300213760
1363421362061070339
1363434469810573313
1363438325026099202
1363441215631319040
1363441228814016513
1363442121903120388
1363477346880135169
1363480013849260032
1363482982678474752
1363484121201217538
1363489902915059723
1363497480093073410
1363521412711866373
1363522710907674629
1363526056976674821
1363542962659938304
1363674123105263618
1363674299542855685
1363721429829623808
1363765793771511811
1363768731516633088
1363775277042524165
1363793203585978371
1363811279899480064
1363819094063996935
1363825829193474048
1363865277138542595
1363868923284787207
1363870361515749387
1363872889066295296
1363878154197229568
1363880535999741957
1363882946084573184
1363886568356737028
1363889335561383940
1363890367041396737
1363893850587078656
1363908362849542144
1363911737129332744
1363911841475272707
1363921868537782273
1364056558762557444
1364057916655816704
1364060392205426689
1364061634411458561
1364112964970717184
1364116688212398083
1364119142069006338
1364119715690422272
1364124814915608576
1364141016798752770
1364141084499083264
1364141174265536512
1364141564767821830
1364144068524089344
136415617464016897
136415719888920576
1364166153552023553
1364166967217713152
1364168290591932418
1364168381566382081
1364188211346464772
1364200618378682373
1364213368391823362
1364233695012392962
1364236593406480385
1364254883189305344
1364259510878142465
1364395329139863557
1364466556349030405
1364468854617858048
1364471371397537792
1364473887849865217
1364476404415352834
1364478921132158977
1364481437521510404
1364483954330329094
1364486471042932737
1364488987541299200
1364492865439600644
1364541875575693315
1364541877312135170
1364541879333883909
1364541881103777801
1364609536447766531
1364614899897278464
1364615038120513541
1364622275429863424
1364622332354961410
1364632440468168704
1364633199377141761
1364779220744826882
1364779307390750720
1364779568628817920
1364779764712529927
1364779833490763776
1364826422456459268
1364826489036828673
1364827596047872002
1364827670458945537
1364852054150107146
1364859206159851523
1364898401301618693
1364904967748784128
1364906257451155461
1364907480245964803
1364907544355872772
1364920191453331458
1364925080640180231
1364927450258444293
1364934899120050177
1364934901506535426
1364981227912978433
1364986790197817345
1364989304330616838
1364990277878833153
1364994523760271362
1365000505504636929
1365145651844030465
1365157989544464387
1365168040686460931
1365168077273407489
1365181241524248583
1365182256667496451
1365184775133097984
1365186855373656064
1365195353096482817
1365200624371916800
1365203368776327169
1365204954957414404
1365208774974214145
1365208821665132545
1365209357193936901
1365214872850468864
1365217538343243782
1365217926832291840
1365217991781048323
1365218112161816577
1365220054481203202
1365222571264905216
1365222796880609282
1365225093039681538
1365227604278714369
1365237262477189121
1365237264129822720
1365246931073593348
1365246932570935300
1365246934122831881
1365246935649579008
1365248497113395200
1365248498552086536
1365248500108173317
1365248503291604993
1365248781541806081
1365261197298126854
1365267455241687041
1365268734785425408
1365284677297217539
1365287443755229189
1365306831627685894
1365308606128611333
1365310400653238274
1365312023077154818
1365313428764712967
1365315101041979394
1365316757448134657
1365319429731590144
1365321018965970944
1365322128678125569
1365323984301158400
1365325189148520450
1365326943952887810
1365328395815411712
1365330504124305410
1365332596960292873
1365334181266350086
1365336317131825152
1365340565311791106
1365474438343368705
1365474532492857344
1365477435450433539
1365477494673997824
1365477792427597824
1365493148634390529
1365493443145830403
1365493753075564548
1365516856786702337
