1535159623392501762
1535160272645632001
1535161358257246208
1535162284518952960
1535162324876570624
1535162350633832450
1535162873395019776
1535164552022634497
1535166081920225280
1535168008301121536
1535168378251317248
1535168732485455872
1535168776672464896
1535168779134480384
1535169508934987777
1535170722254884865
1535170782967386113
1535172990446424064
1535179830203133953
1535182338430103552
1535182653783040000
1535183979992604672
1535189545188065282
1535189566314803200
1535189605686706176
1535237819798462466
1535242698797350912
1535255483795542016
1535264513989017601
1535288604255461376
1535299913411481601
1535300075265462272
1535300097440747521
1535300173735178241
1535300229611696128
1535300433291317248
1535303286177136640
1535305287326105600
1535305417139830784
1535311946345779200
1535312586451066880
1535312631707631617
1535447907188453377
1535448608388001792
1535449045207920640
1535450393865441280
1535450462903668736
1535450946632765440
1535451143572054016
1535451767558660097
1535451905891061760
1535452271575650308
1535452971001008128
1535453127289188353
1535456371662958592
1535469358793003008
1535484015242645504
1535492585833148416
1535499376214552576
1535499378353672193
1535500712368517121
1535512975561306112
1535514553424879616
1535516146262192128
1535518896618237953
1535519939238383616
1535520770364887041
1535528532276785153
1535551174031515648
1535555063384444928
1535555525189914625
1535557576850493440
1535558527632125953
1535566328089968641
1535568498499678208
1535572621831847936
1535572672746487808
1535575347613560832
1535577814912880641
1535578872833400832
1535579129307099137
1535586684980453378
1535587311953424384
1535596267279028224
1535598670178988032
1535604311891136512
1535604639864717313
1535608005097467904
1535609122216824832
1535609458725769216
1535611039852572674
1535612576834301952
1535613590459142144
1535616467298750464
1535619624137797632
1535621015199330304
1535621719289135104
1535622438461243392
1535624156867444737
1535624964232970241
1535625650597687296
1535626062952296448
1535626180422160386
1535626626222157824
1535627153219649536
1535637411950043137
1535639747435315202
1535645178928648192
1535647531270430721
1535650808271818752
1535655118531506176
1535655166459858945
1535655203050881024
1535664255218814977
1535667447713660928
1535667481049972736
1535669675631460352
1535679204301209600
1535679450859175937
1535679674751234049
1535685169231065088
1535685189447593985
1535686948983312384
1535687050078617600
1535689405360656384
1535689587959697409
1535704267277086723
1535815121859411969
1535815776862863361
1535817251584364545
1535830887841296385
1535833595373584384
1535834901882499074
1535845115176316928
1535846654393618433
1535851843456475136
1535851846601826305
1535854222365040640
1535856834497880064
1535857158218477568
1535857298706669568
1535859978313277442
1535860032797310976
1535861503479320577
1535861803120402432
1535872862468591616
1535891977488973824
1535892050729906176
1535898480908337152
1535898904977625088
1535899020048334848
1535899839929937922
1535906265679147008
1535906748477079552
1535909083236052992
1535919881027465216
1535920717594001408
1535922167820726273
1535923329076690945
1535932375531950080
1535938091101597696
1535938236887220224
1535938263953084416
1535938279836913664
1535958043695128576
1535958367600263169
1535959129059360770
1535959483633266688
1536007796457476096
1536023769273479168
1536037125850025984
1536040700017799169
1536040739943387136
1536046148921995264
1536046180232462336
1536046307940646912
1536046960771485696
1536047255228399616
1536047700659273728
1536048230987079680
1536048253523087360
1536048314499895296
1536048335995695105
1536048647036882944
1536048689642622976
1536048786145181696
1536048966542163968
1536049060351979521
1536191885483446272
1536193683380285440
1536196002146709504
1536205198204731392
1536206365600776192
1536207626261868545
1536219292160630784
1536219296719937542
1536231379767242752
1536231384389275648
1536232979072110592
1536234608966045696
