1915701525789212757
1915701792584671488
1915702527947116822
1915702717785534974
1915703314152386724
1915703655254417740
1915703983001276646
1915704375055471028
1915704477975294006
1915704644598145145
1915704732309741991
1915704850329035182
1915704935108247620
1915705056017420382
1915705152159223912
1915705264256545035
1915705365255299334
1915705476009914559
1915705563369095547
1915705659846529094
1915705778843115785
1915705879862837356
1915705981947834458
1915706086239490254
1915706296713826768
1915706374882762975
1915706440599085500
1915706546673324200
1915711830003245111
1915712332690243616
1915712841778422033
1915713878719353146
1915714632209359237
1915715091879567774
1915715975993053524
1915717836862882176
1915723908025663853
1915724955494559935
1915730867168960830
1915735822776586542
1915736542493950088
1915736545836810748
1915739072653373535
1915739610677694905
1915743537712562373
1915745265077928339
1915746416904851895
1915755559762247847
1915757650438131928
1915758622325330407
1915758632358080995
1915759011070382463
1915762841384087811
1915762851387674889
1915762863043666035
1915762875425280407
1915764047162585301
1915764381293363416
1915767281583280598
1915771673946804671
1915772629283398003
1915774041434275972
1915774271907119173
1915799755193827423
1915957154856702313
1915965640596459802
1915969468796485758
1915971599372583151
1915979151456260281
1915986697915093035
1915990788628222392
1915993340937376147
1915993996796498293
1915994386292477978
1915995275874931055
1915995660530094152
1916007606184972614
1916026240856678478
1916028522423787740
1916029846834364846
1916031536727474622
1916031871806542145
1916033647007719616
1916040588073570582
1916041959593869577
1916041964111138960
1916042371994620150
1916042703806091374
1916043476849828130
1916044102182769029
1916044791269232787
1916045061856301288
1916045527159914980
1916046200396279916
1916046751535923461
1916047595555983874
1916047598026428910
1916047601708773743
1916048725887095164
1916048902358503893
1916048906909323716
1916049162111459463
1916050025693512072
1916050632999604360
1916051563405099032
1916052083540742415
1916052627168891274
1916052630716948653
1916055182254686248
1916055313561567710
1916055451126665227
1916055815796007421
1916058237264122345
1916058939327668270
1916059062137196619
1916059190432596444
1916059326806167845
1916059460604461226
1916059570323308830
1916059683980513399
1916059792617210181
1916059887433646327
1916059991188115718
1916060080723923038
1916060172323328431
1916060281114861774
1916060410723328465
1916060524800053709
1916060788500140477
1916060981937270943
1916061155262665131
1916061264956289098
1916061402177147110
1916061445839843494
1916061675309985818
1916062309769683070
1916063100341551446
1916064155586437524
1916064209307373735
1916064404233216389
1916065843479302176
1916067852605690226
1916069162293580033
1916069538384515121
1916070216892842109
1916072939348181219
1916073052191760389
1916073680024768922
1916078387786899498
1916080484515516862
1916081203859624336
1916081996302061794
1916082195195953425
1916082284303692229
1916085690787615183
1916091489085755850
1916096447310926167
1916096932273074192
1916097824594530307
1916098176119148817
1916098847534944281
1916099186384048397
1916099510306279751
1916099729982951542
1916099950800261492
1916100573327249763
1916102803744862563
1916102807804879196
1916106798223761774
1916110111656886655
1916125647388434640
1916149339791233232
1916189855136313785
1916349086485139840
1916364185027633610
1916368488731709553
1916369903671775372
1916371688578842719
1916372946181820708
1916374587006140882
1916379284094005386
1916389780968899057
1916390416951509434
1916391104142020745
1916392026893095182
1916394384024645910
1916409484488151297
1916412938379780239
1916412949582798911
1916414338971193371
1916424581386268939
1916424920659317038
1916428093545488816
1916439683221053726
1916441952217894936
1916454782753018162
1916460223151132851
1916472537057227234
1916475544079860203
1916478439093309475
