1821133139772596304
1821133659795022250
1821135720146256161
1821139831742730274
1821141667648278656
1821144969718956477
1821145816767082500
1821146116303233176
1821146620676784313
1821149160655265824
1821149162941095946
1821149400779120743
1821150219058475276
1821152177769083110
1821153650456326425
1821154773099540497
1821157227929203048
1821159555331473477
1821160262776316119
1821163158280589355
1821163969094066556
1821165042265444446
1821165701098357144
1821166412703891665
1821167079204028781
1821167755728425093
1821167922506600526
1821168606790709650
1821168623165050887
1821168629481619590
1821169715034669439
1821171377547641191
1821176214624858273
1821181039546691624
1821182823459614779
1821194776680489086
1821200835889787338
1821200867992928301
1821201371435282634
1821201503199097173
1821201586338853026
1821201643377238202
1821215566516060237
1821215571477983254
1821231711054970993
1821232092199711202
1821232707885834284
1821233289060876661
1821242519772131453
1821248090554122347
1821248761609453979
1821301793256817108
1821312867708125299
1821327965466071351
1821395259814981924
1821410598082449585
1821413011694764089
1821414055711506583
1821417727732445539
1821428511904518349
1821429352086536449
1821435490190717437
1821435625481945092
1821436472173506775
1821436812864217224
1821437921993670763
1821438215267795106
1821438418053644380
1821438447741006281
1821438630440911189
1821439542869831875
1821439809950498953
1821441648661872671
1821441681633206567
1821441847241379879
1821441889523917012
1821444256017625219
1821445076981059683
1821445347329315076
1821445483484922293
1821446283472884036
1821449771569332407
1821449775520354722
1821450133017444500
1821451162245341206
1821451664928526611
1821452107452666121
1821453123485082012
1821453943043473813
1821456823917932768
1821459952600338718
1821460581905269233
1821460852433695046
1821461117614293383
1821461500877210023
1821465448635941290
1821467554059313632
1821469893960622272
1821470348023320783
1821474143810011327
1821485710660063408
1821487252788154698
1821488308330860941
1821494192935256564
1821494320257736916
1821496269266719045
1821496699589685567
1821497497912476135
1821498725010739363
1821500912386376133
1821501630937784593
1821502023088423199
1821502474189963269
1821503445167222820
1821512309082316963
1821520022503858418
1821525127135207427
1821525615477969316
1821526782593355778
1821529355333370162
1821530860266377393
1821531627299746058
1821532844650308030
1821533249585446985
1821533744819306701
1821534390536515709
1821535060924961075
1821536344482672792
1821557631796068358
1821570500973453754
1821572080627835357
1821577017109975409
1821577346400625064
1821577736265359363
1821664432570691827
1821690354632159365
1821732091173748772
1821734648508031199
1821738672842059786
1821738736142692510
1821750751884169484
1821756326680162617
1821766068991639792
1821769668367155447
1821769826051739932
1821770128142246272
1821770153387794662
1821772283406385367
1821774789079658736
1821778772472803788
1821779173050085875
1821783609914880104
1821788187624108278
1821789192751657068
1821790102672306652
1821790643041308695
1821791182495871493
1821794742725963881
1821795782258782280
1821796965060874405
1821799264307056913
1821801301144998398
1821805779042889948
1821806883998462217
1821807995824828507
1821809634451079232
1821809697244217604
1821810566819934245
1821811559867494429
1821812006523158706
1821812569583317054
1821813362487128206
1821814236512972894
1821815115408404537
1821816439860555784
1821817656732708996
1821818847898595786
1821821008849805597
1821821027896164507
1821821047563546745
1821822924816576837
1821822931879493814
1821822971306258918
1821823562405310784
1821824639414497777
1821824785434751442
1821825037726314982
1821825114331115558
1821825148657209640
1821825625323135125
1821826856250687849
1821826910487503001
1821826914715312132
1821828176231780845
1821828434785398797
1821829715885170997
1821829751809376413
1821829867861635349
1821830468410733015
1821830823777103985
