1967186973459955759
1967187607013695705
1967191455279010010
1967192720096497845
1967193349473128576
1967193570579988830
1967210859144630507
1967211416391434410
1967218010625917278
1967219283433550117
1967220692048605330
1967221287761461669
1967223318169469004
1967236104081617195
1967236121584378033
1967243795290091852
1967246673937363187
1967249637670301976
1967249666602606852
1967249681534398557
1967250570441552031
1967250612963381640
1967291284605018201
1967403821933744413
1967404709372948843
1967404782802592068
1967406438298628163
1967406463917465918
1967408342881734716
1967409219914838289
1967434802669469858
1967435452664918454
1967435489461604400
1967435695670403446
1967435820929024162
1967439289568108607
1967440845160005866
1967442851165540513
1967442982556389526
1967445774167675192
1967458212678164859
1967459336210489530
1967459445887422694
1967460512209502211
1967460517251031117
1967461069041156605
1967461420217577849
1967462380918747252
1967462805684240424
1967463191384105399
1967463734131175713
1967464184670753135
1967467111166677331
1967468086426255416
1967469253218742380
1967469921107144721
1967471277322752456
1967471646190833797
1967473315154711001
1967474657759736050
1967476746909000069
1967477313454608804
1967485085663551626
1967485961425899912
1967487127245180956
1967487768558538879
1967488498799419481
1967488947900342372
1967489422095741083
1967490133420298296
1967491200098947253
1967496025402482920
1967496662722793486
1967497254690046124
1967498869950034319
1967500033923969460
1967501012081713245
1967501363849679278
1967502059579871720
1967503038501020007
1967503713817489488
1967504892903485445
1967505470815711704
1967506498541748650
1967506556603556312
1967508076686430303
1967508082478723149
1967508923042394225
1967510180159222211
1967511717161971901
1967511723994415549
1967512381724209253
1967512879516819640
1967513484402602134
1967513881326321847
1967514416053911979
1967514984512168392
1967515754670207461
1967516516875968654
1967517236744348033
1967521799366984151
1967522998170407214
1967523963149615582
1967524299524493640
1967525373719249284
1967525378404298839
1967526520379052471
1967527219108143602
1967527736144265478
1967527781400748481
1967528923962712134
1967531352598966757
1967532896115401162
1967533449247641662
1967533686968156561
1967535410344829384
1967540053711679636
1967541020587114633
1967541787800867023
1967541802736738596
1967542127308718400
1967545815737749865
1967546030993596773
1967547839955046819
1967548114979737809
1967549512672805122
1967550286995869803
1967551547627499671
1967551554111869358
1967551685217448076
1967553344148550066
1967556320342786152
1967557058561257577
1967557081843826995
1967560070595780994
1967561469312241966
1967562534749413744
1967563289665454403
1967564138735120820
1967564803951739064
1967565814367911962
1967568378366955995
1967570807091315103
1967573238827073825
1967577237278105952
1967582927425769754
1967585142408634509
1967588017687683374
1967608800762101889
1967608878402764821
1967608905967780295
1967613869767209200
1967613874095677739
1967615795854553149
1967615799771971739
1967629543117557914
1967631550209724872
1967635683671216225
1967639939786719480
1967640051522941188
1967640395535544817
1967640542004777285
1967641178112934099
1967645038244139242
1967663892676649204
1967762863881101533
1967770634269954528
1967770905486168186
1967771583600009515
1967786255804141966
1967786620582781379
1967786884828176564
1967786960736620905
1967793063889133701
1967796836166435099
1967800615381119347
1967804386064863502
1967804386245021848
1967832555782283621
1967834851777880187
1967834869024821344
1967836946283237622
1967838556610761182
1967839169033711796
1967840435243716910
1967841199957610530
1967842664600178808
1967846983928021088
1967847360786207091
1967857386292719810
1967857818721198409
1967859064546918412
1967859069576003815
1967860399933624692
1967860874754003246
1967861399004254583
1967861994561925325
1967869036194349478
1967880894179578337
1967880995560128974
