1418860144918777857
1418860728178683910
1418861181348028416
1418861372104974345
1418863571987927040
1418864089716051968
1418864434617802752
1418865092960075778
1418865370342084611
1418865430358265857
1418865567981875206
1418867458719371264
1418879897330651142
1418886778811944960
1418899372796960768
1418918837014044672
1418918919054581760
1418925227631857666
1418925537096081408
1418925797822410755
1418925927212503044
1418926024990019588
1418926294012731399
1418926637035446283
1418933224961630212
1418935902982885387
1418937699503943689
1418939152809222161
1418940160268439554
1418941196802695181
1418952678445666311
1418953132894216193
1418958691819311113
1418967879639252994
1418967965974810629
1418971783215071233
1418977211508568066
1418977771259408392
1418978607586856963
1418978618089385994
1418979630086823936
1418980718563184642
1418981305556127756
1418982033687199756
1418985526036664331
1418987117481504769
1418988613908549636
1418991061473447937
1418991758797524994
1418998149100675074
1418998648650682369
1419000325818621952
1419001588966858754
1419112947092054016
1419139143217471493
1419139172372123655
1419139309605556227
1419151203896676352
141918460090400768
141918481481351168
1419196443953221637
1419200624260902912
1419202234387103750
1419203857314324480
1419211413306822656
1419212361802477568
1419212534104477697
1419228980478050305
1419234992362717189
1419235401798078464
1419245613909045251
1419276659304267777
1419278274887180297
1419279612614377474
1419280323288862727
1419281334317424640
1419282242577203202
1419283127143342086
1419283826509959173
1419284364160954368
1419285191424503814
1419285617037373447
1419286235726503938
1419286748266340360
1419286983973621760
1419287550225633282
1419290840292151298
1419292091520143362
1419294594852823042
1419313955709669382
1419315870136893440
1419316249775902723
1419358187912790016
1419359287298588673
1419359483944325121
1419360672287125506
1419364116167159810
1419375549797978115
1419378132126093313
1419379818257285122
1419516515162812420
1419516851340550154
1419532139712811011
1419533577109180417
1419545021364117512
1419555567664697345
1419560517308350467
1419567770086215685
1419567998076035079
1419568580891332614
1419568956122095617
1419570621290213378
1419585275089485825
1419587795811586052
1419588246674153473
1419589554378403845
1419591424534716418
1419595031438974976
1419600725756186625
1419608364636524548
1419614704142479361
1419616481986236416
1419618346350243841
1419618791844040706
1419618874605989889
1419626662526808069
1419627473415802883
1419628670554042385
1419629437943910404
1419629748334911489
1419630340734291971
1419630823469289481
1419635587120701445
1419649769660551169
1419657357693317126
1419658003809148932
1419658929596899330
1419661222757036039
1419663088970653696
1419663519960633347
1419663929874141188
1419664242131705860
1419664594813915138
1419664871621206018
1419665162215124992
1419665427744002051
1419665660980830224
1419665843659579392
1419666092843171846
1419666399606173703
1419666547132432385
1419666702682386432
1419666904008982530
1419667616667365380
1419668230520524800
1419670364829802503
1419671057405943808
1419671463544573953
1419676023629574146
1419692907259301895
1419693964186333184
1419694480383365126
1419712305000960000
1419728446289170466
1419734373146906626
1419736958847180803
1419885535842115591
1419885636585082880
1419885987509915652
1419886413458198529
1419901199772381185
1419908060508614657
1419912792950280195
1419917020083093510
1419921185358241794
1419929689997467651
1419930156433481729
1419934747132710915
1419937046185926663
1419940692634210310
1419941873808859137
1419948791591886855
1419948806402052096
1419953423189831683
1419959929733931013
1419979360216309762
1419983278962929678
1419987876020776960
1419988785505312771
1419998126392307719
1419998248710787072
1419998390268547072
1420011003652177925
1420016373317709828
1420025366958284805
1420030229050007558
1420030627869515784
1420030922561294347
1420035933781467139
1420052769742876676
