1972459937776505180
1972479765761417355
1972479910544609728
1972480178468290644
1972480686067187864
1972481401653219500
1972481880470737258
1972482070548209689
1972482236374204791
1972482820162654650
1972483093102825784
1972484673789124973
1972484754789544385
1972484884624212112
1972487842279641119
1972504105496301669
1972547288150208557
1972547330273607714
1972547365900009909
1972547411697693005
1972547491758489912
1972548827623432252
1972567141930156386
1972571545496387810
1972571935839285730
1972576251497050262
1972577795764289967
1972579290827907562
1972584259828470020
1972590882886173084
1972590972090626269
1972591360105664515
1972591787450700030
1972592233959571600
1972592346211762195
1972592531394498815
1972597282483937487
1972598216844865649
1972598439247859910
1972607803375423746
1972608782560866620
1972609032872669489
1972610529672958313
1972622866169630814
1972622874742800656
1972646886629835205
1972698835496341946
1972718102816169994
1972718181002129653
1972870169254072411
1972886039967740001
1972891298362474752
1972903425580134691
1972904840943862037
1972911659514556584
1972914173580541956
1972914569854267445
1972920050735792450
1972920752958779880
1972923096186163557
1972923159172030663
1972924023500951734
1972927226963497100
1972929466117865924
1972929686436303350
1972932555306590666
1972936875175215163
1972938975385174438
1972938981479473426
1972946032783991149
1972947319969718383
1972947997488185776
1972949709255065671
1972949714174984676
1972950019197280523
1972950879390343209
1972956417284845831
1972958622029394037
1972960117806301550
1972961695908716678
1972965792745718226
1972971517899321350
1972986910571409439
1972986941005349177
1972988993345307116
1972988998579888226
1972989474268459061
1973016860192014800
1973016897387143265
1973017023606366314
1973017374325710881
1973017454487150960
1973017507364733224
1973017612016890321
1973017626076143853
1973017764748263562
1973018000946250040
1973018065677033686
1973018270921089070
1973019442281087294
1973021227305611287
1973024359339135240
1973029135820988463
1973031746137711019
1973033009768214824
1973033185652170969
1973033357220131111
1973033505627209768
1973034359746929057
1973034388343656782
1973034393552970036
1973035002087764084
1973035469245182359
1973035819662553505
1973035944304615568
1973036031021830304
1973036363743432892
1973037021355814977
1973041305925419064
1973041353581101351
1973041462129672302
1973041502319432085
1973041522863214657
1973042037693059262
1973042700455952518
1973043035782193483
1973043975838933054
1973044713759609058
1973045890865828209
1973072503569317936
1973077635224969630
1973077651503071617
1973077657299648538
1973077829425446939
1973083410265464878
1973083516981371191
1973083533569880251
1973083550632018223
1973083984935469495
1973084172546621736
1973218418661966229
1973250693797670938
1973253460746445206
1973257126173876381
1973285507720442174
1973292224848048530
1973292610275172510
1973293152955146396
1973294462408466646
1973301811311485273
1973302698247147692
1973305891802980508
1973305915697930292
1973305943157825969
1973305972610441407
1973305987873513573
1973306014457094345
1973306188722061750
1973306263330234832
1973307602034725220
1973307606795165971
1973307612050628670
1973309385066815626
1973310659359285285
1973313550774051325
1973317414948577414
1973317485379436689
1973317503029002486
1973317583177986138
1973325434550100081
1973325885483970758
1973326306487181502
1973330578784264235
1973330679481188599
1973332752880771516
1973332797533364459
1973366587769102480
1973381389816046037
1973418058732675524
1973453990970138723
1973454501475697026
1973568376925823400
1973575263872229865
1973595893506220278
1973635384207884504
1973635495042379813
1973637422081778177
1973638288859955665
1973644003104166187
1973647097539994054
1973658766777500071
1973662583971614776
1973664264650105040
1973667222485869048
1973672159340855537
1973674667262218734
1973675089691660295
1973676289669431321
1973680828136968439
1973681999761297423
