1840074236955648110
1840079924905873875
1840081800065896464
1840081841065181551
1840081893057757251
1840082263779737647
1840084466443923895
1840086744827605349
1840087501442306116
1840099876794679343
1840099936244777357
1840104652047552611
1840210544252309941
1840210759273386434
1840216516685426865
1840222078089281727
1840229018001346711
1840229242652573713
1840230474125586721
1840232532760993944
1840246920268415189
1840246958356869330
1840246977365254613
1840249082326966664
1840249214527517115
1840249246836232347
1840249373730676778
1840259035242664153
1840262728922927212
1840264364357759139
1840267044748701857
1840268660625355217
1840270283732857143
1840270481196495007
1840273418173759940
1840279304246083858
1840280955459629213
1840283689546100812
1840283853279182848
1840291561797570805
1840292040518647969
1840292930516595157
1840293670047670728
1840294903168786492
1840294904892899505
1840295673817612731
1840295708924227876
1840296453723566345
1840296483658084744
1840298052961136816
1840298295572172832
1840299361760075818
1840299449748467857
1840299750127550664
1840300193121742889
1840301090874831005
1840302863852982296
1840303184017011181
1840307586131763683
1840308155911221609
1840309138556871102
1840309288377462950
1840309451888205959
1840310494613172612
1840311829878210975
1840311952792305924
1840312830735663478
1840313813331230823
1840314346984870038
1840317789674016884
1840330685665665037
1840352115035603156
1840353087883530251
1840353199011586434
1840353225527968244
1840353278623654327
1840353519720604131
1840353607453159466
1840359092323569811
1840361282337394725
1840362092789981254
1840362108493463679
1840362249229423009
1840362865640853797
1840363323478643166
1840364083264225560
1840365219673219213
1840366404161147300
1840366661213282543
1840366782290214934
1840367213053636629
1840367265146958151
1840367294788042863
1840367582487937213
1840367613395780037
1840367670962643189
1840371557828268540
1840372379920236871
1840374542121754784
1840375980118229234
1840377295250317383
1840395108253860287
1840396503874973768
1840397295801577874
1840398421124936056
1840398457543991757
1840400682609766749
1840402937140699615
1840402942706479282
1840403545130147918
1840409303779332194
1840409307151499269
1840411696940114110
1840411711288815937
1840411768452940138
1840412797865250862
1840413602328809500
1840425705567310094
1840428071897198846
1840429096506994968
1840429468554555478
1840429492336283681
1840430024039469381
1840430272744923218
1840431545267708365
1840435023977054305
1840435484108976542
1840436626914209803
1840436982318772488
1840437652308230260
1840438347359002766
1840439695869686067
1840440023834927403
1840440283659387333
1840440709192486948
1840441142829265152
1840441867537973463
1840442116943606223
1840442532704260346
1840442753626329186
1840443078139687404
1840443716424573323
1840444095518634347
1840444409491648672
1840444882952872415
1840445663886065979
1840446026777264211
1840446360866197523
1840446571122426235
1840447093967569264
1840447406686487001
1840447862569926960
1840448307019075600
1840448488972206227
1840448735379182004
1840448934533378153
1840449083653427567
1840449200435102133
1840449767266037981
1840449967053291530
1840450138759729329
1840455043830477079
1840455298244620760
1840456094537355435
1840456437463437427
1840459007380881776
1840463692636582095
1840471256359194711
1840565979799048213
1840589060651221410
1840619778110832769
1840624032003363056
1840626570270314913
1840626847517966514
1840627209020879118
1840627442815488508
1840627771359498709
1840628015371579854
1840628276701864229
1840628739497164972
1840629035279466784
1840629317434487032
1840631300639670589
1840656656130031655
1840659256342974792
1840660791944741001
1840660797904797934
1840661733821878528
1840662136969961811
1840663326436868177
1840665306966204887
1840665310682386595
1840665600718414326
1840669224265793646
1840669658078470260
1840671058183258222
1840672162866405643
1840672996102475982
1840673053115621407
1840673085944390074
