1464141307790565384
1464143333589020676
1464143413004013570
1464147850053373956
1464152563104694275
1464153063439015937
1464153422907727877
1464154360733003780
1464158217928265732
1464163805852680193
1464163829550518279
1464164431437484035
1464165582937288710
1464166422230147080
1464166447278526468
1464173139194114049
1464174299833528326
1464176588648419330
1464177213700382723
1464180389828710400
1464181334423719939
1464181393013886986
1464181450622656517
1464181760200118278
1464182620271431681
1464182997779845122
1464184099820638213
1464184253801893891
1464184454067351557
1464191117189021697
1464191183865802752
1464192377204076544
1464192503096102912
1464201837184122884
1464208509470326787
1464209230919979011
1464209358582022145
1464209399426150404
1464209416882847744
1464209427439898625
1464209458830057476
1464209488521560073
1464210301440516096
1464221515709177858
1464227295376207872
1464227957803655172
1464228462797864963
1464231798813052938
1464242600479637504
1464247846782128130
1464248108271820805
1464248257744228354
1464261294102511616
1464261719899860992
1464265188094271488
1464265585806635012
1464265690794188800
1464265701607178245
1464265720976457737
1464265735421652995
1464265753532649473
1464265769055703042
1464265784499195912
1464265838949646346
1464265898697445380
1464265909980123139
1464265951151489026
1464265983502159875
1464266009917865987
1464266023540912130
1464266059398057986
1464266090045841411
1464266116654456843
1464266146673139712
1464266168147972097
1464266239774130178
1464266260280008709
1464266290336464898
1464266358208663553
1464266425049051139
1464268874715590662
1464269870472646660
1464271077710782469
1464271409404805125
1464274446827413507
1464284734222057472
1464284797296005126
1464284829852205060
1464288480461144074
1464297295839588353
1464297328618074115
1464297485925433348
1464402946578214917
1464406600282611713
1464421233995309064
1464423035390230528
1464423177224810496
1464436747899523073
1464444757397020679
1464447792491872258
1464448559546175494
1464459795927162886
1464467360132198401
1464476214026915840
1464478055754129411
1464478201925681157
1464479111632416770
1464479565506441221
1464479783161454596
1464484190112518155
1464489670679490562
1464493091474137088
1464493168339001345
1464496799939371008
1464496817907789824
1464496865961910273
1464502134343290884
1464502704168865794
1464520968898940932
1464526615140990980
1464536250631680006
1464536294298566660
1464536328058466305
1464536379686207488
1464537445211406340
1464540239049887753
1464540286487437316
1464540341722226691
1464541352801148934
1464541412603559939
1464541591297675268
1464542988814614531
1464544182853201923
1464551001432621059
1464553890653691906
1464555128174776324
1464555826618638341
1464556229292793858
1464557768338071557
1464560961654640644
1464565290369310727
1464566373087002633
1464566440703397892
1464566530734104586
1464567131656183808
1464572544980119557
1464573591014363136
1464573632718389252
1464584264675065859
1464586256684179459
1464600652579885056
1464602021940523013
1464602023635013638
1464617249608638465
1464617416260874246
1464617418953670661
1464617931979968518
1464617996878446593
1464620356476358660
1464620403838521358
1464620453901705219
1464620663201669122
1464622022638518281
1464630620965916676
1464632263727931393
1464632267918041088
1464632270946324480
1464632273202941957
1464633266443411459
1464649702792589316
1464787201972076549
1464787329902469128
1464787676435927042
1464787845701246979
1464787863376056327
1464787968992841734
1464788099964174340
1464800850736418820
1464801335019147271
1464801410843697161
1464801565286436867
1464815124884066309
1464815311593431051
1464815457475514379
1464819966121635842
1464826038458863617
1464826108906381313
1464826441669877762
1464826506778079232
1464841695623737351
1464841872149401601
1464842594089799680
1464843245830037511
1464843879904002048
1464844800784420867
1464847523030339587
1464847993027268609
1464848196010532864
1464856172549136389
1464857003906404353
