1868283385820721267
1868283392758083718
1868284546413891963
1868284549631025594
1868290324948492740
1868521339478503900
1868521867105165485
1868527159826055626
1868527773888970932
1868528231319769254
1868528920649469959
1868532577168191512
1868540354561204527
1868541106402791774
1868542104567476676
1868556400873611289
1868561262189408755
1868564948361921002
1868566257945174519
1868567012932546668
1868571694610460771
1868574854846497170
1868575676095467796
1868581559986765935
1868581563946172822
1868582072371351628
1868582466145194229
1868582728041722258
1868583810868404735
1868588802929004755
1868593709530439849
1868593996077138198
1868594265926111309
1868594631853637771
1868598457830605305
1868602060620562577
1868610213773005245
1868611560215818406
1868612415837159572
1868612584854954117
1868612630119874986
1868613377888805316
1868616013564260487
1868616194124886158
1868616635734741202
1868618148825711075
1868619200438444063
1868626932205789495
1868627940004782405
1868628937896775815
1868632422172315970
1868635736347742420
1868639139941490720
1868639872023777417
1868641662341443856
1868643376981287385
1868644289183633776
1868645422929240357
1868646245960675460
1868647012473978976
1868650442651271541
1868650838564221167
1868654543900406116
1868655309058879812
1868657899972735049
1868674887323382237
1868675945764475259
1868675950822731870
1868681084759941451
1868682786464579730
1868686267053154414
1868695700898496895
1868696436562616621
1868697034544566686
1868718744295686583
1868830974865297699
1868885413450203217
1868885859241804285
1868886270279401723
1868886455734747536
1868887237573984466
1868889494629630407
1868896180551520759
1868896382930895222
1868899076949119418
1868900515872231664
1868905489826038113
1868906298785559016
1868906968032870907
1868916774907109818
1868918880925802852
1868920168929443868
1868920583993667647
1868921335516410270
1868922499293122754
1868924753744216490
1868926318689350069
1868926552643354948
1868926651046019569
1868927184863478093
1868928293480902735
1868931167241879982
1868931170379219261
1868932320285384966
1868932323850567877
1868946625332494458
1868948990911562035
1868953525239398818
1868953927255027821
1868954573546963183
1868978826711277928
1868980566441574551
1868981621262893365
1868982997304983662
1868985497923809771
1868986706189512952
1868992172768608488
1868992632489468265
1868997254511837656
1868997329950589166
1868997442353742169
1868999723430166751
1869001208830284187
1869001851498381483
1869002979338338567
1869010414899741149
1869012827719213389
1869013614256074845
1869019780239520189
1869032858968322126
1869035528227860725
1869038424868741506
1869038428341637323
1869038867158122915
1869042950573076615
1869043644898120183
1869044383624098022
1869049869811540018
1869049880909615591
1869053828382990690
1869057627017318424
1869058244859335049
1869071335743435049
1869072277494755456
1869075263566549175
1869080180859490470
1869087540629962994
1869088835679994115
1869089025841418251
1869089228631716340
1869093790587515383
1869200918924996835
1869228708546171305
1869230572389986350
1869231087102402727
1869250208149942711
1869253279626268963
1869254332065214553
1869254928369344987
1869255773383176233
1869256709459640752
1869258822323409195
1869262525495496770
1869267718152798303
1869280466827972812
1869280565347991942
1869280895225708866
1869281971488407945
1869286676587000299
1869289498472755319
1869290557828214949
1869292040531624414
1869292528991961387
1869292864062243118
1869292906194055536
1869293051719684207
1869295195524931722
1869299488193708476
1869302158056894814
1869304231817367881
1869305602301657442
1869313433910284662
1869314679467598274
1869317161057169771
1869321914839114183
1869322578050891940
1869322680778002715
1869322794363945128
1869325199923134645
1869327491292389723
1869328649473949956
1869330040800059644
1869334740152766932
1869335758341050865
1869337184865841509
1869339909842206887
1869345670005711254
1869352004277198945
1869352678918369493
1869354708290380024
