1002374164395667456
1002985672947294209
1008193723270758400
1011303679134068736
1011304458389635072
1016012679532589056
1018523730618667014
1019294787847913472
1019544252462743553
1020299063613259776
1023451583005175808
1023855795874590720
1023892109919567872
1024180187330539525
1025330699362922496
1025753093273604096
1026421908588310531
1027818074941022208
1028128807591403520
1030021017941368833
1030079222730043394
1030100510315958272
1030518120387989506
1030852423198240768
1032497761944403968
1032507288018243586
1032569092757024768
1033959828920487936
1034738307442167809
1035025923454582786
1036906318014033920
1037014841439842304
1037321369564794880
1037934828467830785
1040585443878658048
1042344182818332672
1042738170582917120
1042823130408992768
1043529480558370818
1045579228027138048
1049170689394008064
1049876276201308162
1050939775534788608
1053320597722165248
1055027946862170112
1056110878423113729
1056950827753979904
1058748739110621186
1058750507450195973
1060108769214922752
1060674407411007489
1060897860844048384
1061073968977723392
1061156951856271361
1063412354296102912
1064182036573736960
1064531776838594560
1072325055240069121
1072421267981127681
1072423553759395840
1072541451945435136
1073080503907975168
1073397553121513472
1074646350782812160
1074673085347811335
1077406183781060608
1077775423956611073
1079292817313165312
1079296565498413058
1079761338140745728
1084029780658348033
1085432920611872770
1086079434363301888
1088736012484767744
1089354102813843456
1089527795963723777
1089799891163897857
1089851965310361600
1090278396028841984
1090280430257893378
1090500321162407936
1090677345629790208
1092385777923702785
1092390370686562304
1094126503640457217
1094785308871159808
1094847383760887809
1094923471543447552
1095663261620494337
1096073606730153986
1097376708351602688
1097610703198801920
1097804077302345728
1098599301842960384
1098683070641655808
1099902708901761026
1100363002635706369
1100442968794656768
110076342678208512
110085026850406401
1101382534850469888
1101382643893989376
1102077954639593472
1102528578074206208
1102535800669974530
1102763559769890816
1102788223028256768
1102919785237504004
1103111001577144320
1103190030669893632
1103217127626964992
1103244692588646400
1103266557466042368
1103298101970784257
1103615234160263169
1103626655254245376
110395818439229440
110397943084888064
110406489553903616
1104233103076155392
1105401290429882372
1105402158835363841
1106057992611328001
110755136304984064
110756165973065728
110782608840998913
1107891719264038912
1107893391071698944
110794711232552960
110805478061244418
1108556793234378752
1110261327178555392
111121558688370688
1111561463569637376
1112773899412881408
1114072267367968768
1114128915654529024
1114788910347874304
1114815040874373120
1115143161251151873
1115488656800632832
1116675151645384704
1116931018299043840
1118711901586747392
111885999155593216
1120043773000441856
1120334958487203842
1120527039281364993
1122313880783339520
1123218383925723136
1123464282010734594
1124142782883360768
1125087851845079041
1127422749591293952
1130780136213688320
1131262924314439680
1131482158768410624
1132843094804557826
1133802968711540736
1134051209529004032
1134736929038094336
1134755772909273088
1135057775472435201
1135548638992539648
1135587012658917380
1135803958847369216
1135815237309874186
1136643456992890882
1138635438795575296
1139021662060331008
1140220255899308032
1140483298440839169
1140569740974235648
1142012849985732608
1142059087993065472
1146122156390010880
1146831580989517824
1146832932289388546
1147051341522452481
1147131011710349312
1147740677704257536
1147851282066968576
1149219754755776512
1151406652278497280
1152182686582071296
1152471835495112704
1152475197615702016
1152483729983463424
1153183560762720257
1154682304083550208
1155436975773507584
1156538110601072640
1157209059843399680
1157322376712822784
1157475181020901376
1157638437530292224
1158638026626486273
1158721780476866562
1159638715720843264
1161330548029050885
