1886782093277245571
1886784330326048952
1886785632837755083
1886786164075717055
1886790510196728016
1886793709611835537
1886798918618636669
1886799391434137678
1886799861959549324
1886800706549768461
1886802517159501847
1886802519864828097
1886811526746791972
1886817263703220537
1886829632605004248
1886840011590656093
1886840999152124404
1886852473077575747
1886853098230178237
1886853199715516855
1886973341187367256
1887012721243091437
1887012753665352107
1887014701269442739
1887015586385027586
1887016439019921450
1887018087012000249
1887021597757988920
1887021678892343444
1887023031559794905
1887023553629069418
1887024248289681506
1887027417534910469
1887032169098309821
1887035943359750622
1887036726587396314
1887037373512655055
1887049318898491666
1887056158353232300
1887057077685592464
1887057751001489823
1887063612692570362
1887063616127639947
1887064548609597473
1887064551881154814
1887066058479325348
1887066061868277917
1887066478157193709
1887066481718084017
1887076537440297057
1887076581056938391
1887079067960447339
1887079180048965976
1887080390978072846
1887081727627342289
1887082556174262291
1887083989275644017
1887085753962041787
1887088910217658453
1887100437427577198
1887102686648271251
1887103607964889235
1887104314872836329
1887104983608496294
1887107778402984340
1887107930815692942
1887108781026279622
1887108880661913735
1887108902732365889
1887109191287914870
1887109222485143943
1887110491417522547
1887114988269314267
1887115614319411329
1887116319738462464
1887117056732209638
1887117828115079210
1887118756079714490
1887119671675285538
1887120440608587948
1887122784503169192
1887123519093530958
1887123522268635239
1887124428347301914
1887124882275901573
1887128713407676627
1887129500879925421
1887130550634520921
1887141913595441378
1887148019688276089
1887152331177025656
1887152999795155352
1887162207135203468
1887162634161516714
1887163371671162985
1887170177177092496
1887171272368632193
1887337853572817337
1887338143638290706
1887342827023315007
1887367895426211994
1887368281126019253
1887368805669827009
1887380220019368333
1887381232566345887
1887383205394981084
1887384309390319860
1887385699705626699
1887386064714932484
1887386389295313309
1887390023395516604
1887390447494176785
1887397493681648042
1887400758888571206
1887401633346429252
1887401649150566820
1887404295680655617
1887406553051111927
1887407361398018268
1887408781451272353
1887410014727643342
1887410205811462159
1887411761638469739
1887411958355534334
1887412244121854195
1887412283795775620
1887414722817073635
1887416013215699187
1887441543956734424
1887446606079009274
1887446667185823993
1887448259045826843
1887448897750028348
1887449608215011336
1887449660341797242
1887450465790796288
1887451354882515130
1887452218745626706
1887452462325637506
1887453136882737481
1887453355120771128
1887453360472924561
1887453385517150639
1887455300657336552
1887455716266418591
1887455775037039014
1887457942250922005
1887458579734843414
1887458733028221104
1887463505076625602
1887464957249528258
1887465085548876286
1887466771336339463
1887467466596442248
1887471988090020116
1887473098360025275
1887473789065195544
1887473958892806441
1887478550611304842
1887478830224531649
1887479505536885085
1887482764905357740
1887490476950839794
1887490785471234477
1887492348365389927
1887498266629316906
1887503377795354980
1887506148573815157
1887515981133848970
1887518720974881069
1887520412483133569
1887520747574468930
1887525123814793257
1887525127677747660
1887526386451292302
1887526390289080820
1887526724214444332
1887530888390426671
1887530930845126764
1887532765593092571
1887534670214275407
1887535224382165311
1887537135487754466
1887538071748358458
1887538777683599443
1887541643013988619
1887544454908694697
1887546485757358493
1887548537027616907
1887548543851749804
1887551310863737118
1887566700662411282
1887653813198201017
1887659797958570134
1887660360691306953
1887669921527853521
1887683413907546568
1887683782053920777
1887683833970974751
1887684092172640489
