1336298033303220224
1336300152638873600
1336311170886639616
1336317028290813957
1336334849146200064
1336337392886681600
1336340037772791808
1336342998162972673
1336346186794422272
1336346573421174785
1336385308913332224
1336508652652384256
1336539353938583552
1336542639873781762
1336577461862060032
1336579836794589184
1336582353745899520
1336584870156505088
1336587386512404488
1336587977523421184
1336589903451209728
1336598714060656643
1336599372734185472
1336601982929342464
1336604499541176320
1336619125364248576
1336624523139944449
1336644328484061184
1336648059908833280
1336672089449791490
1336672091869888513
1336672094440984576
1336672096638828549
1336676035501281282
1336710954902437888
1336713833050607616
1336720555790061568
1336722788984320000
1336729144583802880
1336729265178435585
1336741064934215681
1336851236323147777
1336851526153695233
1336862682859769858
1336862757929373696
1336873063414071296
1336928604794441728
1336995441582338052
1336998116378038278
1337000741496528902
1337049411067777027
1337056374421942272
1337059290180358144
1337064040313524224
1337066502227259392
1337066507319214080
1337068163784126466
1337069827173715968
1337074157272485890
1337224336516677633
1337285427938529282
1337347325463654401
1337365854757867523
1337369755376762881
1337369759864692737
1337370967601922048
1337370970923753475
1337373287924449280
1337377572049416193
1337380171301539840
1337384206922485760
1337390367365279749
1337393269093900288
1337395715723681792
1337398153583222784
1337413176711737349
1337418212435095552
1337427519599824896
1337431235983917056
1337637216546242561
133765610780897280
1337769954880282625
1337825046077706240
1337825739291258881
1337836597161553920
1337978389987127297
1337980896960364544
1337984042415714307
1337994356280573953
1337997561886429188
1337999805398700033
1338000590236893184
1338019446862925825
1338130598943059968
1338132305915723776
1338132464020062208
1338133740950732800
1338165751903965184
1338183074488586240
1338314026296590336
1338357746299588610
1338364775059734535
1338375326829723648
1338378136598110211
1338385627893547009
1338385801999130625
1338406402361090049
1338408950048256000
1338413286098755585
1338416293435777024
1338422526817443840
1338425951818936321
1338428266743525376
1338430783195910144
1338433299929321472
1338435816402669568
1338438333005852673
1338443781570318336
1338455822838366209
1338462608182013953
1338501511450513408
1338504839479750657
1338667731650977792
1338668276277100544
1338673869691912193
1338675395143430146
1338675989732212736
1338684783098884097
1338698598209359874
1338703956352987137
1338707385834033152
1338709117309919232
1338711633909039105
1338714150302846977
1338714582534111233
1338715755999711233
1338716666847498240
1338718626724028416
1338719183681404928
1338721700133830659
1338727437434146817
1338729249897910272
1338731766434115584
133873285745225728
1338734283326857216
1338737706017280000
1338737768550174729
1338746346619080704
1338748587975438336
1338748629960458246
1338748658087469058
1338749040243044354
1338763528853864449
1338770252780326913
1338773685381914624
1338776522979602432
1338777823863967744
1338777946731868162
1338780118370566144
1338784348112220161
1338820330899435520
1338847569179381762
1338848732285083649
1338900039507222535
1339054624964112384
1339077149643448320
1339097947015761925
1339194508496392195
1339202315627102209
1339206530181128194
1339210205284892674
1339230482962083840
1339237096423366656
1339242129500069890
1339244645960728576
1339396526678806529
1339397074840768512
1339402387371425795
1339448697738784769
1339494190355509249
1339497562513022976
1339500568897757184
1339500570680254464
1339502595799281664
1339514140084191232
1339531534991151104
1339539799372283905
1339562349670240256
1339565131835924480
1339595397119950848
1339597318174097410
1339762940707176449
1339800558887059456
1339805592240619520
1339817018892013573
1339846000660291586
1339908367284760579
1339919173317578753
1339924953240535045
1339931258055401472
