1383646203120820227
1383649039514685446
1383651625907015686
1383651879775719424
1383653883017236484
1383654034305818625
1383685404147081225
1383685566366044163
1383685962471862281
1383711084721303558
1383723882700414976
1383772231449280521
1383775669608325120
1383776660261007361
1383776678065754125
1383777091741634562
1383780709307805712
1383785828002897922
1383786022010376193
1383786119775461380
1383786454917079054
1383786658634493955
1383786991557349388
1383798981046640655
1383799366494740497
1383804446111506442
1383805295323869186
1383819787374006283
1383830172529356800
1383975582409453577
1383975826094366730
1383978838984597508
1383978884048179205
1383978996967243777
1383987002786291712
1384019790331740163
1384020336497225732
1384031826474246148
1384048316879544328
1384048361737621504
1384048409024221187
1384049579792822275
1384101532916883458
1384103158125719552
1384103159694389250
1384137373970141188
1384137897570234370
1384140356279623687
1384140612799066115
1384140808043986949
1384142813470756879
1384146085199769609
1384170579582877696
1384170775607799814
1384170778367717385
1384187633845166091
1384187824006598664
1384188203486236674
1384199349563912202
1384201495856304133
1384337906005811206
1384338327734607877
1384338623881834503
1384338888425017350
1384338910998765574
1384339018758836225
1384339635506089991
1384344054872166404
1384344212036935681
1384344458682986505
1384352843369381894
1384353172454449155
1384353213420212229
1384353311806033920
1384353789201719297
1384354311975555076
1384362313784823813
1384368823369756673
1384368860233539585
1384369051951009795
1384369149283946500
1384437765417308163
1384438999700279296
1384440772750049289
1384442367487315973
1384442773021990916
1384442934792056833
1384443109673627649
1384450719315492866
1384450880162861066
1384451233306484742
1384462615884144646
1384462829193883653
1384462946558906368
1384463785092517890
1384469534753447945
1384469536557068294
1384469538444431365
1384482309340991491
1384504530679721987
1384505422137098241
1384507178275336192
1384530701995810824
1384536705420599302
1384539889677455360
1384540595851448326
1384540730748596242
1384552579368054787
1384734919943888896
1384735056770392064
1384738461651853317
1384738476218716161
1384738512075776000
1384738799305908247
1384738873423523844
1384739146715914245
1384748966462459906
1384749051111874563
1384749217965432835
1384749380935118853
1384749607138127874
1384749685571604484
1384749809475547144
1384770447129026562
1384771678899605506
1384772301103632385
1384775251884593155
1384782073873924100
1384782075895578628
1384782078026207233
1384784244879200260
1384784247068659717
1384784249077657600
1384801398374559747
1384802569634017288
1384807761402228738
1384813682694103046
1384813877234307075
1384814334925099013
1384853667870871559
1384853706873745411
1384856762713616387
1384856972101574656
1384857111117639680
1384857331977048065
1384869179375775745
1384869572893888513
1384885800467243010
1384897425295486976
1384898177254531073
1384901776839778307
1384914149185052685
1384915948700897282
1384918629339238403
1384918839713017857
1384919011528429568
1384920285569327111
1384922091724607491
1384924654591225863
1384927007658676232
1384927560572755969
1384938891409563652
1385080042170961923
1385080501904416777
1385080595865235459
1385080839248121856
1385080916297453569
1385081031896670212
1385091754299334656
1385093596982878208
1385093692059308036
1385093772749414404
1385093814247776257
1385094419251040257
1385104677012787202
1385117692730904576
1385136381077299210
1385140380761399299
1385166072626573316
1385166350985797632
1385166820512997381
1385166904268976132
1385166985319706626
1385169556977508352
1385169639601233920
1385219234968477696
1385219236805545986
1385219239112437767
1385238967218364416
1385239902393012224
1385245718055583745
1385245919612792836
1385246175964536836
1385246323109023749
1385246513106874375
1385246595705315328
1385246626931830791
1385247312541151235
1385247500299161603
1385415538260594696
