1813165112687272144
1813166333439164616
1813168528213635427
1813170493630882029
1813172088212963372
1813173276035682397
1813174146823823555
1813174408112185759
1813186710139756933
1813193112883449993
1813196828948766875
1813196832862052802
1813196898586796177
1813204437244268695
1813206969727217821
1813207026656506010
1813208212360860041
1813211988056809544
1813211989193244975
1813212161734516889
1813215762624225349
1813216245808046273
1813219538411929686
1813230861443072464
1813234636920697251
1813238411144179739
1813249214161223790
1813263843805831535
1813264779374698890
1813277823186182567
1813278177567076440
1813278259616051530
1813278425962193262
1813278439706882469
1813278864057242047
1813280186391052406
1813281449421992194
1813313422031007776
1813314050656464966
1813323158344405250
1813325465962074424
1813325845228081619
1813329763190157542
1813355432087359843
1813411099058029025
1813412301648851061
1813414701272818096
1813419877358535025
1813419947864776770
1813443878030356910
1813447853219696733
1813455349342699902
1813457845242982749
1813458681696260295
1813459897779990638
1813460278702665977
1813460784774807624
1813461291576762431
1813462376832012610
1813462936956141802
1813463654773530665
1813464185038319619
1813464761109201283
1813475159397003360
1813475225557983485
1813500583472672937
1813503743021010953
1813504973017378984
1813527589291737210
1813535367930552692
1813541341135347723
1813541354909384756
1813541471683027310
1813541496752374221
1813542009891893672
1813546537928294634
1813550467420471519
1813550682269769847
1813550713185960234
1813554242583474414
1813556404105445570
1813558756216598944
1813559075713507556
1813561650567348539
1813561792200876454
1813562755405713488
1813563050890551690
1813563158839046652
1813564309110444420
1813568754451874161
1813569341620666490
1813570883434271002
1813575634012041242
1813581926520979833
1813582637325271514
1813583664690704791
1813584373188296858
1813590931565838768
1813591827494171101
1813593963582149108
1813594564973703294
1813594945732723059
1813595196879253870
1813595725428564217
1813596017415340410
1813623267451961580
1813688202701742423
1813688843075514709
1813689002933068226
1813717821194457538
1813783472550649898
1813783626448023850
1813786662692147245
1813786684829622753
1813793318859604312
1813794431289655361
1813798092099211310
1813798858469617720
1813800668790190393
1813801495848226872
1813801563078697324
1813802109395165256
1813802562627453116
1813802597490504080
1813802613449920549
1813802786032906325
1813803061661536404
1813803379795366023
1813803658729123865
1813804004830556424
1813804243863867572
1813804405101318145
1813804706290086322
1813805017679511881
1813805193139785898
1813808492878438844
1813825223214461016
1813828917649928608
1813838681431560688
1813852003640263052
1813865706775257391
1813870896488280225
1813870951114870959
1813873903456120964
1813877828758511917
1813883917063045433
1813884946471378965
1813884981858759099
1813885288386818202
1813886829508378629
1813886834969317884
1813891474326732934
1813893854237720696
1813894987722998268
1813899014854922642
1813902789535273440
1813909720698323037
1813921565710372881
1813923993457426535
1813927395688358213
1813929427052744790
1813929705999052904
1813930086120260071
1813930377800716681
1813930491764162935
1813930823285891087
1813933483724546433
1813934242654728403
1813936295821086933
1813936982273224845
1813938394004611199
1813941117320372342
1813941122298954047
1813942007058075839
1813943345556963808
1813943350325891314
1813944199495987255
1813947224352505914
1813950680006025700
1813950685018501394
1813951647632007335
1813954147240079389
1813954658630865386
1813955517154513208
1813957811602088249
1813958656615920116
1813961215489794124
1813961442913325512
1813961664439652647
1813961699315401124
1813961716172259423
1813965772445855787
1813966545640624509
1813975457542672578
1813975485891924285
1813975512253186483
1813975528778743825
1813975540313047045
1813975560219214226
1813975573955555815
