1947932116307816790
1947932119617179861
1947933091525427696
1947934152575369569
1947934675009523734
1947935318335782957
1947935490575110296
1947937245417345514
1947937675102626064
1947938397156467106
1947939785953145040
1947940000038826109
1947940200568557706
1947940400687460420
1947940974585590040
1947941641333207323
1947942153814180012
1947942522350977522
1947955444498260005
1947956059743953132
1947961941655192025
1947962799961014370
1947963773739999311
1947964500457693199
1947965326421033168
1947965830765113781
1947966590013915500
1947967154382651811
1947976406690103777
1947976980655456526
1947977567736377591
1947978079504409051
1947978604786393164
1947979334616314288
1947980100752101641
1947991298734211476
1947991303524122893
1947996727824548247
1947997472477110379
1947998447300411874
1948000291695292434
1948000297777049768
1948001184629108893
1948001762369237169
1948002329544007934
1948003633028608261
1948007507798184061
1948008003116167233
1948008360315683190
1948009601871302687
1948010011814457525
1948012436650700895
1948015986818580752
1948018361969127488
1948018949255278957
1948032199640678721
1948036929662107760
1948045131606524383
1948048814000185529
1948048976122679520
1948049350317453559
1948049533000384692
1948049887582642649
1948050003353821357
1948050310288871507
1948050401703653673
1948050494506905680
1948050575968653507
1948050671472976049
1948050752653664766
1948050901928906882
1948050991867457937
1948051066211443116
1948051286664134938
1948051395686629391
1948051714998993374
1948051792841105866
1948051875603021831
1948051960948760994
1948052066150273306
1948052165647610076
1948052258652069957
1948052501711970578
1948052572356628596
1948052638412710125
1948052711410413602
1948052784697507949
1948052956278051022
1948053048041013478
1948053162503585845
1948053238454120645
1948067130416705690
1948067705334210871
1948069296405721437
1948079675483492564
1948080323570594266
1948250541382906332
1948253325721518372
1948253729779585512
1948255039027552556
1948256270999281983
1948259488865349853
1948261254876856538
1948261538705383758
1948263040333586569
1948263584678732226
1948264132383523023
1948264692490674405
1948273587221151784
1948274343621853686
1948274845193781530
1948275430311546947
1948281423275962760
1948285236074168777
1948286102252700029
1948287035950919829
1948288082886664583
1948293807486713966
1948296797010661622
1948299316361146767
1948299382857634217
1948299441603011066
1948299850824782008
1948308448355270822
1948310453056094691
1948310458940707270
1948310464972112078
1948310642911551500
1948312601215279315
1948319789014999121
1948322308872978550
1948323132454105111
1948324646610211017
1948324849782309205
1948325279090298979
1948325528940974432
1948325675019976947
1948327032019878041
1948327951537262808
1948328432515022861
1948328645350576211
1948329577190658555
1948329580520931666
1948336457569206272
1948337248358768820
1948337251609374754
1948338848016060779
1948338852642377792
1948338857461580233
1948341821622612348
1948342337450521076
1948343618525130978
1948344344169320761
1948344755835883925
1948345071469785509
1948345677807042592
1948348141582897307
1948351660486484008
1948355004496023628
1948356701175918602
1948357716310634697
1948362821944885686
1948363446258446843
1948364446180774135
1948364864432267466
1948365251923329230
1948365326690767218
1948365954502754409
1948366258736345119
1948366723096207556
1948367669360730424
1948368220097802397
1948368455704404238
1948368629667659849
1948369446411845961
1948370353811816474
1948370932231176526
1948372083605680146
1948375181824782756
1948384302237975022
1948385382237602146
1948390981394633022
1948394197314097235
1948395386101494223
1948395391029858694
1948395396654346657
1948397452689826209
1948397456187916397
1948397535963566129
1948397607379784190
1948397760488538593
1948399772479430817
1948401839633797461
1948402719678660983
1948402909076725970
1948403058192306674
1948403161150136519
1948403355090641332
1948403362061520945
1948403578076537092
