1981340331762471412
1981345380014166482
1981347331682553927
1981351944456458756
1981352409906487501
1981353124226052242
1981353968434630830
1981354601124389275
1981361184105517424
1981368059828015122
1981374520981409902
1981380752257536371
1981380757802438995
1981381350587584704
1981387585324012028
1981388307495039132
1981388435211637043
1981388495827730453
1981413637786128539
1981418581222183102
1981420660762300485
1981431609053368817
1981432315734872103
1981433282110898645
1981518503149519121
1981535202926322149
1981539933195293051
1981542553972592667
1981546813833564578
1981548700297019526
1981566316604448915
1981577104065269804
1981582015087648901
1981587599866343929
1981591310651060386
1981592150984073415
1981592529960407404
1981592805698109805
1981593192530317442
1981594344432808144
1981594361227010444
1981594782666559766
1981597011389641096
1981600297211339090
1981603354821226703
1981603838193733982
1981604998615281919
1981605687634579652
1981607007213027647
1981612698027884785
1981614411203940653
1981615490205381064
1981616172807360914
1981618699560993123
1981618704623559160
1981620996148011163
1981621200230256983
1981621933503643977
1981622832619507789
1981623612734849135
1981623936904265934
1981624507162046470
1981626533509779667
1981626587930886447
1981627089800613920
1981627989314970000
1981631982141612187
1981632815994401156
1981633917670355437
1981634508337098980
1981634516071710836
1981635031794921975
1981635466861428837
1981635729399910414
1981636360181039610
1981636968254459939
1981637506937581568
1981637637468238308
1981639215382495437
1981639220054888645
1981646702827245890
1981647439569522834
1981648675861680599
1981649749473407318
1981650313879883827
1981650317830938925
1981651316360266152
1981651898219294915
1981652969373253686
1981653716546564550
1981654120655442380
1981654157410091183
1981655177791697099
1981655507724276105
1981655590549229664
1981656052266602657
1981656232583655584
1981656380856734207
1981657168806809649
1981657913249710576
1981658464867790865
1981660862290211182
1981661307662426212
1981661757736382634
1981662292308819984
1981662632969957688
1981662710224879857
1981663111804563527
1981663835733012782
1981664398297940306
1981664442308755604
1981667285086658962
1981672156003262612
1981673263190475211
1981674056228446670
1981674657184121199
1981675029017612711
1981675783023423596
1981679144787464612
1981684253554565164
1981694281896329440
1981697315212771601
1981698063308869825
1981698072850907204
1981700523511459853
1981700945194168331
1981700957621637399
1981701056540074488
1981702025080717381
1981713465359454301
1981723231271747629
1981723400218276237
1981726692142948528
1981754767320949243
1981759967435907536
1981759975551799395
1981760693868314764
1981761455268471228
1981770910182125945
1981771388391391282
1981880891162141069
1981891825012240573
1981901775490740715
1981904079069810811
1981905722070982947
1981906176372850991
1981906452215451833
1981906489318285514
1981907565106880908
1981929074680549547
1981932795720278218
1981941287805935618
1981950442545541467
1981952077552394459
1981952904039960999
1981953527825195156
1981954244052951423
1981954715769545056
1981961063471124797
1981962028416708882
1981962244104536122
1981962321489732000
1981963895763091465
1981967243815878706
1981968336977301720
1981969002261033228
1981969900596867487
1981970564320526519
1981971187690565734
1981972942771679381
1981973278051942503
1981973438211432589
1981974234311049229
1981975080188907919
1981975634432737648
1981982233691898267
1981985374714073504
1981988533335405000
1981988990871101567
1982001697154335063
1982002478758379724
1982003341489226077
1982004584991125698
1982010744523649412
1982010752870285387
1982011949417382119
1982013374075420699
1982013572931834052
1982027041365995638
1982027805417459953
1982028687911641418
1982029498510889192
1982030518972735780
1982033667494171064
1982045493044940885
1982046369889300823
1982047217507832181
1982048024051536060
1982048731915829263
1982049398529163518
