1391647812480163841
1391648913522782208
1391654124324675586
1391656697551212545
1391657449665429505
1391658146750361603
1391660430926303232
1391669623011954688
1391670688067440648
1391683892898275329
1391693052591230987
1391694652131004421
1391705045792698372
1391705971244818440
1391711569889808384
1391727811874807810
1391728619127406596
1391738375074304005
1391743792353398788
1391755885597237251
1391759844143550470
1391759886355075075
1391762554813177861
1391763225885036551
1391770938576834565
1391774706701848577
1391776018512465925
1391778715072221186
1391785287395647493
1391944592556138497
1391958178003226624
1391960302762164228
1392020478525509634
1392040940420751362
1392040943461625857
1392051128544624640
1392058523484266496
1392061917426982917
1392072018300919811
1392092886372536324
1392097271743868937
1392100517359226880
1392101223696801799
1392102420402954240
1392103168905859076
1392105128304406533
1392105509616902153
1392108672495534081
1392110626659524608
1392111453998563328
1392116300424482816
1392121329264988166
1392123909374316547
1392124005126000640
1392124308248424454
1392124768837521413
1392125698177835018
1392125895377264646
1392132498780409857
1392132514047696896
1392138158653861895
1392138161266958336
1392148391635742725
1392148394047467521
1392151389766262790
1392303450336030720
1392305685010862081
1392305808486981641
1392306485447729152
1392307345879822336
1392307726038966276
1392376453690396679
1392377033137614853
1392377440362663940
1392377580200751106
1392379921129820162
1392385702659190787
1392403402043187200
1392408705820360705
1392408708215296005
1392430613353820160
1392431082780315648
1392432241343483907
1392439241028739075
1392442363826475010
1392442695432380417
1392443911256231936
1392443989668753409
1392445086412075011
1392446443336568835
1392446449997082624
1392446457500749827
1392446463918018568
1392447026806235136
1392448197998440451
1392451001672617986
1392453079388147715
1392458612715319303
1392460195482071042
1392461650293182469
1392462416038961152
1392467552299675649
1392469067290664961
1392479735049973762
1392483151100858372
1392483153424519170
1392489341545377797
1392489587327438851
1392489702507180039
1392490087716323330
1392490769554890752
1392492930191876109
1392495313869475842
1392496788297322499
1392496790579023876
1392500391812632579
1392504467178737666
1392504494307434497
1392504927046422530
1392504992834015236
1392506268640628739
1392506314278936576
1392659993992699905
1392694676650565634
1392694678873534467
1392697436401852421
1392732940300218369
1392740727642234886
1392744045814771715
1392744132703965188
1392751146620514307
1392754010155720708
1392767708966449156
1392774589852229634
1392776568443838465
1392789163422875650
1392790229119995909
1392790591965057025
1392793881377263618
1392806881870053377
1392806912924688387
1392818768825380864
1392818775452356617
1392827264509702149
1392835759623737355
1392835854238846981
1392855648799367174
1392855670412640258
1392856996966060032
1392857018646503426
139285929289461761
1392867590603632640
1392867593183109123
1392868426809430018
1392868446904360961
1392875986455171074
1392879806253920256
1392880039360798721
1392880134517006336
1392880266369114112
1392880817215459329
1392880969829392386
1392881159151882240
1392881944325615616
1392882079772205058
1392896367828160512
1393023843069882369
1393029073241210883
1393029858284883971
1393041298802704386
1393041628151963650
1393041885900337155
1393046580282880001
1393053510942355461
1393055332096569344
1393094211591827457
1393095381500628994
1393100569191976962
1393114730751877123
1393115118293045251
1393115247334989828
1393115308542464002
1393115417141387268
139311556591747072
1393118507496185856
1393118695417733120
1393118936028258305
1393119299800223748
1393119562825039872
1393119723676528642
1393119929361059841
1393120202460565504
1393125940310409220
1393125979007053825
1393129333611319296
1393136820825870336
1393136967756390400
1393137240960761858
1393143644073254912
1393143718765490178
