1315659192741453824
1315691111076093954
1315692034817060865
1315692164928561157
1315705843522760704
1315876041135517697
1315876216113520640
1315979118287056901
1315988453855649793
1316010272671162369
1316010570634518534
1316024469412962305
1316067220359770113
1316067665346097156
1316199321591640065
1316208197103878144
1316209029400592385
1316209088821227521
1316244167882727424
1316244373294645249
1316244414440722432
1316244425656340481
1316251647425699842
1316259858132336641
1316264039169716224
1316264596240384001
1316265181534511104
1316269645356240896
1316269679493574657
1316271814947999745
1316317568911597570
1316317719415857152
1316351871401955328
1316357923098947587
1316358631147753472
1316358891383390210
1316370044293509126
1316372106427338752
1316378938805870593
1316379093059825664
1316401418387955718
1316408239664230400
1316414198486724610
1316414202760683523
1316585018521600002
1316617767924035584
1316617949080289280
1316617994139693056
1316620718147170305
1316621000016982018
1316621026747326472
1316621460673306624
1316631285905850369
1316641425950302208
1316641770080358400
1316681962317201413
1316681998258249728
1316694797764063232
1316694849551179776
1316706059310964736
1316732711176871937
1316740461730488321
1316740554412048384
1316744810888192001
1316747822587285505
1316760154428207104
1316760158244986881
1316768848469618690
1316769633290973187
131677210502377473
1316781961747197953
1316790803927187456
1316794146561036288
1316796615315779584
1316798902247383041
131684558943961088
1316962433660035073
1316962629085179904
1316964291782868992
1316966247611965441
1316971389744783360
1316986026397638657
1316986107972612097
1316986592842543104
1316996591241154561
1316996689253654530
1316998922498232322
1317018068430643200
1317019126041251840
1317041156434219011
1317046861040025600
1317046864831676416
1317046867851575296
131705195594911746
1317071119170433024
1317072269852602368
1317090087348310018
1317091993273524224
1317104653801148417
1317109849667248129
1317112549930717192
1317307789610373125
1317311838258749441
1317325793131782144
1317326689462931456
1317327438452457472
1317343067444191233
1317344181740736513
1317351399760408577
1317357684367134720
1317357852437049345
1317358387110178817
1317366332157960192
1317380201223917570
1317380240709070850
1317380320073719808
1317391649081753601
1317393003053424641
1317395950059413504
1317395967931416577
1317398868091285504
1317398949494366208
1317402493970649089
1317404603307053056
1317405300123602945
1317420577058033664
1317422983875416064
1317423439351664640
1317425575603044353
1317434132750761984
1317470493583187969
1317470504735756288
1317470508607180801
1317501153899433985
1317516435288018945
1317676933077897217
1317677124837285888
1317707456001183744
1317712079545982976
1317712121182834689
1317716173358735360
1317716446789578753
1317719718141206530
1317727782617505793
1317727830365499396
1317729630565015553
1317733704043646976
1317734179853848576
1317735513080561664
1317742012058120192
1317744630994120710
1317747586107731968
1317748688752582656
1317750662126469120
1317751087965769729
1317778742056423424
1317788758389923841
1317802027708162049
1317802110340100096
1317802193089564673
1317828748918468608
1317828856393314304
1317834370888052737
1317846871931432967
1317849039879118850
1317858628775260161
1317858631396728839
1317858634106167299
1317866404729688064
1317866407862837249
1317866410773598208
1318022065102884864
1318029108287188992
1318029128067543042
1318029303238389761
1318039115187679234
1318045003998846976
1318045052074033152
1318057085003730944
1318058458550136832
1318088258484498434
1318097593415520257
1318098393852309504
1318098765291483137
1318101870582263808
1318110124292993024
1318158140949504000
1318160239967891456
1318160635524313088
1318161448334340096
1318161654413099009
1318162755170390016
1318164595287101445
1318165021579378688
1318165168262533126
1318177438380158976
1318178557273669633
1318180893177991168
1318184546496507904
1318186564644581376
