1995881392417489267
1995881438055661984
1995885716291944897
1995886509078228995
1995886580477952322
1995886614267265141
1995888453893128685
1995901064181416194
1995901162877595670
1995901184524386680
1995912973723074765
1996014016515465358
1996021567873318941
1996036668722491886
1996040514521760255
1996044342264541688
1996051770330480939
1996063615129096384
1996063698935550176
1996066992126918702
1996067724355948552
1996074369433628991
1996074439264665698
1996078189261849008
1996081234007785741
1996081404392988730
1996081568734224885
1996081964693025144
1996091386140180504
1996094355384443019
1996097932773523574
1996098376224702724
1996099156528763270
1996101475995705449
1996101553594441998
1996101698054652220
1996102742037995886
1996109289992425473
1996109366769189259
1996110963511361632
1996111531164270826
1996116003869393148
1996121230618026085
1996122211271442703
1996125720943493416
1996127398874730566
1996127852270682552
1996128902004330866
1996129600448180421
1996131094027207052
1996132619667591627
1996133408930746562
1996136714260320621
1996139853088776565
1996141635466662052
1996142199197860080
1996143055410442468
1996143060871450925
1996143893167923582
1996144576982401081
1996144588596346885
1996145244304515333
1996145408054341792
1996146025887916492
1996146031755657459
1996146037787136246
1996147107913519487
1996147461476483413
1996148390686769580
1996149093656342623
1996149602530312423
1996150029132923210
1996150350819291180
1996151142242570287
1996152149320053106
1996153336819745111
1996153342591176968
1996153878434521398
1996154776262947289
1996154783645004000
1996157704189133012
1996157710132535807
1996161066863378839
1996163134877532666
1996165062491591150
1996167005825810477
1996167666789396686
1996167754743955889
1996168157250335217
1996168350490353893
1996168904247554283
1996170505280524381
1996171052683317403
1996172820158828598
1996173762002399637
1996174948466069615
1996175825381761259
1996176451780194485
1996176863438504394
1996177299407065449
1996178924402090139
1996180991673872648
1996181637684703240
1996182549643845721
1996182939244327003
1996182944571134127
1996184279534182616
1996185128104804590
1996185479612674053
1996187360900567131
1996195135382757504
1996199276914135466
1996199934497108109
1996199965006413917
1996201588646715559
1996202038884180094
1996203285951508941
1996203735715102818
1996205321908547820
1996210313071559025
1996217863976235098
1996218156642382015
1996220694414106963
1996221634689343998
1996225411521347601
1996225814866854215
1996226368367980988
1996229184352399637
1996232971146461519
1996236211015606313
1996247870018904432
1996249301144793224
1996254053869957134
1996255905009303769
1996256022282059891
1996256088677859688
1996258057844895868
1996258376494571846
1996258539032232310
1996258645873664346
1996259068030435775
1996259184279691264
1996259258812579860
1996260130036596815
1996260767570805190
1996260907610227198
1996275691994972395
1996276029518958642
1996282388570395094
1996283771524665688
1996343102689415299
1996376405547118813
1996391505888706615
1996397794760815073
1996400562984595536
1996406604602671368
1996414169080385886
1996421702646218897
1996428748858728531
1996429255723700651
1996429380760088943
1996431092879069340
1996431936324251975
1996441092137615856
1996442011986260074
1996447582973992965
1996447689857515626
1996452789384581354
1996458121875849548
1996459453311234099
1996459984813699505
1996460778850079093
1996460904376852607
1996465501149843720
1996475866352923086
1996477584318824449
1996478769725579704
1996479288015769827
1996479442206830756
1996480221982368146
1996486551212351866
1996489269008072730
1996490296268636183
1996491499731816734
1996492368212795747
1996493449839947830
1996494438542303408
1996495685546602596
1996498015574716812
1996500430164242919
1996519890640134563
1996520980731322409
1996521723899027780
1996522899575017691
1996523540456292357
1996526981429723458
1996528209521967455
1996530212327285210
1996530691463590284
1996531770540671324
