1834945174172057602
1834952379491295569
1834954857582662030
1834955336366604650
1834959571854475386
1834964188122234953
1834967926094344559
1834967946390601954
1834967976635670838
1834968159356366973
1834970259490472075
1834980222640570538
1834981611877933518
1834985023662895132
1835128903733854676
1835134546100031493
1835157094460178894
1835160812803309654
1835165156772659556
1835167031588499666
1835168033720975693
1835168170673393748
1835168337770508476
1835168360860205349
1835168411560951931
1835168597271806458
1835168640888717436
1835170595614736653
1835173244527055141
1835174035304644869
1835185592688058398
1835191600445812905
1835191607710433555
1835191736471036340
1835193104736936255
1835193331795558863
1835201379641462953
1835201704775602504
1835203011976544483
1835204427495375083
1835204714989810002
1835205933523247156
1835207257958555827
1835208137596440985
1835208549862957128
1835209006643609865
1835209505795158489
1835210207959376261
1835210964133609546
1835211381961851018
1835211825857568857
1835212051754471660
1835212977014030510
1835213441440632910
1835213825546522837
1835214218028835004
1835215000492720548
1835215607546917253
1835218384851530097
1835219854816608352
1835219875406532621
1835219900454895755
1835220260418441465
1835220498122207289
1835221131219132655
1835221738394673607
1835223387112603724
1835237302471454845
1835237463335579986
1835239602598318187
1835240956934672847
1835242507371774172
1835252764412199351
1835252771697606855
1835288798122709321
1835303496888774732
1835307288426426457
1835333764215349364
1835334044680085546
1835337712120816099
1835360811868418101
1835360856537997543
1835491291435520220
1835505823763906836
1835521681823076720
1835524165115544056
1835526381939400832
1835539805545058469
1835541677572055267
1835542342969053608
1835547595650855244
1835547655553818839
1835547914287857860
1835549839859605534
1835550402781364438
1835551968892538951
1835552496133288020
1835553022942019693
1835553375079010671
1835557419008598139
1835558435460444441
1835564884613865809
1835565997522297007
1835578607558656394
1835580611571916947
1835582895945023733
1835583260119994772
1835586208057147764
1835588313031606398
1835588899680174570
1835589007599624530
1835589789594358230
1835589793868333523
1835589937674211792
1835591056383156408
1835591251896484348
1835591570344538180
1835592149858910277
1835592349759721489
1835593209210077612
1835593213589266558
1835593674262233596
1835593978412200283
1835594384169165075
1835594780178579523
1835595563938808074
1835595948392927597
1835597053436793115
1835600109582815573
1835600835574993314
1835601412572770350
1835609406056325380
1835618973951353109
1835624648639127620
1835628810554765365
1835628961772319131
1835628997771919438
1835629018030420259
1835629223572336866
1835629355428626532
1835635185129545899
1835644983912931339
1835644987880702082
1835645333181014307
1835645337111040412
1835660993688404199
1835661162240688144
1835664023125102855
1835665033411367235
1835671037960126579
1835672316455317976
1835672496399429660
1835672689924591912
1835688037109408060
1835693376496422947
1835693391058997738
1835697145426444725
1835700673494782445
1835700790175912045
1835700847138726062
1835707372192375262
1835709231812718687
1835713326262685886
1835724697566064758
1835724724753576270
1835727273913471335
1835727484416876661
1835727498350616847
1835729645121241295
1835731755870957626
1835748795998708163
1835750812170989953
1835853680442069496
1835871438970261992
1835871443290374625
1835872475982532864
1835879463264878690
1835880869296312750
1835891139561545951
1835895202600427544
1835899474696405017
1835901038236422301
1835901574612431070
1835902062426775757
1835902633871298636
1835902941724909943
1835904741395546513
1835909357776912446
1835913268528861572
1835913680728305841
1835920505087402249
1835923269326696906
1835925455515304401
1835930190641299821
1835930344043745571
1835931814478729617
1835931846804136302
1835931995806781456
1835932266960126434
1835932314112610388
