1522816348375584768
1522816829127012352
1522818389420380160
1522818392729608192
1522819067609894912
1522822356309225473
1522823844578267137
1522827693334560768
1522827733075587072
1522827983236386816
1522828080150048768
1522828165458006016
1522829260158689280
1522829391721418753
1522829472893784064
1522829585020239873
1522829670445584384
1522829763215196160
1522829845440258048
1522829999044108288
1522830081638289408
1522830191872991233
1522830284223221760
1522830455283716097
1522830570836815872
1522830667343482880
1522830795349495808
1522830908520161280
1522831021799919616
1522831110589145089
1522831182471131136
1522831302105264128
1522831404177928194
1522836785545416705
1522837344877150208
1522837409947611136
1522838066959818752
1522838470007263232
1522839801501683712
1522840181027475456
1522840712261160960
1522841077224378368
1522841652112785410
1522841706810740736
1522841810657112065
1522842056409817089
1522842409482084358
1522842873896394752
1522843107758387201
1522843780692332544
1522844166094422016
1522844356389998593
1522845244995239937
1522847018330206208
1522847985020784640
1522848626170552320
1522848863815536640
1522849873116090368
1522850324951621632
1522850570234580992
1522851616516284416
1522851988869836800
1522852300905086982
1522852540454346752
1522853052801163264
1522853649365360641
1522854178581663745
1522854714609594369
1522855339497906177
1522855576572620800
1522855869796417536
1522856369476407298
1522856753553047552
1522856994209935360
1522858609649930240
1522858870611136512
1522859310132330496
1522859382144311296
1522860185617715200
1522860286088073216
1522860355583496193
1522862698706259969
1522867488945414144
1522867535682899968
1522867649419816960
1522868750550069248
1522868963012534273
1522869158924275712
1522869341628239872
1522871156075745280
1522871552710426624
1522871940209283072
1522875751904997376
1522877909676961794
1522877924520603648
1522877956669931520
1522879168509521920
1522880120767524864
1522883592615264256
1522886637403119616
1522899266343096320
1522912064678768640
1522912146535108608
1522915665132195840
1522915668462505984
1522917773051015168
1522921473068847104
1522927715309199364
1522927761027125250
1522927789338669059
1522930453908705281
1522936049827127297
1522938676275126274
1522938715768639488
1522938741832122368
1522940763646005248
1522940964641603585
1522941026473680896
1522941369215381505
1522941431999987713
1522941498030845952
1522941575449305088
1522947121493979136
1522949266691735552
1522953708124147712
1522953811916390401
1522953865573720064
1522955331944747009
1522955933181431815
1522956004060991488
1522956144180105217
1522956199192576000
1522956335049961472
1522956381631909888
1522966914230005773
1522968424456265729
1522968530383437824
1522970473679572994
1522972195995422720
1522972249015582720
1522972441060208640
1522972770493026305
1522972825589805058
1522972909450317825
1522973015788589056
1522988317649821696
1522990398435647493
1523012137592844288
1523012157754863616
1523012570684133377
1523012605371031553
1523012933353041920
1523013857261723648
1523127524426874882
1523137105630703621
1523154611565400065
1523154693236568064
1523154754486284288
1523154816469331968
1523154865748606976
1523154919221776384
1523154968152514561
1523155016005021697
1523155102860980224
1523155146598875136
1523155199065731078
1523182748055138305
1523188906165891072
1523215293408956417
1523215299620732928
1523238288643227648
1523281029364027392
1523286640315170818
1523287384447590403
1523291971137130497
1523300335644602369
1523325322812280839
1523325622545645573
1523325832088854529
1523496484389343232
1523497370721284096
1523497741925552128
1523497984742232065
1523520968617914369
1523534639893139456
1523541073963851776
1523541079416471552
1523541145657421824
1523541158022246400
1523541187717922816
1523541213768740864
1523541298799865856
1523541321625272320
1523541380760764416
1523541401933594625
1523541422854803459
1523541434502365184
1523544752490041344
1523544757502238720
1523546486214062080
