2001357397672235209
2001449835166339349
2001471295771607105
2001472845839503711
2001474468447936926
2001480034205470837
2001481443743252883
2001491492075114999
2001492118469333478
2001499865457832401
2001501296789184551
2001503888785187259
2001517657506680863
2001523716472344589
2001527631762837597
2001531032160604359
2001531991733473671
2001533157875777689
2001537779243925608
2001539487961338325
2001540993406087189
2001542112748429717
2001542126656799057
2001553333484732702
2001553778974298506
2001557594624921903
2001559137948516557
2001563714743640274
2001574791212618040
2001575342130237847
2001575881882636636
2001576330320822422
2001576850028663201
2001577557460947100
2001579738163482754
2001580658163142890
2001581658693374038
2001582455283957859
2001582572669899259
2001583914419392954
2001584646832963817
2001586016931770430
2001587011862564892
2001587656841662922
2001587662529183933
2001589272491749798
2001589277688504542
2001589283506004053
2001589484840956336
2001590165656211744
2001590246883185002
2001591067830030673
2001591145592193354
2001592573480309225
2001593272754655486
2001593522001187192
2001594148739268706
2001594930247151983
2001595510046777621
2001595551780057561
2001605633636978979
2001605637940351467
2001606828317368599
2001606834424287572
2001607545102991841
2001610467547181454
2001611963546374556
2001613917383180303
2001614427158937996
2001615055088201926
2001616000656249150
2001617459896529188
2001619426739908904
2001620083681161600
2001620596971770058
2001620729641791560
2001620968918438161
2001621251106967567
2001622109983023592
2001622400832802928
2001623804523815121
2001624635591532679
2001626234778960168
2001626735411171794
2001627315311354246
2001639304351879529
2001644536536420688
2001646028727160835
2001646034985107563
2001646129088184634
2001648840483717213
2001648845223317512
2001658676323717601
2001660734728785945
2001661009615032554
2001661726954262968
2001667954598121912
2001682427111166316
2001684814219612514
2001687326372827366
2001701438188294613
2001701468618002536
2001728728272130280
2001812222465450256
2001842422439989607
2001845211815870793
2001845689433887001
2001855056266825939
2001855428549038295
2001856687976968196
2001857520911208621
2001873745892512130
2001888202362441876
2001888670106948049
2001889371520463292
2001890528263311736
2001891068288340005
2001891623756796127
2001892263774032026
2001902692256596138
2001902993197978079
2001903216548811165
2001903799414460569
2001904624027209751
2001905622951088225
2001907230581625217
2001908432845312185
2001908495256600604
2001920225412026414
2001920615188705760
2001921167511409055
2001921690255921599
2001923006764036478
2001923598928482768
2001928108472176807
2001931573625749645
2001935621494038736
2001936322379108621
2001938695679795514
2001946025481920943
2001946030867402785
2001949274721112084
2001949603789500580
2001950225683055059
2001950965537427487
2001950969270276236
2001953211608072490
2001954270812450859
2001954276197949889
2001954279029141906
2001958100522450962
2001958641122103631
2001964307094053290
2001964694333243673
2001965563346923981
2001965588705632653
2001966059092656585
2001967010956374502
2001967845928997198
2001968965934030945
2001971627496755429
2001973752767336727
2001977680082927822
2001978664813301953
2001978670169432523
2001979959297130687
2001982068784595338
2001983216518144080
2001985444054188035
2001995673831702813
2001996110433550507
2001997082606059998
2002000184751116560
2002000189184455150
2002000407892258901
2002000521713045869
2002008781727899991
2002021501890093540
2002031172713640384
2002036882713292941
2002038974437818561
2002039907813077190
2002049032559190476
2002051997294612730
2002052473884914000
2002052847807135777
2002054217612337524
2002054712057889153
2002059164093501597
2002059199958917586
2002059221899354195
2002084366542057631
2002096491989774542
2002174735455822315
2002182165636038975
2002182411824529902
2002182537330987234
2002204810628452578
2002219908499652736
2002227099374153780
