1922219347407212735
1922219391367643143
1922227315053928805
1922229722009735538
1922232176298295776
1922233974585197053
1922235205835751684
1922236828762902979
1922238280004993232
1922238764971126911
1922238956499816751
1922239780827337015
1922241854713565284
1922243303237681363
1922243596809363724
1922250896982814915
1922251471111782453
1922252075854963064
1922253860430565643
1922259117311209770
1922259841323573352
1922259879428763772
1922261021961470227
1922265864671260738
1922265920036098079
1922265948993814618
1922266062663332156
1922269591377482084
1922280384282128513
1922281966881198451
1922283053520470134
1922283343455867278
1922284791363178956
1922286256140038608
1922292033537839202
1922292935321694275
1922302603322376690
1922302757194662025
1922303086883688805
1922304495200973284
1922305168214749681
1922306674930393354
1922311472715059263
1922313074029011064
1922313131482558573
1922313257190060036
1922314568031768808
1922315722442867145
1922316935384994234
1922317697817227307
1922323807580135850
1922324675268387086
1922329890264629768
1922330238907761162
1922330653036560427
1922333858432790717
1922334100125306998
1922339403579429018
1922339848264024438
1922340773632078154
1922340866506518899
1922340959242621330
1922341668025450990
1922348928525107206
1922351945982812175
1922352110345076857
1922360673876558204
1922386686685937722
1922480691503132989
1922484744819720543
1922484810196353206
1922488225446150398
1922488329049620688
1922511796881015087
1922511878283997204
1922530548364263503
1922536578179633272
1922538338051096992
1922540931515076996
1922546777141531031
1922548590020325840
1922550070538322298
1922550708282314997
1922550934187409485
1922551377030479936
1922552228021219825
1922554254193291596
1922561106964361598
1922561397218558274
1922561583252963417
1922562816248045956
1922563313180832253
1922563563090026831
1922563741322760615
1922564797943398473
1922565801795534962
1922572207403757625
1922572781440377099
1922573335780553106
1922574257852219778
1922574543563964536
1922574844316553377
1922585536734036443
1922588244828377255
1922588250998227270
1922589695310962787
1922590008990416921
1922590302562648241
1922590811453088135
1922591098746122333
1922591923203973419
1922593373489389629
1922594090593521710
1922596172373664086
1922598241595765032
1922600381055390016
1922600967163580822
1922602437451698599
1922602528643908049
1922604276716843488
1922605130781974941
1922605665077301312
1922606311277056197
1922607102888960205
1922607200536547476
1922607708856869276
1922608308017418435
1922608378523599117
1922609161084272724
1922609343289082285
1922609661586346398
1922610234796712383
1922610360470614415
1922610947375399227
1922611546615578946
1922612382863393000
1922613175301587279
1922613780921327701
1922614055186919663
1922614064083009731
1922614370028204384
1922620984407781680
1922621555504259385
1922623498666541412
1922623505964634489
1922623972782276698
1922625340280594462
1922625345368293806
1922626565088682456
1922627474514403654
1922627915071488503
1922631032160796684
1922631177065656800
1922633631719211295
1922637522099732965
1922637880473612592
1922639719592018117
1922639856921932241
1922640351140925767
1922640934811972021
1922642099695943834
1922642542362857773
1922642967925321948
1922643013303406771
1922643459359293473
1922643843675009348
1922644259582173211
1922653850978144516
1922654216872432072
1922655757637759004
1922656782314279062
1922676844333048308
1922679781122060658
1922683569626837274
1922691635453870572
1922692407784517750
1922700132807499810
1922701405241905460
1922701432005820646
1922705066919641545
1922706609609777213
1922826109906796610
1922826267314810956
1922826364572274887
1922826431890919489
1922826925795406230
1922827009568170190
1922827364653793323
1922845853124833440
1922851412737741161
1922863366734794767
1922881378334507280
1922881992716087501
1922882893254217915
1922888786410668164
1922890047331741796
1922890834988478907
1922891091604295921
1922891781064008035
1922892037944185188
