1509063635921821699
1509064633948127234
1509066351809220608
1509067822298591232
1509072261491609600
1509072297134465025
1509074201507876864
1509074598708772868
1509075767258345472
1509076419619397633
1509077502920392711
1509078093012512773
1509079853370204162
1509080408918728704
1509080411292708864
1509081244285353986
1509081815604428800
1509082953120288770
1509083000977620996
1509083003339022339
1509092985455394818
1509095786646159360
1509095789414731776
1509096798094503936
1509100007583981572
1509100872684302336
1509101288193413127
1509101379888947200
1509103231841890312
1509103314662993927
1509103926746169348
1509105160076759040
1509106111928217601
1509106251329794050
1509106258476867589
1509106326026170372
1509110171330813954
1509110211600334851
1509110236262842370
1509118090700754947
1509118315717103616
1509118333039550466
1509141822420905984
1509146440714444809
1509147202932772866
1509154700670631937
1509156730227531784
1509157589464289281
1509160815391571968
1509183372840501251
1509183382843928576
1509188064114929664
1509207201763950595
1509207483965128706
1509207770633220101
1509216738155851776
1509226276380368901
1509250661644632064
1509250664597442560
1509329350730006534
1509329457282093056
1509329489267867648
1509361690500030464
1509369252259971077
1509390122013556736
1509416010691932164
1509416181437923328
1509439682396176387
1509440016145350662
1509440088371245056
1509441740469538818
1509441774061690883
1509446558797860870
1509448125286858757
1509452417133268998
1509452450616381445
1509454877088309251
1509465410483081216
1509466268184702976
1509471138807971841
1509474047653912579
1509474933717364737
1509487743071821826
1509497120977723393
1509497616429592577
1509498533078245386
1509498856366813185
1509499656526475269
1509500603659030540
1509504287411421192
1509516074894594052
1509529327204855808
1509532737077620742
1509540829119287299
1509541223543222279
1509541781238652938
1509546299552534532
1509550240843534338
1509550245893447681
1509555938738700288
1509557836489314304
1509759568221335559
1509766717870075906
1509766742222209026
1509766756449292290
1509774595460501507
1509776154852732931
1509777246109978625
1509777311553359874
1509780835498541056
1509781770442473478
1509783418631954435
1509787789939773442
1509787797132959751
1509802373559947264
1509806963353300993
1509820123623813123
1509839286207594497
1509844734868484096
1509844892859592713
1509846349604220929
1509847465247182854
1509847942173057031
1509848963318382595
1509849573589590022
1509850524803231745
1509851365257883651
1509852876654350336
1509854289090342915
1509858632875208706
1509864420763000836
1509866237567725568
1509866974129496064
1509885280110620674
1509886821164982283
1509887932223549440
1509887979635937283
1509890645741080591
1509890865518448640
1509893209492582405
1509898201611968514
1509898464636727300
1509902226445135880
1509902244161863682
1509903505510711298
1509905560904249345
1509906000882458625
1509908181002063877
1509925192952283141
1509933904349728772
1509938335657066500
1509946186144251907
1509983927288532995
1509984046322892805
1510104759201542153
1510104768445759488
1510110714920202242
1510120245356216323
1510125635091705858
1510125646084976641
1510140808304812035
1510151046303141891
1510151166713233410
1510153411412787202
1510155764609912836
1510156062623600640
1510210048890339331
1510217472296714241
1510217860534087685
1510230995869392900
1510231016719364099
1510232544423211009
1510236053726117890
1510238598913990659
1510240362333634562
1510248085402034177
1510248207452098563
1510248962095480832
1510248998619480074
1510249063505358849
1510249086855049225
1510249129062338563
1510249157122211841
1510249289410572288
1510249320876220420
1510249437217816580
1510249463562272768
1510254611772612608
1510314425710182402
1510331429083041793
1510474401065553923
1510474814288711680
1510483119337402370
1510488991929274369
1510498614719614979
1510508338844672007
1510512283775950849
1510512672030146562
1510517358557040648
1510523451370397700
