1934936635453694273
1934937294831825281
1934939786567176205
1934940805602631690
1934941409574092928
1934941414011687231
1934943171764797520
1934943174537220455
1934943544206315774
1934944957380620458
1934945329226600534
1934945335094415670
1934946345825259652
1934949270182117682
1934950622631284830
1934952709934956790
1934954025449120109
1934954829954093152
1934955155205870025
1934955994590945387
1934957062859149664
1934957179326644230
1934958313663582271
1934958316691890637
1934958747539169768
1934958898844488132
1934960997556707348
1934962815066103991
1934963132012929365
1934963335793086764
1934963912308609329
1934967965973438519
1934969518578925691
1934969569598406760
1934982318667784691
1934983684622262578
1934983690930532782
1934983976210309368
1934984545188909147
1934985080860254234
1934985385081209125
1935017740731109526
1935027814077710561
1935043480000282935
1935174551647961272
1935185708026900676
1935202336001175764
1935202615555399911
1935202731935031342
1935214215943569504
1935223360830484787
1935229967866151341
1935231331052454391
1935234093358399514
1935236805034725767
1935246179320873224
1935251411245342978
1935256623657947472
1935261287963086950
1935262237876437301
1935264276148826236
1935264522861998591
1935264988593275212
1935265483869274261
1935266532420161892
1935267274929357274
1935267554433364246
1935268058861551701
1935268154818621530
1935268789429448900
1935269301512204419
1935270205283790949
1935270506288283868
1935270991405482490
1935271094128345300
1935271665572966483
1935272640668963036
1935272822659760337
1935272830280638575
1935273224331477386
1935273669829251355
1935273751052194099
1935274148802027840
1935274685622559048
1935275383282352553
1935276400099082688
1935280389523914998
1935284039931580863
1935286153747513630
1935290374521766174
1935290710158360837
1935292313280106579
1935292359388053621
1935292940638916810
1935296041676587126
1935297564905193853
1935299017900179559
1935302034187850162
1935304581615075694
1935305102858011143
1935305769513271630
1935306214931321083
1935309059315613829
1935310256198091258
1935311737374523835
1935312420253352331
1935315535157456914
1935315813332041838
1935316559502938428
1935317594288046547
1935318689370489188
1935319152178376739
1935320703232016524
1935321109857190078
1935329456362762595
1935331213776142379
1935331935414534497
1935332932073472508
1935332940013306202
1935335589332795663
1935336089516187794
1935336168536891618
1935337518549057672
1935340203457265856
1935340861799416174
1935346206399680767
1935347359220981819
1935348257422540879
1935349062183829582
1935349592406790500
1935365255666012246
1935366440439447930
1935368017241850360
1935368296829956291
1935408962696060930
1935409134758936862
1935510000127864973
1935516674590900729
1935517853668524242
1935545695639060924
1935545752761299102
1935555643047317667
1935560922287976648
1935561309774557367
1935565708689375643
1935567361127649638
1935568293492084764
1935572092394885534
1935573994377523449
1935574038128021565
1935574063142810086
1935574115517083930
1935575278090408345
1935575900025999790
1935576482782617721
1935576787918143615
1935577355873096147
1935577494696157365
1935578230372663296
1935580673093533714
1935590469809094659
1935600926959837241
1935604242997448899
1935607418605699355
1935612469730533496
1935612554337743276
1935613514158153796
1935613518461472989
1935613913728512347
1935614471558308261
1935614478512463952
1935614485437259898
1935615586936955124
1935615952844128574
1935616549454270783
1935617531261125050
1935617620100964791
1935617626278875166
1935617951392305320
1935619292407406773
1935619296706597075
1935621762806698473
1935621767210373414
1935624737062805986
1935626449245118695
1935627502774296677
1935627993965371471
1935628979681235268
1935629584894132614
1935633538805834201
1935634443118723224
1935634655845425570
1935639915213000858
1935640302464729588
1935643015617601883
1935653511901147176
1935653795490648295
1935654043340431615
1935654767730299103
1935656219936694664
