1851523911995048254
1851525729038610533
1851525926892491211
1851526797386502599
1851529439089201500
1851532703449174155
1851532804405780782
1851535826632495572
1851536795516940769
1851536972961268045
1851541950752833750
1851543619204681945
1851545611968913423
1851547083045736548
1851548206347260138
1851549986514751889
1851550748355498407
1851551852275630110
1851552056676430137
1851556020512043481
1851556325282464030
1851557564447883566
1851558203185934473
1851559799479296003
1851560848835453263
1851563379179262371
1851563445222809877
1851566339418476623
1851567385574023389
1851568908433498340
1851570088811679862
1851570764341768661
1851572735925010677
1851574132661760306
1851597341612294526
1851598573156127118
1851600347879329878
1851602253154804220
1851605327701262571
1851616711197520353
1851652476061282628
1851655772498960596
1851657142430052736
1851687004863652197
1851687638341927274
1851687642808942613
1851691194151248253
1851691201059262587
1851693577400914045
1851693643490562386
1851828064692637703
1851832128834801976
1851843277173199063
1851844799097180341
1851859306041180333
1851860801029628299
1851862389257351539
1851863381763846170
1851864565862035948
1851899955675328905
1851902105151279565
1851908766406709313
1851918789438509188
1852002330964541665
1852191335165427876
1852198387413815657
1852199118984355864
1852204457188344101
1852204829722186028
1852213358876893646
1852218913309733179
1852220894728651245
1852221533282013421
1852222634030961126
1852222828411498557
1852223159396933846
1852244085882655104
1852246216488423480
1852249900446290235
1852254239806099628
1852267398424117752
1852270867809743264
1852281930802442413
1852295091614048268
1852323510556746163
1852330905517371791
1852357909482807681
1852399221648846974
1852534850940739792
1852576300113985779
1852576893293429170
1852577250513998243
1852577494840565782
1852577942997528579
1852578405554012566
1852578703995502875
1852628117656871290
1852639220399329482
1852654075353116692
1852657506763587983
1852659885512724927
1852664722098885016
1852666908455370991
1852680050887606370
1852717239121920289
1852718169334694057
1852719559725502714
1852719566411186528
1852778927170973992
1852780149684764784
1852948102061207588
1852950959519126007
1852950990808604983
1852951015781536083
1852951342295470533
1852954018470838659
1852955665817543004
1852955975759941643
1852961579694006538
1853000457633054811
1853000554089492835
1853012826270691775
1853068591949549948
1853070145607860344
1853084027559059884
1853106147026206828
1853135210373857381
1853292593422929926
1853293047448232204
1853293692582519087
1853297370156409218
1853298612773491110
1853307730767032774
1853328983942967310
1853338894592569569
1853346009545638315
1853348434956464563
1853349523562852397
1853351274449928334
1853353207764054448
1853353995596619959
1853355589239443526
1853356614343872618
1853357494824996966
1853357998686499076
1853358752298045649
1853358757260206260
1853359579884572796
1853360734375235727
1853361278070423664
1853362306161504353
1853362610218926348
1853363458814968015
1853363630823137655
1853364634176143798
1853364928293335099
1853365209383018949
1853365442624012538
1853365733092450751
1853365737190306076
1853366052987486346
1853367349237125147
1853367356523008080
1853367846308663422
1853369094663233858
1853369601112850607
1853373032078979250
1853374060052316538
1853374064296894550
1853374892869321109
1853374896195109307
1853375489630409217
1853376274040820124
1853376609744826713
1853377022623420705
1853377027027657026
1853378518023057755
1853379207738323060
1853379678553399303
1853380282826776981
1853380285930557930
1853381687700324697
1853382143377908042
1853382338413285484
1853384166609682807
1853384194103390718
1853385099531927841
1853385129168953689
1853386388865217004
1853390529188565197
1853391102193086551
1853391108015034454
1853392129932099896
1853392293757071869
1853393145419186670
1853395605722415142
1853395828255424660
1853396531082101138
1853396987187527706
1853399295044513893
