1519352129168629761
1519352556949975042
1519352768762286081
1519354674058473473
1519355962586411008
1519356096015519744
1519357799226314753
1519358485590573056
1519359984156692480
1519364068985143296
1519364907572989953
1519364956193386498
1519365027920109570
1519365273513771008
1519367103685439488
1519367144504381440
1519369310225207296
1519373377785384961
1519379434134212608
1519394590830514176
1519408948662902784
1519409087355953152
1519409232642457600
1519520348567654400
1519525802819600384
1519530772276805633
1519536616259289088
1519546470562959360
1519546748347514880
1519552219561230336
1519552223763910656
1519552365224882176
1519553924113760256
1519553928563916800
1519555394334773248
1519556363802005505
1519567660014481413
1519569121532256353
1519570937586143232
1519571238384857088
1519571981481709568
1519574190801661952
1519574957042274304
1519576866549485569
1519578127768293377
1519583409978626048
1519583414047117312
1519584282733293568
1519590920177729537
1519591084007235584
1519591437658394625
1519591503240531970
1519594743306817537
1519594860009127936
1519613281056346112
1519618305606447104
1519620234252267525
1519621357776273408
1519628993284042752
1519632093013508097
1519635099473514497
1519635466508967936
1519644800425013248
1519651832381186053
1519682189998182401
1519685351391907840
1519685537002835971
1519690455277252608
1519691109814857729
1519695885289988096
1519697299538018305
1519697892256198658
1519698277595480065
1519698421799538688
1519698482780536832
1519698527449870336
1519700219063332870
1519703845869596672
1519709621836943360
1519718704795521024
1519727020518756352
1519729219424894976
1519733166642466816
1519733411614986240
1519735793811886080
1519835170538328065
1519835798224662528
1519835819150024704
1519858476507226112
1519897027941142528
1519898864589086722
1519908114631655424
1519908119580909568
1519909173332692992
1519932799607660545
1519935829937848320
1519936596811780102
1519937681752731648
1519938792961970176
1519945650330251264
1519945747910709248
1519946861259345920
1519948001942200320
1519948009139630080
1519948940803657728
1519949023855390720
1519949061843189760
1519949090737778688
1519949267007602690
1519949555680542720
1519949624760729600
1519950906259042304
1519951243841441792
1519953792552534017
1519958810294505472
1519960344080179200
1519999799915081730
1519999908325249024
1520000791826018304
1520013742360375296
1520014007079694336
1520019467308498944
1520030682663194624
1520042420909789184
1520042611238526977
1520044832541986816
1520049728926502912
1520050412749209600
1520051445038710784
1520052297686224896
1520052385980502016
1520057171068604419
1520062774294249472
1520065295091900416
1520079722331336704
1520080737957212160
1520081267349684224
1520086037514842113
1520086646544551937
1520090099379503104
1520090633654145024
1520090682815578112
1520090726964789248
1520108760311951360
1520108847691894784
1520108908643491840
1520109126151700480
1520224487593373696
1520224522523521024
1520224748621688832
1520224993124417536
1520225047902060544
1520231055537872896
1520245019361579009
1520247225485783040
1520252935917441025
1520258485220372480
1520258605643034624
1520264087250243585
1520265521379540992
1520270203334316032
1520271506328420353
1520274057471873031
1520274093974892544
1520274121351118848
1520277658936164352
1520281332781584384
1520281678677442560
1520284512156291072
1520285643573972992
1520287802063134720
1520289142890201088
1520289838066544641
1520290057550131201
1520290956523696128
1520291437434515456
1520292266954297344
1520293205975384064
1520294731728945152
1520294740436357120
1520295851217735682
1520299242178646016
1520303244571930624
1520304941981585408
1520305456454922240
1520305584569942017
1520310842658783232
1520312133007056902
1520314280779730944
1520336978147180545
1520338655910322176
1520339243767271426
1520339361660735488
1520339408032960513
1520339445559422976
1520343567180259328
1520352617574318080
1520352669529161728
1520353549842280448
1520362134601105410
