1900450175203893285
1900450412832145598
1900450783306661938
1900451444970402021
1900451805034930363
1900452381848199500
1900452549586456980
1900452709373010193
1900452907688001629
1900453123803799774
1900453206985195764
1900453401747435933
1900453681658814656
1900453799397122193
1900453943530172717
1900454174942519437
1900454926842814777
1900457044932763700
1900461795611144596
1900462101602140422
1900462196938973521
1900462201271644616
1900467353902796869
1900468881325457868
1900472742085808450
1900473640250224954
1900475754624045073
1900475967753339389
1900476168207245482
1900476257252557306
1900480361379016866
1900481923782459599
1900482492722991254
1900483217993642224
1900486830065070187
1900487788665131216
1900494887013020096
1900495513923063921
1900496098130804906
1900498853213917622
1900499322958962741
1900499896802931111
1900500355948986462
1900503888006123665
1900504063495864353
1900504442505695585
1900504454534971552
1900504721489789413
1900504846543028231
1900505205827047628
1900507476652392604
1900507836188070079
1900509324050592111
1900513996769575238
1900514275095200051
1900525140661948724
1900525402046779558
1900525765428703648
1900526126847701000
1900526261518164419
1900527054065692810
1900527218046148976
1900527355103465518
1900528646890344867
1900528726955508123
1900528851610149075
1900529012264382550
1900529130871144695
1900531337255330157
1900531474404917741
1900531557007552948
1900532722352734222
1900532734273130748
1900533345123287478
1900533552485405032
1900534731969839529
1900538324559032702
1900539858399175096
1900540416698765444
1900561624366489719
1900562182896579001
1900562656127541259
1900562769801519138
1900563943573381329
1900564340794957909
1900565100647551288
1900566338877469176
1900566347903643842
1900566352525398031
1900566352647372821
1900566367562023395
1900570920525386012
1900571425611845849
1900573957688087000
1900575649888350311
1900577826488955314
1900580007061467236
1900598888618418310
1900739298263265536
1900743031550341362
1900751306395963794
1900760132239429723
1900766847206912150
1900767005030183358
1900767181434138721
1900767305858163041
1900767566391591102
1900767708112974066
1900767884932247865
1900768027190411773
1900768139409059978
1900768311329386958
1900768456448111063
1900768578661740942
1900768760543302106
1900768875400335469
1900768993306439740
1900769578659004733
1900769719629869204
1900769851557507501
1900769981081833736
1900770082365862093
1900770239027310966
1900770331285221519
1900770437354901776
1900770562361962601
1900770766880469115
1900770937223737485
1900771036850995350
1900771146263593258
1900771277151105043
1900771367949144175
1900771451462185241
1900771551605387646
1900771715694969315
1900772499094466968
1900772829542727950
1900773096887644297
1900773232766317062
1900773470427832826
1900773503927783603
1900773666767729058
1900773695854932222
1900773769045831836
1900774037745528844
1900774151042068791
1900774247456555398
1900774382785478888
1900774486116347973
1900774494848909357
1900774612117430362
1900774854682673155
1900775043459854343
1900775172447367657
1900775452316160360
1900775705291763900
1900775835185148417
1900776211187388739
1900776608467915010
1900776725363175758
1900776855705448695
1900777430593532064
1900777556623978957
1900777715172864393
1900778741380317479
1900779157413654987
1900779310044287467
1900779453418271157
1900779829584425006
1900779925797494870
1900780104797544955
1900780225652470142
1900780472495743143
1900781118733140241
1900781270407540897
1900782248200196527
1900782252746821715
1900782613570220363
1900783203134435782
1900783207257436456
1900783468231225596
1900783728256774417
1900784701583094203
1900784705081143598
1900785232179310788
1900790443715293271
1900790505568702888
1900790942296109473
1900791304860393848
1900791892687942093
1900794434968515064
1900796174380261466
1900798039997952471
1900798054783218106
1900799698237350260
1900799821973176673
1900800232432288148
1900800366343843956
1900800925901746351
1900800928967741491
