1229358090073411584
1229359917405855744
1229360584166014978
1229361235696599043
1229361952306020357
1229362819105087488
1229363956717768706
1229364572391231488
1229366087407398912
1229366889517731840
1229367562418323456
1229368579075633155
1229369109130792962
1229371263816126464
1229374309417619456
1229408360006467584
1229438814273163264
1229570823272353792
1229583841095974917
1229586805307080704
1229589480060981250
1229590829804720129
1229591959678963712
1229592162100219904
1229594881720541184
1229596710030233601
1229600327189417986
1229600379127521280
1229601690984148993
1229604594600140800
1229611526341955590
1229611895465938945
1229627091571752961
1229629903483486209
1229633822976704512
1229701737134452736
1229702222688047105
1229722394413039616
1229728944884072448
1229730739953864704
1229731173737197568
1229736515556630529
1229736956419903488
1229737623377211392
1229738396689387521
1229800167127175168
1229934996204376064
1229935476414353408
1229958580993806336
1229958734937411584
1229963636522635264
1229963942430011393
1229964620279898112
1230000019010228224
1230015402756861952
1230021026165088256
1230032715346395137
1230032717384781824
1230045097812725766
1230053475276296192
1230055469173149696
1230056665128591361
1230071333473550336
1230074235764133888
1230074822652096513
1230075366703677441
1230076099293413376
1230079219872366592
1230080463739351040
1230081084865441792
1230081541880991747
1230083641830604802
1230084220262862848
1230084650682290176
1230085393267060737
1230086260850483200
1230086675667144705
1230087295128068096
1230087486824579074
1230121133548027904
1230136446545100802
1230137260814692353
1230137877159219200
1230138766334943233
1230139415172767745
1230141117993144320
1230145013348093953
1230157187323957249
1230299908126543872
1230300118240251904
1230308730157199360
1230334807420395520
1230335194625912832
1230337158273171456
1230371790049820672
1230371865371140097
1230372503807152130
1230378445592379392
1230379011508883460
1230379040608899072
1230380157313024001
1230381367596208128
1230386624371949568
1230387588671754240
1230388724640305153
1230391374211473409
1230392494845644801
1230396996961259520
1230419054017433600
1230426650778750976
1230426680386367488
1230434011274547200
1230434216761942016
1230448175607095299
1230448367089700864
1230448435658137600
1230448584367190016
1230448675412938752
1230492605932158976
1230507637533499392
1230509295365763073
1230533050288623616
1230551543193186304
1230679711316987904
1230685004696473601
1230699560403472384
1230722136827813894
1230727849566339075
1230733363150852099
1230735148477382657
1230737975887065090
1230740227079036928
1230749905678815233
1230752151015608324
1230761612811702278
1230762004840767488
1230762092233252874
1230778813564342272
1230780311182573568
1230815424188747776
1230840917944193025
1230854983702069250
1230856633640603648
1230861372105191426
1230861439226634240
1230862195140882432
1230871000746582016
1230879513124339712
1230881355011063810
1230895895622762496
1230896807389122560
1231070906824265728
1231071605113016320
1231095653859610625
1231096599540977664
1231103242945224705
1231124054444269568
1231133818704154624
1231159466621468672
1231159570581483520
1231159808297820160
1231160080298434560
1231160175307841536
1231181442090061824
1231184332435247104
1231189997182521344
1231193936070205440
1231229642406629376
1231256971946258432
1231491446487666688
1231544319141720064
1231545262298091520
1231549659417468928
1231564738590629889
1231600291499298817
1231611216059125760
1231653194708606977
1231801190494527490
1231811058123194368
1231823913467834368
1231824079608414208
1231829280771887104
1231870589242986500
1231874649476096000
1231875146190688256
1231876884201259013
1231881449877336064
1231881479715581952
1231881537261428736
1231882314612822016
1231889818688163840
1231895860738281473
1231896237076406272
1231896981577953281
1231908011527983105
1231908058206355457
1231920157473165312
1231921921010225152
1231935020496875520
1231936193274634241
