1892520727183589587
1892520732535497163
1892521233507315937
1892523853865230740
1892524192047731048
1892524470377562542
1892524863396716578
1892527008816803984
1892527011429831110
1892527472048242891
1892531510189965450
1892532763426951564
1892533589364863110
1892534294486155435
1892534774515843084
1892534842560036998
1892535319024558469
1892535992214491402
1892535996887011368
1892536055582351750
1892536858199904425
1892537085115994401
1892537394295193972
1892537665557336251
1892544063846363264
1892545303208919262
1892546328028180969
1892551323603673092
1892551865763570103
1892553470886183138
1892553794044436914
1892554356605489226
1892561712366457143
1892562999665393720
1892565329072791624
1892568326028853427
1892578275311980702
1892581367697064232
1892583800355672540
1892583803274904036
1892587226892042671
1892587367220875759
1892589953147928646
1892594312220979314
1892596628952924381
1892597190293401781
1892598412932976876
1892599167912190088
1892601878107525192
1892604263232123151
1892627243756880221
1892627270390395128
1892628739177021772
1892645563855684011
1892652984665878874
1892757721390145945
1892761261789618599
1892761532951412753
1892761592128811291
1892761747225706731
1892761866599875013
1892761988142366900
1892762000096207129
1892770310669422687
1892771969076252912
1892772975046258937
1892781409074557074
1892783705187635235
1892783802155749838
1892787616254202019
1892788011714417129
1892791142053208456
1892791190992670841
1892791400552661377
1892796249880813868
1892796678031421919
1892796724864831763
1892797457589031175
1892800810251137293
1892800952987488638
1892803359825871133
1892804766331510801
1892809099156607027
1892810637786698168
1892816988470464529
1892817330289230202
1892822082389438809
1892822583634264376
1892827289467179391
1892829933350899808
1892830654121071088
1892834488729719102
1892834495323119975
1892841704975138822
1892842564627419639
1892842895029522529
1892843729020735767
1892846632833863936
1892847837224096019
1892849542284136835
1892849950654157073
1892855211305181686
1892864633817747931
1892869782199763278
1892869850667569333
1892873144945562123
1892875071007371718
1892875075352776994
1892881067876770171
1892882833074770106
1892884899918467180
1892886022393868368
1892886079495131499
1892889691864912338
1892890711231525099
1892894943011885131
1892895086918111471
1892895090135486750
1892895794556260441
1892896395318751247
1892902513537376722
1892914362387669055
1892916826881065273
1892917927713579323
1892918287664628195
1892918902616687042
1892919082305138697
1892920105832714750
1892920111045972426
1892921995215749536
1892922377618821215
1892922556237389845
1892922591486050704
1892924800160666019
1892925807368208753
1892925894148104402
1892926664163610730
1892927091236024357
1892930794794156177
1892930887727112531
1892931411998298528
1892931667049755079
1892931749102899235
1892932799172399394
1892933306083418516
1892939781241294932
1892940678939972086
1892947315142656418
1892948263227281813
1892948940678381765
1892949587561750915
1892950585303040044
1892950589866184713
1892950596581560358
1892951818592030976
1892951977384137174
1892951982840619372
1892953001783910646
1892953204440330435
1892954115262628174
1892955519943647444
1892956083976622240
1892956622764515672
1892956743849615854
1892958463061561441
1892959090088857698
1892960138136588382
1892960242616668476
1892960312262877328
1892960353652461850
1892960384820351172
1892961860326154662
1892962664516833389
1892963645333586121
1892964546853114340
1892965148371169447
1892965997750997346
1892966507086581762
1892966961531040107
1892968144173514785
1892968148560929150
1892968153128276073
1892968157150884122
1892968515856154833
1892969756355092948
1892970057745285208
1892970725616812231
1892971086549250472
1892977537627693526
1892983534534697219
1892986490944397625
1892987670915129620
1892988357850079665
1892988396370342186
1892988443560382581
1892988474921226289
1892988503006552247
1892991780670579029
1892993228204363984
1893022761439957386
