2007365976040603740
2007366156940915060
2007367090773352727
2007367483523772798
2007368741970198864
2007372778576753088
2007373887919833180
2007374682568438210
2007375404080971997
2007375941081969071
2007376018668171766
2007376038477869498
2007376096527036912
2007376421593956443
2007376885689491774
2007376919998935454
2007376952823558292
2007377023619228113
2007377174639284349
2007377205870112930
2007377229236580607
2007377444412764579
2007377638030225575
2007377677549011325
2007377705906647459
2007378790851457116
2007378807305711704
2007380371529519146
2007380779761127874
2007380828951916750
2007380868256674236
2007380895532232960
2007380937936626051
2007382376461254884
2007382379703480350
2007383905217982962
2007383928710254971
2007384775833858175
2007384786013433920
2007385367524332027
2007385764859105286
2007386112659239333
2007386670522609966
2007387393800974503
2007388015937876143
2007388031989494226
2007388628348215525
2007389581667381286
2007389995053789305
2007390212822053279
2007391277189681165
2007393483691307455
2007394046764036299
2007395406775497092
2007395410449744350
2007397156228084039
2007397707523240445
2007397920262500583
2007398516482797829
2007400894753903016
2007401778846019952
2007402514946371897
2007402745838608806
2007403287537230018
2007404200507125908
2007405938421223474
2007406851969909032
2007407491320316351
2007407579987869706
2007408556283441565
2007409361426231550
2007411194660040764
2007411246526816365
2007411356186894362
2007413753604911406
2007414006525636742
2007415098235859033
2007415343728509038
2007416372746453480
2007417449277468865
2007419492759216355
2007419496794046572
2007420231963357677
2007420390092730580
2007421121499713903
2007422179172880702
2007423343734206635
2007423641965711620
2007425150984302894
2007426541593170117
2007426569447583860
2007426606894329910
2007429850198618335
2007429856108392554
2007431496739762529
2007432657182040508
2007433789325083002
2007434070708629952
2007434755286106433
2007434844637446197
2007435522583769339
2007436487466659981
2007437100170293474
2007437455591649563
2007443957660430646
2007451112815898969
2007451891274514644
2007452627605524990
2007453742636118215
2007460266296943061
2007461694113755601
2007463718758867449
2007469230774464879
2007471908384555489
2007478340265840681
2007479483415118095
2007484436645097983
2007484507059032252
2007484881165791693
2007485931415355713
2007486063078715859
2007486094703767873
2007486856733307076
2007488553346052350
2007488557896871953
2007524714902847906
2007610428478705960
2007640628432089370
2007661863769879025
2007673894183088575
2007702841222406466
2007703256412389674
2007706162486296876
2007708573137240179
2007708589440545007
2007708887382929767
2007720456623989088
2007721744002625566
2007724603817517200
2007725571669930231
2007725722887172244
2007726069248602360
2007727923533623606
2007727975341732307
2007764453325156863
2007767273340391698
2007767277761097750
2007768662313472071
2007786306269856112
2007788476499136894
2007790069135065297
2007790082611458417
2007797206104105329
2007797213167247631
2007797410324414922
2007797770938425698
2007863009335751145
2007868639681376711
2007870424814846386
2007874308396482910
2007875719230333238
2007875884049633743
2007876012206706852
2007876061053480992
2007876199096406207
2007876552932130825
2007876592924831960
2007972815551795423
2008003014628380812
2008018116983357694
2008040889537740873
2008044538229649788
2008046933185867945
2008047339773288766
2008047367841538230
2008047395834343924
2008051592344510817
2008051635189416230
2008052088073339190
2008052614190256489
2008052857778671681
2008053393420620140
2008053624518353219
2008053670760665105
2008054037967786465
2008054630757142610
2008057101239849350
2008059081584791991
2008059682963996695
2008059758532809147
2008064303493157375
2008065740931465288
2008065800406810815
2008066626617532889
2008067376156409906
2008069927186637294
2008071254520324339
2008071470266900967
2008072867397972047
2008076276775686423
