1993929185862336905
1993929210461884834
1993930075448988128
1993931976433389625
1993937623543628031
1993940099734921455
1993940592322334831
1993941012650315844
1993946704014647794
1993957189229400573
1993958089096351747
1993958281954644195
1993960229256745233
1993960369791127875
1993960375352733839
1993960460731994234
1993961352004817304
1993962513558589732
1993962865490055575
1993962871693463703
1993964178474979670
1993964667778273767
1993965816161698242
1993965971179290947
1993965976069529739
1993967071386873863
1993967657889182040
1993967823106773146
1993968653142798734
1993969550984138972
1993970100588957873
1993970280109363639
1993970553565401532
1993971364785737970
1993971411657048434
1993972479615029531
1993973581865472216
1993975520288182743
1993976153036747249
1993983600723960277
1993984202459762995
1993986033923608830
1993986037555880009
1993986745751490655
1993987219644928044
1993989024403562840
1993989527153856590
1993990398013046811
1993990995139256819
1993992659279777953
1993993233442226192
1993993728655315080
1993994231166411064
1993995606621389001
1994001004606706101
1994001364855476563
1994007455249121736
1994008146034176464
1994014868534354105
1994015604215542126
1994016051932393490
1994016572638417242
1994017654831763594
1994018002824765571
1994018332111196227
1994019498266120693
1994019540574126558
1994020261805568008
1994020505079390295
1994021510072422771
1994022194901602446
1994022691477893353
1994023296405524712
1994023939421376680
1994024497767215295
1994025530954309635
1994029902056538427
1994030554036228305
1994031997787029539
1994032198010458358
1994032473135890923
1994033272624697471
1994033396943843758
1994033401289167092
1994033979134234895
1994034443003338982
1994034914165989493
1994035429050601569
1994037250808811804
1994039539359469992
1994039956973740151
1994049263593312687
1994050492004290695
1994051778422378514
1994054169162912090
1994059149353865640
1994063876422295759
1994094413459673227
1994095163057295406
1994096103021793727
1994202077036466183
1994202077413953876
1994217176144994330
1994230567576195093
1994232275907788885
1994238628415857127
1994238702579794090
1994243601316868218
1994247375922045140
1994251070210757037
1994254594478854569
1994254928987164817
1994264752927986032
1994266520252231957
1994278588032667808
1994279714056491291
1994280366270738729
1994281238002344113
1994287332086956476
1994287333903093999
1994292424143982664
1994295331136393531
1994295803675070569
1994296649829752868
1994296914704281867
1994297243697074438
1994300248517431333
1994300623068778546
1994301483089830185
1994302203360891240
1994303869187444913
1994303887373693278
1994305870747046006
1994306556784259490
1994307722766893465
1994310427602309176
1994312854825275790
1994315640849539387
1994315845586321472
1994316067737620773
1994316612233568693
1994317044809191544
1994317462524055901
1994317770691948654
1994318177543532708
1994319155869155394
1994319289466380567
1994320517055087042
1994320524017574044
1994320529088733253
1994320882639229126
1994321600716677372
1994321969639240109
1994322092435578997
1994322641482895613
1994322762723479840
1994323376660230288
1994323469002268955
1994323996951892151
1994324389622636622
1994324759124025728
1994325253909266598
1994326018975490554
1994326024239370705
1994326029335163331
1994326034544759270
1994326211632542179
1994326428658401533
1994327538324156655
1994327544179397028
1994328434978287935
1994328438891511937
1994328813845557443
1994328909244965074
1994329052941836439
1994329116254802195
1994329501262901659
1994329725330968664
1994332859109126270
1994333581204918654
1994334044746928222
1994334083539956213
1994334119736865030
1994334357184516293
1994334772924236174
1994337171960951214
1994339694986117491
1994341719924514867
1994342041443049775
1994348264267694102
1994349128110035417
1994349433916723361
1994349679459307570
1994350920654889044
1994351807372419144
1994351990948716573
1994352583335367024
1994352614134194586
1994353238192398565
1994353406035554349
