1387282138370756609
1387282733987024897
1387286694567710721
1387289882532356097
1387289918037061632
1387290426877480961
1387290618196488195
1387290686576205826
1387302653139423235
1387314532272332803
1387314585976270848
1387314715160834048
1387320474858704898
1387326401993318405
1387328890624897029
1387330867048062978
1387363952070258692
1387364220350521346
1387364791270842375
1387367970582589443
1387367979575250950
1387369214583865346
1387369217310093318
1387374789925376000
1387374861899558913
1387379536656887815
1387379808523354116
1387380021174562816
1387386997153566723
1387387458900221952
1387387614471213059
1387394294999179271
1387409419592376323
1387410954804105223
1387411308383854595
1387413161716764676
1387413390449004547
1387426722484604931
1387433704738353155
1387591633172983809
1387591980759195650
1387598172663390208
1387601599602647044
1387602045989838849
1387602975095332869
1387603028253954048
1387603119928872961
1387615542849150977
1387618430941949957
1387618803161305098
1387635077295738883
1387659470558224384
1387659617019121665
1387659856362938368
1387662176169586693
1387711537847037954
1387723908174934018
1387727625439694848
1387727721141133314
1387727814632214530
1387741740157726721
1387742309714849796
1387747816806617088
1387748154234216450
1387751016762789894
1387779317770244096
1387800211007803396
1387802575106240514
1387805184974233600
1387808771213127680
1387811322494996482
1387813482691661826
1387814301390426118
1387816015921225734
1387816617225031682
1387831262509862912
1388009895652298752
1388009897804009474
1388027238193319937
1388082684581355520
1388084998683734017
1388085246252490753
1388102205081735170
1388115499674865665
1388115544927182850
1388121093685211141
1388124633321271305
1388131462113681417
1388133571173359617
1388138430186418177
1388139235157307393
1388148022253555717
1388148072283209734
1388153890005078021
1388154724130590722
1388158579543207939
1388160008500637699
1388188117832671232
1388199498778767363
1388200568724676608
1388200764204486656
1388201449704747008
1388201569405964292
1388345697838141441
1388349886697918468
1388359995050192897
1388363131970228226
1388363208893730817
1388363228254654469
1388363292377161732
1388364356069445632
1388366029487710211
1388368613590003718
1388373943757643779
1388373976653516800
1388374053837152258
1388374684748587009
1388375219857883136
1388375341882699780
1388375476712873990
1388375621936455682
1388376401305235456
1388376420892639238
1388376533258031104
1388395236783656964
1388406038605402113
1388406375122837506
1388419745628577794
1388436357563834371
1388460718236729344
1388514589818593286
1388518183653445638
1388532607202205702
1388647882803220482
1388802718496550912
1388871610677874694
1388871642894401544
1388871645490651137
1388939358405677059
1388939650580959233
1388940032564613121
1389156886696501250
1389218884855631879
1389239572022710282
1389243108919943172
1389264599321497601
1389264659773935616
1389276622797250570
1389280146251673606
1389280335175712771
1389280982847553537
1389281353351397379
1389281788007092234
1389470237259489283
1389470240128520195
1389486414270812160
1389494503371902978
1389494925213913090
1389498172947406856
1389501426829778945
1389505847701557249
1389509181544091649
1389509660969816064
1389519696408596481
1389521327749406725
1389521371009540097
1389523771468308482
1389527310366253057
1389536694710398981
1389537086575759361
1389538951791202310
1389542965417332746
1389551963365277704
1389559164230266884
1389560056635564032
1389579467744501760
1389586673583853568
1389588391998623750
1389592524130426881
1389601521730424833
1389610215054602244
1389616948867047430
1389635955280146434
1389638225858236416
1389639389458833411
138971422390358017
138971458088075266
1389805229864931328
1389805733189799938
1389812316162514945
1389818378139836419
1389818503222292484
1389818642615832577
1389820272786644995
1389828342996557831
1389829113775411200
1389831014550163458
1389831474602336258
1389832361701896193
1389832554463694849
