1954797540588576839
1954802723724931465
1954803081020887291
1954804337663758400
1954804770406912063
1954806321783488725
1954806477363048957
1954806622125183443
1954807579273826611
1954807720567054813
1954809495072215534
1954809591813849445
1954810761491923164
1954811562662961464
1954812027622289840
1954812476488360381
1954812757028520410
1954812974838735220
1954813216153800881
1954813922201989240
1954814705140105425
1954816204129923394
1954816228540731495
1954816396363178353
1954816402331770959
1954816408811888855
1954816415820554248
1954816686370025973
1954817108874789283
1954817204836254149
1954817566347591939
1954817773638463702
1954817778067677314
1954818022054543803
1954818768342847525
1954819421840552103
1954819496884961639
1954820251566190601
1954821106507874395
1954821852049604763
1954821932609663035
1954821939358240953
1954823070029406412
1954823428365549636
1954823815676211648
1954823895774794077
1954824227498115254
1954826345328087214
1954834739082489857
1954835812266242290
1954836629329264826
1954837531901542871
1954839195442143232
1954840034466533377
1954841309921112568
1954841734841598070
1954842032532603136
1954842528009572679
1954844443091038629
1954845460876714344
1954845898179023233
1954846272248000799
1954846633436303415
1954848911035650464
1954849235695812723
1954849238996619463
1954850806697791684
1954850989283918088
1954859519881662491
1954860267222823423
1954863788047622293
1954864713453764822
1954866682725363744
1954867911966732762
1954868606916768160
1954869282308813061
1954870058833854718
1954870728332804173
1954871910010851659
1954874525100765442
1954874530079416392
1954876939313000941
1954877605364052361
1954879745465958409
1954881173056053606
1954881179066179783
1954882226039959958
1954882393422364807
1954883239036014949
1954883703995260997
1954883709242606023
1954883883658592760
1954884055557902551
1954884609961029909
1954885232139604245
1954885283801162064
1954886034149286070
1954886090420371701
1954886602972643720
1954886721369444837
1954887070100390032
1954887404692861348
1954887728409235469
1954888199114989967
1954888238595965078
1954888826700361991
1954889108435927474
1954889898953154662
1954889947581657448
1954890725239476705
1954894004274741705
1954894374934044711
1954894622838395164
1954896256448536744
1954896261502673277
1954898279831048434
1954899112597320070
1954901137762431184
1954902183855726755
1954903464821272634
1954903778333016482
1954909743295938566
1954911887663013965
1954913143177830523
1954913650314990005
1954918538625654806
1954919950998540548
1954919955759333743
1954921656763429367
1954922216442703951
1954922222084088080
1954936199761785129
1954945914201895287
1954957079967625284
1954961585874800893
1954961607622377880
1954962798943068178
1955066178495238263
1955081161786659216
1955081836474011955
1955097416967102901
1955099032449323138
1955111065211244741
1955114331353280961
1955120675758411995
1955127550641946788
1955128360763523539
1955128844664320346
1955128850741973225
1955131093146911141
1955135910548271211
1955138031125463502
1955141031709561208
1955141695357763668
1955144002711257451
1955145395127939198
1955151318374650187
1955153653817545188
1955162902849359967
1955162907551076483
1955163218097344784
1955164602385449361
1955166832404598914
1955169112545702206
1955169815687205131
1955170377908576448
1955171430041260509
1955173611133865992
1955176096338677980
1955177975693054136
1955182006926708907
1955182669320655014
1955183761869713760
1955184624927416363
1955186526876471432
1955186905567613077
1955187456254546240
1955187649515520400
1955188368318640521
1955190299459981801
1955191460070031587
1955191854863094272
1955193095391429013
1955193420047163453
1955194751856316678
1955195607993237964
1955195613785596023
1955196130226213000
1955198032175304723
1955198091906122226
1955198098067591200
1955199214859788428
1955199219540635810
1955199788393066937
1955202437435818117
1955202443333042408
1955203092644872291
1955203753214153131
1955205788718223422
1955206021124853965
