1269457314945347585
1269457806681419777
1269470796730138624
1269471987698528257
1269475072382652417
1269486119453732864
1269486828463116289
1269487163923591169
1269487206751629313
1269487624411967489
1269533445610278912
1269662664080293888
1269663294513532930
1269681137439305729
1269682153173876736
1269811856387878912
1269825656726130689
1269834121972289536
1269861833294270464
1269861858514616322
1269862672184389632
1269867637493739521
1269899111861555200
1269899326475563008
1269904749400166402
1269914293710905344
1269928430856032257
1269929300674981889
1269933712562507779
1269935022833717248
1269942697025921024
1269960882483720192
1269974856256245760
1269986670876618753
1269986839345037312
1269988401819729921
1269988766317375492
1269989001143844865
1269989315188150272
1269991156793794562
1269992576687370240
1269994626523385857
1269995705680179201
1269996569371254784
1269997050885804032
1269997332034183170
1269998385756585985
1269999673730834432
1270000964695666690
1270007903009865730
1270031908525637633
1270050739243474945
1270051213287940097
1270051236323094529
1270185552671719424
1270190952389341184
1270194372471132172
1270194891293962250
1270197628903530502
1270197716849745920
1270213531112075266
1270225453412843520
1270236927170457600
1270240771296247809
1270252792607719425
1270252828670353408
1270255087592460288
1270256268230496257
1270256569268219907
1270256840706834435
1270256916866859008
1270257035775541249
1270257177618350080
1270257353645076480
1270257358803996673
1270257632092160006
1270257635124637696
1270261007168856066
1270261134210129920
1270265988303355904
1270265991394541569
1270276003915378689
1270281672731181056
1270281812627972096
1270295078997647365
1270321651280904200
1270342336044691457
1270344810654662656
1270352498159521795
1270352612018155520
1270352809754390533
1270352857703669760
1270352909394305024
1270363931509288962
1270402309399314434
1270542822672789505
1270544438742274048
1270551715889045509
1270552505932410880
1270558122919288833
1270562652280897537
1270566107082964992
1270566556880105473
1270566771037057024
1270567444550041600
1270567520894717952
1270568357712900106
1270568474415230976
1270583071075495936
1270583236482101248
1270586777594544128
1270599499702886400
1270606099004010499
1270606741470801920
1270621487087538176
1270625289173786625
1270625391309291520
1270625578958204928
1270625692913242112
1270627719034703872
1270630861629583372
1270734953651728391
1270743987511422977
1270780147185188865
1270793155407777792
1270909661005279232
1270918172791631872
1270933467325317120
1270944811164463104
1270955502592118784
1270971221044154369
1270987452539256833
1270988151859736578
1270997019084107777
1271035850239823874
1271035963091771393
1271036371306676227
1271036725113114624
1271039118416523264
1271060849994522625
1271077597292584962
1271077759855390722
1271078531095646208
1271083739225878528
1271266633642700800
1271266647769112576
1271267016662413312
1271271522259197952
1271273467057278976
1271284143196762112
1271288412457197568
1271301911891734529
1271301913712029696
1271303967524311044
1271305758081048576
1271305770223562752
1271314050996027392
1271314580875051008
1271314811301715968
1271315412366487563
1271324564958527489
1271328379086618626
1271337860256485376
1271339372718276608
1271341822376198150
1271342407636803585
1271344394394841088
1271352061787951106
1271352157833396224
1271356393279287296
1271359076975276035
1271359695094079489
1271359895200165888
1271360179498438656
1271370530696736768
1271374436743200768
1271410747398959105
1271466985465864192
1271467496176934913
1271476721418526721
1271477021026082817
1271620237243244545
1271620306600263680
1271627978267439104
1271632757253304321
1271632952733007872
1271672391454748672
1271674571893030913
1271701493205176322
1271701503745515525
1271721916835872769
1271722011505471489
1271722592160768001
1271722869802676224
1271747400806227968
1271775735540154368
1271776735172784128
1271777015926906886
1271798982293901313
1271806788715687936
