1507439853272956929
1507443721247531009
1507443865229623297
1507443888893882370
1507443913187074049
1507444255056625665
1507444277441605634
1507444572733214721
1507444693814374400
1507444719202496512
1507451484509597700
1507452171318546432
1507461611295977478
1507461760810471430
1507553130904702979
1507553144192237570
1507553156343169026
1507570355199967236
1507570461840146439
1507570514415730688
1507577438297296897
1507591309502033923
1507591317152444416
1507609887756283907
1507610000297889794
1507610171459047424
1507610287532175361
1507610467115560966
1507613124811112449
1507618023473319941
1507618154926985216
1507623588748169217
1507628838771068931
1507628846132043776
1507635526496514048
1507636819030016001
1507641522077851649
1507653814119063553
1507658309305741312
1507658522883809282
1507658548477513728
1507659128721719301
1507661458150092803
1507661548717707265
1507661756054659074
1507661792889085952
1507665429598248966
1507669751320879105
1507675018880503815
1507685495559520262
1507685502111010827
1507689579909844996
1507689582858407945
1507690316832260096
1507690677433380864
1507690681082339333
1507690717799325700
1507691238203437058
1507691714043019269
1507691736931336197
1507692843162165249
1507692845687140357
1507694570410164229
1507712958092120067
1507715263189331969
1507720564319809539
1507720833296306182
1507736049048440834
1507738554952126467
1507739587178741763
1507739590697754626
1507744465917661184
1507744468828450819
1507745674548297728
1507745677404631049
1507776122531971072
1507784162949812225
1507822353887154185
1508001274754609154
1508041960455491587
1508054037521858570
1508060712886992909
1508075286868336646
1508075319877505026
1508075892052234252
1508075944581681161
1508075997677371397
1508076043638550530
1508076104242053123
1508076494756933633
1508081356966088710
1508082223601561602
1508314576236183559
1508325383766429696
1508328619424489472
1508330272491671552
1508345441926062084
1508355555039248384
1508355584177111040
1508355593572327425
1508355616292880385
1508355648765194241
1508355658827317253
1508355674811830286
1508355686287437825
1508358071739101184
1508358270440046592
1508359092599140353
1508360226902507528
1508360275258658816
1508362760803221509
1508362925173473282
1508363375352246277
1508368496614600708
1508371557437313026
1508374143665729537
1508374572386578433
1508375677061398529
1508375858498895872
1508399631205470209
1508428530925051905
1508429873752072204
1508431061197688833
1508432964988051459
1508441783189241867
1508442300309192712
1508469084773511168
1508472217977249798
1508474392954961921
1508474411472801792
1508474495182733316
1508488101127090181
1508490951358283779
1508518926799364097
1508542687267368962
1508614366631182336
1508614377112764417
1508614386356994049
1508614405281705988
1508614422692233221
1508655514296926210
1508667611244277765
1508667696451579909
1508667733231411200
1508673340197650435
1508673785934745601
1508673803521388544
1508685584621273089
1508689736449544196
1508690327594405889
1508692687947706370
1508692713935634432
1508696457792004100
1508697634059419648
1508703560543846402
1508703920482242560
1508707205742161926
1508711922945781770
1508714117259198465
1508720432782131202
1508721443844272128
1508723444354977794
1508725500801273860
1508730134555426816
1508731800931434507
1508732724244533248
1508734503103070209
1508735283940171776
1508735288884924416
1508739464369037312
1508739963545788416
1508741118476709889
1508745605782278155
1508757438064828416
1508758756993077248
1508759791576883201
1508761049213722632
1508769069310246917
1508773825764204544
1508775899516137476
1508835247559168000
1508835285253373953
1508835331315224576
1508835741165850626
1508855885430284292
1508857847526084609
1508923750976483328
1508924918184157185
1508927954105303042
1508971872121024513
1508971987720302593
1508972136555184130
1508972220516765697
1508972235880484869
1509002390967517187
1509054834657603584
1509061206044078081
1509061268291784707
1509061494943612933
1509062360173989888
