1866729140457783328
1866729689857003627
1866729872191787350
1866730507230495013
1866732510115401974
1866733982593003707
1866734048447734241
1866734097911124438
1866735351655804963
1866738791148581303
1866740778371813717
1866744151011889604
1866744518726557710
1866745080197054904
1866746157197836453
1866748268933419173
1866748649939825106
1866752535584968889
1866752540102234135
1866753405944992188
1866754010860097782
1866754557386297503
1866754962316988764
1866760189195718660
1866763799942095346
1866765514049196428
1866767621082980420
1866770199988564433
1866771531801694230
1866786179636662553
1866787633160225019
1866789283992096918
1866792733790355938
1866794711689973902
1866797529419092107
1866797817974645115
1866798497871302804
1866800085935460434
1866802830381813799
1866804592031437082
1866817370871959565
1866818776802734154
1866820342091747494
1866821883058065544
1866825767981814018
1866849486351507592
1866850136581869942
1866850141518565548
1866857149286191528
1866863610473091169
1866863715561418926
1866869449015312717
1866876877316510071
1866900897122619716
1866907261823766864
1866907303863026118
1866908680077398263
1866926953288061230
1866926980459037001
1867019036372111535
1867042669815570607
1867046823296373118
1867047171574599969
1867047428404531358
1867050880958390454
1867051613715857890
1867052225412968593
1867059301073727806
1867065596728533144
1867072994797031537
1867073758777020809
1867074808896455154
1867075952188236039
1867077345993166859
1867077698092404826
1867078098598179170
1867079631561711696
1867082933435281488
1867084630068957284
1867086309971665268
1867088503026385257
1867093970070937857
1867095468213236031
1867096394378674404
1867097280542896140
1867104609174774173
1867104798396526833
1867105635340591389
1867108124450242623
1867109455218856122
1867109514182529380
1867109631891476610
1867111124988203512
1867113199356743818
1867113976607412662
1867113980185153594
1867115926350663996
1867117205768532359
1867121616674755003
1867122745269719344
1867122885900505118
1867122897581748610
1867123227928969386
1867123240130490830
1867123263987687545
1867123268198834272
1867123503255744567
1867124988819751140
1867125558984974760
1867125571790278912
1867128728150753525
1867128732538044727
1867129943123214551
1867130487107682326
1867130491633389959
1867131627681484887
1867133141103869993
1867133147550486570
1867133489478520879
1867134391203303756
1867134716203110831
1867134741188645042
1867135145511440392
1867135522575151556
1867136320109203693
1867136469959315760
1867138061584433376
1867138394738110716
1867138520109990297
1867138588409987418
1867140218304004411
1867140682189824315
1867142023964164219
1867142246728179885
1867142614039818687
1867142628354998557
1867147049046823375
1867150593900548355
1867151465112076552
1867152336550056249
1867153924375093279
1867154745670222199
1867155364032246266
1867155592852508711
1867156123285098843
1867161131200160052
1867161149084713103
1867161793216561370
1867163054951329900
1867168218705715564
1867168793577095632
1867169520919642559
1867170152330203420
1867170576948920805
1867173079258194338
1867174883240898878
1867175931741089918
1867175996673118438
1867180477448397114
1867181965746835691
1867182130780061702
1867182871980753121
1867183036569399582
1867200937644974387
1867202233848439010
1867202423615533327
1867202426274791426
1867204413401735202
1867206261412180444
1867207297728213039
1867212644144521370
1867213088057163804
1867213403028406677
1867214086922224020
1867215545936076927
1867216490015170651
1867217677783318702
1867217840073498958
1867223991259214293
1867224205005045958
1867224223913283848
1867224240950247912
1867224253118156824
1867224265759850755
1867224635764617425
1867227183317762267
1867250199594401937
1867254787516792844
1867267237507203398
1867270988913909966
1867271006739480980
1867279740362797534
1867282823608217996
1867283459758338538
1867284097640587700
1867394599267807648
1867404336818794662
1867419788768923692
1867420646856069222
1867421575617949838
