1412748657711992832
1412771999466737665
1412776526420987911
1412786793041174530
1412787146390265856
1412787345309376521
1412795393109151744
1412796135635226624
1412803056467550211
1412803276156723203
1412807282962829315
1412964711876861975
1412964854026039302
1412966287618174977
1412986699932528641
1412986846896746501
1412987791806402564
1412987943413706756
1412994971330760704
1412996565371736066
1412999979405221898
1413000469723504651
1413003353345335300
1413008034880651270
1413066634613252107
1413067149803810819
1413067472052187138
1413067962819387394
1413072291760541700
1413080400419725314
1413088541039468545
1413096569969123330
1413103355459620867
1413103636255703043
1413104249903280129
1413105586464387080
1413108629759168513
1413109478526836740
1413110140446773252
1413110991886290947
1413124877075288064
1413128533950427140
1413128821377626122
1413129038265159683
1413129968465317901
1413144694515634182
1413146435495686159
1413150946545201159
1413151234349965322
1413151441775067137
1413151918126354440
1413152255373574145
1413158068414681092
1413158903282487306
1413163462788718592
1413166593845063682
1413177756003618818
1413184519708975106
1413185901698576390
1413186079667015687
1413195174671314945
1413319583272824832
1413322929593479169
1413325667140210688
1413325841795219462
1413335976387092480
1413344631182397443
1413344778469613568
1413345034179514371
1413397195517153281
1413417079529611270
1413419634368208901
1413420014330212354
1413420256765235204
1413427058206642178
1413430511528136706
1413433100822933505
1413433115935076357
1413434700866019329
1413468972545019905
1413476090358550530
1413476229273976846
1413477418233331713
1413477882580463624
1413502523294371846
1413502813540216839
1413503000090320901
1413503254118371330
1413503501456396295
1413504024632991751
1413504602012454915
1413529773452627968
1413530071332126728
1413545835770486785
1413545967450689537
1413554850781011969
1413636946950115334
1413637077900554243
1413651425616273417
1413720061492154368
1413720159529816065
1413766785308839942
1413795942596104192
1413796134938570756
1413806349478023168
1413806394583621637
1413828020897415180
1413828268327723009
1413828700387176448
1413829409727942656
1413830124663762947
1413830923196325893
1413830960441745413
1413834296083709954
1413834353633742851
1413835843882524676
1413841977250959362
1413854650378293254
1413863343983513605
1413873669227483140
1413877498295713794
1413880091583533058
1413883119199920129
1413894077955723266
1413894231194697729
1413898342493392896
1413910887501426688
1414067915616243716
1414069384188862464
1414079368452739078
1414087664039464960
1414088008345608195
1414094029176807424
1414096588578779142
1414106235993919493
1414165805432918017
1414207105288970243
1414209127065083907
1414209804009033728
1414211670923091973
1414213933607514118
1414218997474594820
1414222032183586820
1414223431512457218
1414226923434045446
1414232405427179521
1414233301074677771
1414235987375390723
1414236316414316545
1414246158449348610
1414246580253728777
1414246997872181253
1414258554404360192
1414264291302154240
1414276018970382341
1414436257493524482
1414449056122740737
1414449759599747077
1414473668894199813
1414473783868465152
1414482080369496064
1414482411736289282
1414485056119140357
1414485384063438851
1414485593543778304
1414485686405668870
1414488563215867904
1414498120461811718
1414498194981998594
1414519402964262912
1414523230505758723
1414539764670242823
1414554949875159044
1414555359872573440
1414556269675831312
1414557778559979530
1414558392442523650
1414559144304988166
1414559364749291521
1414560903807131655
1414582949203173378
1414583306004307970
1414584031392329729
1414584119967641611
1414584135893471241
1414584442111217673
1414630067175518209
1414633298941255696
1414635019188928514
1414653242978410518
1414653484008284161
1414768094594048008
1414781350956072964
1414796757007966208
1414810236548882432
1414812909603934208
1414812934195224576
1414812995662737408
1414822033880354832
1414826265199087623
