1505582457290375172
1505747713539047425
1505755253517733891
1505764784137859075
1505772911973789699
1505779213999095814
1505782190096850944
1505784517902012419
1505787970171052037
1505789567143919616
1505793179257253890
1505793408753090564
1505793706460270592
1505794535330578434
1505810758642200577
1505820753932918784
1505821155243945989
1505821206515105792
1505821449726046213
1505821529308733441
1505821642127458306
1505843274481029120
1505844490929831942
1505853521568043011
1505855725863530503
1505861384218689536
1505866577387814915
1505872082466267139
1505879551679021060
1505885762511785987
1505887313750269952
1505897996138921986
1505905579298287618
1505906947090153476
1505909243870072832
1505909296844140544
1505909459901906946
1505909579439575040
1505909760847409156
1505909875897171968
1505910040871333890
1505910159813451776
1505912303752867842
1505915258958856198
1505915980236566531
1505918291550011394
1505949044421525505
1505949075673280514
1506125798776111106
1506126374041382912
1506126752912850945
1506139287074799617
1506152461543034897
1506153811744030726
1506155826964480004
1506156408726691842
1506158551009427456
1506159523446222849
1506160373937815552
1506161093189652482
1506161939537293314
1506164686886248452
1506168539698577408
1506168765607997440
1506170571054546944
1506171813843587074
1506172721943949312
1506181407626100737
1506204625879601152
1506207561892081665
1506209149733855237
1506216489803653120
1506224443718131712
1506225771215421449
1506225877642018816
1506227496408457216
1506227839565467649
1506227842816049157
1506229137219854336
1506230457523867651
1506231551708700672
1506244543913422849
1506257478866010115
1506258294821642244
1506258567967363080
1506262672211267584
1506263310903091201
1506280596103995393
1506306827759198212
1506311855522074630
1506370888286945280
1506371895662239745
1506436540385280000
1506475390419709955
1506480915467599876
1506480974292733953
1506483809155678208
1506488738490163201
1506501702937378821
1506509449925521411
1506510638549712903
1506510826823245827
1506525959000031239
1506526850289336327
1506533036472430594
1506533528866942981
1506533976105648131
1506535739332329473
1506536176756269058
1506537670633091072
1506539359440633858
1506549062530580481
1506569453202395139
1506594683056947201
1506596751859351555
1506599532519256071
1506599712400424967
1506600370386075648
1506611520351793158
1506612456818282500
1506615897716232193
1506623735314362373
1506626948084105216
1506627653859749889
1506629453866156036
1506632396929581060
1506633361758253062
1506635977258790913
1506637356589223936
1506663154142441473
1506851362604142605
1506853930172825601
1506909539097985025
1506926569490563073
1506927149646712834
1506929777214582785
1506966798029451266
1506966870347628544
1506968192085741571
1506973221857333251
1506978470953304065
1506984294278787078
1507040360635064324
1507041234291810340
1507041288280891397
1507041943406010372
1507043140472954882
1507095045253779456
1507095413786316806
1507115607451652100
1507162149679890461
1507162159779774472
1507215803044835337
1507252133238030340
1507254318683983872
1507261217949200387
1507264361181872132
1507275537584357376
1507283177320054789
1507283483601022978
1507283557475319813
1507283980781244419
1507284043041493001
1507285545399242753
1507286006080630784
1507297537576689669
1507297541024464899
1507298352811036672
1507298782743986177
1507299121966686209
1507299125984829446
1507299647353942016
1507300616074268674
1507329618155515908
1507330645084696576
1507332961477472262
1507338218810740740
1507359286803894273
1507367370943127553
1507369910476816393
1507370387172397059
1507370395237724162
1507370433867177985
1507370515727454210
1507378239576363010
1507387207857758210
1507391561155629056
1507392138606120962
1507395120009678849
1507396322843713536
1507396372881829893
1507396467815641091
1507396848985669633
1507401179550007300
1507401708712108032
1507408718115184643
1507413837070315522
1507414976985649152
1507418116623544320
1507428787654324224
