1234845420058103810
1234872857194196992
1234879096145924096
1234889460841508864
1234897000979501056
1234900331852529664
1235030652644249600
1235030864204943362
1235069974516879363
1235070208521338880
1235076029166714880
1235079053129838599
1235079668216336384
1235083368498253824
1235085785310695425
1235086133660241922
1235087653936058370
1235088817603751937
1235092620826701824
1235092621078347776
1235101014920802304
1235108043601387525
1235108103366086656
1235147190290403331
1235149357009104899
1235165623715418112
1235166135600812032
1235170350473732096
1235170641587953664
1235171275531788291
1235181590210371587
1235186449970073601
1235187276709167104
1235188534346043392
1235190852445585408
1235192923190419457
1235194996745211904
1235196224552108032
1235213803530289152
1235222953115021319
1235223728172281862
1235233347309207553
1235249979364478976
1235264605602975744
1235269594731831296
1235273638716141568
1235281437659525120
1235284507130912768
1235368550228848640
1235368704369541122
1235371705649922048
1235373905910497280
1235387467869458434
1235391426160033792
1235398939353858048
1235400672331194371
1235400920185196544
1235409756077953025
1235445290796060673
1235456319789776896
1235459159656521728
1235478074356985856
1235506317831200768
1235524792180068354
1235550503070601216
1235561524753653760
1235581466450333696
1235587779477663744
1235590222705905665
1235593003063889926
1235597657122295809
1235614040375742465
1235625010191974400
1235637370898108416
1235772607238230018
1235802325857398787
1235803907965587456
1235804349437104130
1235804803986419715
1235842242729791488
1235842667646300162
1235842797732679680
1235843825253273601
1235864002841825282
1235866572155006979
1235868444127444993
1235870641699471362
1235871155396857856
1235874212092366848
1235874875790614529
1235875140832878592
1235881121293860865
1235896430696394752
1235909458259095552
1235909604128645120
1235910156803657733
1235923424913973249
1235926176218124288
1235926312583196672
1235926454757552129
1235926628653383680
1235954776942063617
1235954959213981698
1235982054094811138
1236031118748475392
1236108285847023616
1236116029958320128
1236116086828855296
1236116135151423488
1236126655090958337
1236133630688165888
1236153489568354304
1236158138388119552
1236166423111598080
1236168956819288064
1236170378713509888
1236171223383474176
1236176981474963456
1236178776435740673
1236181114521153536
1236184417422290945
1236190823399567360
1236204252873109504
1236206914653941760
1236213897922621440
1236215777570590720
1236249006176497664
1236250128740044800
1236253336073949184
1236257467752800257
1236262466012602372
1236285146694742017
1236294708424400896
1236307249800179719
1236307515693879296
1236346880985976832
1236348534988795905
1236531700282228736
1236537574409138176
1236537753388515328
1236624646176256001
1236625224935735297
1236625241004109827
1236694655120502784
1236698245646041089
1236850793560432640
1236851519044997121
1236851609511981056
1236851649177481216
1236897577754185728
1236900271894061057
1236903127997005824
1236903294171107333
1236904061426778113
1236905268752965632
1236906738302873601
1236906824101580801
1236912568486092800
1236914851890380800
1236915126847979522
1236919442191327232
1236922119293767680
1236924099277930497
1236930398745030656
1236934567979667456
1236942828938264577
1236944158532591617
1236955360931368962
1236956835803885568
1236968121564463105
1236972326085894144
1236981606067449861
1236982222294523907
1236987775485804544
1236988647519338497
1237081005887873025
1237081584420802561
1237082655268556806
1237089571306754053
1237089709823643663
1237089904896528387
1237090035045773312
1237090278139260929
1237090355113152513
1237092364797112321
1237092391510663169
1237218264867991553
1237218529436295170
1237218547626954753
1237218558133723136
1237226244380323840
1237226349242146818
1237244323860606978
1237311380652318720
1237312266510274560
1237326856665198592
1237327034583408640
1237327551179001857
1237361410985738241
1237383144019386368
