1319606111490637828
1319606243636334593
1319613265798778880
1319613733409226752
1319624991231520774
1319632243384414208
1319635000493436929
1319635103132258305
1319639153152118791
1319644461316493314
1319648095680880644
1319648100584022019
1319651639561654273
1319652844220211200
1319652865804177408
1319665520187117575
1319668757397082112
1319670919502000129
1319672693990408192
1319675774232788992
1319676353768087552
1319677128376381440
1319683261539336192
1319847584479887360
1319847675521495040
1319856098237575169
1319857210772451329
1319857701992607745
1319870940981780480
1319875039135625221
1319883808968077313
1319899124943048705
1319899586035478528
1319900502709075969
1319902299901194243
1319902609310842882
1319909965696413696
1319910014635528192
1319910036081045504
1319973714230874112
1319982456292798465
1319984885541449728
1319985199510290432
1319990010217590784
1320215127333851136
1320215806290980865
1320215957336322048
1320234145583423489
1320241176985833474
1320241850998001664
1320243741316141058
1320243842671538176
1320246482205765633
1320251665866387457
1320253042646601730
1320254479741063168
1320254746037370880
1320258277695844352
1320258769582878720
1320262798627098625
1320273143622029312
1320282618416361473
1320336252357373953
1320339391974232064
1320352441108344833
1320353076524400640
1320353486647840768
1320354327173607424
1320359404374347778
1320391786292862977
1320391789816131584
1320391793238704128
1320391803460222976
1320434354842054656
1320442847036731392
1320575097212579840
1320575933300928513
1320631595590582272
1320646746964250624
1320722946139197441
1320728963677745153
1320743323737321474
1320748977180999680
1320748979773001728
1320748983078121472
1320758899478130688
1320762823010439168
1320958208081457154
1320964337654136835
1320964893831356416
1320968230312108032
1320970713113657345
1320971053414322176
1320971119055155200
1320973177309130752
1320973468167401472
1320973720068870145
1320974018279657473
1320975363787243520
1320980423803990019
1320980599637618688
1320991239605420033
1321004151480799233
1321004342472630273
1321004487536857088
1321004588388864000
1321004592813887489
1321004619388997632
1321006329033469952
1321006577801809923
1321022755010007040
1321068845084205056
1321071446739701762
1321082919151173634
1321088681185366018
1321089753970843649
1321096500231876608
1321100079239868417
1321108037646520320
1321123811433930754
1321130786326597637
1321130789375856640
1321144730051198977
1321148907741560832
1321150772587819008
1321152874194219009
1321153914914238464
1321154711664295937
1321271860248494080
1321272502669070337
1321285963600007171
1321286578925436931
1321287841410932738
1321290373629693957
1321291022887014403
1321291824707850241
1321292681671311362
1321336437858463745
1321346265574199296
1321351572530491392
1321353225690230785
1321363255428698112
1321379484080041984
1321382082786947074
1321384003799183363
1321386854592040960
1321387535696752645
1321409813281042433
1321415919252377600
1321415977376997376
1321425564905844737
1321431842264739843
1321439456851718146
1321440519969361924
1321443492309028867
1321444647814615040
1321454492244570112
1321456235279904775
1321479512165552128
1321486883185020929
1321506888945594368
1321506890396758016
1321509799951962112
1321570388220932096
1321638710991941632
1321638956392345600
1321685009531510784
1321686149740421126
1321713194453229568
1321715810964959232
1321718487245451264
1321721417256165377
1321724771688615937
1321737569588031489
1321738440216506368
1321739629666562048
1321739631461724160
1321749631236104192
1321749780784033793
1321763591532412928
1321767695633715200
1321776380850315270
1321789349013331969
1321789559835799557
1321813139898261504
1321820734843310080
1321833069582581760
1321841082053742598
1321844797825376257
1321873148841586689
1321873728490233856
1321874697621966854
1321983502959566848
1322041029873184770
1322072118188601344
1322074372102787072
1322095257840877568
1322103414541545474
1322105125649838080
1322119417195491328
