1936680672594468971
1936680700964663648
1936680742148518219
1936680773836521911
1936681936178802766
1936682723063771267
1936682745520066565
1936683730313326911
1936686384754155589
1936686470280171831
1936686527184290053
1936699253222678752
1936710657392680993
1936713275212968278
1936749912982704390
1936791581803286969
1936797775301406927
1936802651553010016
1936812718645973071
1936812756239605931
1936814060085133337
1936995006008734115
1937005193851293776
1937018773795742098
1937019306837184774
1937019726976389180
1937021908861759972
1937023464235520266
1937024981634035733
1937027740802433382
1937028552735740381
1937028745136910411
1937029357622690267
1937030684734013833
1937031843037225055
1937033622244175995
1937035313429328035
1937036971488223402
1937039783949476170
1937041580181115070
1937043043355353292
1937043718051356775
1937044273452527727
1937049559731171787
1937050135911096359
1937050685075599769
1937050737542095181
1937051513635135535
1937052310750032222
1937055728143057000
1937057751194280310
1937058213024911500
1937058819038913014
1937059029035216981
1937059624135565806
1937062791606939953
1937062796061282459
1937062799118889067
1937064880806469919
1937065896570495128
1937066491515695592
1937067784862826576
1937067789740867977
1937068429573538248
1937068757479739894
1937068793437753805
1937069181763203388
1937069373400752345
1937070808771539282
1937070815549194329
1937071831694905380
1937072564251291848
1937072886721954190
1937073690581319881
1937074035734524112
1937074556839338419
1937076218614141278
1937077235350900788
1937077581682987228
1937077836424401350
1937078072873988601
1937078089323856311
1937078315996823557
1937079398664126525
1937080265341608172
1937085954617151617
1937086466938810581
1937089188542964063
1937089667561844905
1937090022647468056
1937090538605592990
1937090850695311749
1937091473973117171
1937096218360066490
1937098408675971305
1937098634853855435
1937098952127767035
1937100140579529127
1937100951309205824
1937101629771403651
1937102736857895018
1937104263181939099
1937107137764946422
1937107279435985184
1937107541546434987
1937109221226741934
1937110693452644403
1937111651360329793
1937112217134223583
1937113061477015955
1937115248399716697
1937115762403233936
1937120306788987027
1937125864581550443
1937128641726677380
1937133008508924339
1937133979574104330
1937135078599213444
1937135516648198578
1937136176500277637
1937136829658181653
1937143275531772146
1937146668044198326
1937152121775988832
1937152561418744231
1937153799636095012
1937166587318136975
1937166818122334362
1937166936187838783
1937170140535406708
1937170145203695845
1937170150983344143
1937179959493345397
1937181197869994015
1937181206115918075
1937200863363441099
1937203796654108737
1937205795122479281
1937205802198310963
1937216912943198251
1937232461542621247
1937371620114595955
1937379683110453458
1937380374382006342
1937380421874122767
1937380834576859534
1937381191197556782
1937386818405851142
1937392777572286914
1937394010580283786
1937399949249118595
1937400611009626409
1937402286495662504
1937403060655128952
1937405746720964830
1937405937490509986
1937406083733291099
1937408865060159557
1937409514497851435
1937411426232275137
1937412232822030804
1937412549475291185
1937412748339798428
1937413646910664780
1937416138566345062
1937416799865438485
1937418148959125786
1937420844239847758
1937424924072902830
1937429299596001710
1937442492305011086
1937455490117857456
1937458218726490245
1937460281095147571
1937463328294809650
1937464650658087196
1937465039071723821
1937466280598024662
1937466305805758796
1937467937713193114
1937480678595264755
1937485530469662821
1937487554775003272
1937488549462573257
1937489121762840669
1937491779391225941
1937492037429002590
1937492998989971639
1937493732779253836
1937494042725732673
1937494218177675592
1937494600496873839
1937495015120601544
1937495017947570632
1937495169919778864
1937496978918985863
1937497767653589324
1937498408677442009
1937500002739454197
1937500108356235618
