1965742422966796523
1965746359639720289
1965750158383251487
1965750180432707668
1965750411782193165
1965753634219799017
1965754251113886144
1965756151938912618
1965756977004650825
1965757564626584000
1965758122301198452
1965758700351869425
1965759215651475668
1965759904465248679
1965760548433543522
1965761705763611008
1965761722368819457
1965764647811948912
1965766449341067665
1965766454982459577
1965766850605887570
1965770292564787348
1965778624709382458
1965781015668158482
1965781105933709377
1965782661882077614
1965782668270063890
1965783915114951061
1965784047478792306
1965784720018678010
1965790197284757979
1965791890999308624
1965791895751372818
1965793908174327874
1965805283311259764
1965813249322234247
1965813283698655677
1965841042252636457
1965843727961960937
1965843746555310501
1965928388352209268
1965953850373976553
1965981125022831029
1965984897526374645
1965988674916479038
1965992446828904941
1965995287048233019
1965996221987750363
1966010695410991452
1966010856266936611
1966011613213086154
1966018682947301410
1966019665215541393
1966023363996037597
1966023907137482986
1966025123192021312
1966025658456477881
1966027430008860712
1966027838643114367
1966028802821374071
1966029527232163850
1966031065581269067
1966031483979833616
1966031493139951813
1966043280870945243
1966044361994723686
1966044852958937328
1966045569924870318
1966046120792277150
1966046186504335825
1966050383555604977
1966050497728753962
1966054293649125530
1966054765894451645
1966055344997876062
1966055940609986615
1966056604312203291
1966056934056013837
1966057129946804552
1966057239741157533
1966057244061004200
1966058908256281039
1966059240994517125
1966059726996947399
1966059842076102667
1966059975341699503
1966061262217101482
1966061714379780580
1966061720968790355
1966061726828474560
1966062455928533054
1966062477290140040
1966063284919898254
1966063354084245741
1966064375300841808
1966064410532942323
1966065190111424567
1966066288616525909
1966066303682359377
1966067022959145189
1966067028516630957
1966068703969124482
1966069730906624498
1966070897187729789
1966070904011817292
1966073838665609295
1966073845800144906
1966073852628447427
1966077468885897338
1966078051168686148
1966084291395518784
1966085145691087072
1966085307805163624
1966085968081072426
1966086531770364056
1966093842752614773
1966096205399863364
1966097613746483692
1966098865964331524
1966099620125397464
1966099676811448364
1966099945326600467
1966099975965913170
1966100016944328840
1966100032022786448
1966100076583072023
1966100611914498191
1966101490273235195
1966101543544901709
1966101879664029907
1966101960345702808
1966102875375063382
1966102957054632114
1966103687350141082
1966104207234355279
1966105788407275666
1966109322728907014
1966109966798041142
1966110934973513908
1966114712804012265
1966114797038215589
1966115336501301263
1966115891973923037
1966116303636480357
1966119313502568872
1966121404937683166
1966121412273524958
1966121419437412458
1966121573632585972
1966123441955942575
1966124537734746143
1966124573453332977
1966126143939178722
1966126485783359664
1966127309737562152
1966129270574789034
1966129893844070833
1966131678298222719
1966144034390552833
1966153321523327036
1966153843642872161
1966154646051070231
1966159279003729974
1966159563822186664
1966159916848255273
1966160220314624180
1966160231064551673
1966160534438555756
1966160850873626699
1966161086329364603
1966163932164604213
1966165341312266630
1966165785585578111
1966166329729417343
1966166931075117543
1966174874260615220
1966179187485704237
1966183942786359333
1966185141002449244
1966199412763558169
1966308836194886141
1966313311068156348
1966314569615433831
1966315827466252370
1966317086088794321
1966318344338026989
1966320865047364092
1966340910339490141
1966341830209056921
1966370957699985811
1966372539925672369
1966373722929115419
1966375229191831725
1966375492334006439
1966378242979619278
1966381026294509917
1966383625391464680
1966385401574346825
1966386873678680523
1966388093692572052
