1842416249806184641
1842429714608095247
1842429767875764384
1842436578301653090
1842440728116445632
1842442595663757603
1842442626383192067
1842445261353656390
1842446055771652323
1842446513789898875
1842447379800445430
1842447741143679475
1842447793547620695
1842448488678015340
1842449470476403001
1842449679180541998
1842450714062123068
1842451889859723386
1842456501190836414
1842459714010964192
1842459887412117921
1842460613248999526
1842461330160460045
1842462105728872600
1842464935097368716
1842469173990920516
1842469645799862292
1842471298145857582
1842477146494923015
1842482419217072578
1842483188226232380
1842483308833407205
1842494749124575540
1842503818199597065
1842508606778011700
1842509255355609168
1842519283093434702
1842522371749499246
1842530439254425921
1842530446577676526
1842535274531971290
1842544566492352682
1842558303232233958
1842559579768434762
1842560585617252648
1842562313829966266
1842565143139586496
1842565307866718521
1842565465710932002
1842577979219575132
1842579510706766100
1842580037800951891
1842588001307967884
1842588121701216674
1842590687604469822
1842591423465759130
1842592381797044373
1842602487821533211
1842602565441343581
1842602606100947308
1842602784040124832
1842614940231737761
1842753298304233641
1842753328171909388
1842755274182148259
1842755284810567700
1842756358728495186
1842766338097373464
1842769247736615294
1842792530326499425
1842792579429208534
1842795671939920238
1842816521103380982
1842816526216478809
1842848478944522679
1842849642914160714
1842853671010463980
1842855796293451900
1842859002021253390
1842859338035306607
1842859979444805692
1842860671949574341
1842860980922941724
1842861287186870301
1842861596596453745
1842862138114634167
1842863285919453409
1842865434195796381
1842866120644329592
1842868136187699229
1842873410961158490
1842874188866216078
1842874984202744038
1842887365733543941
1842907726948515862
1842914112084594777
1842914240824508460
1842914267462517173
1842918058295513549
1842923776604033345
1842934007459446974
1842935249225101399
1842971890731868404
1842971958444707985
1842972020453360072
1842972228532785447
1842973088620958200
1842974645903048963
1842977226872209412
1842987442179289105
1843101438358217073
1843113022233154047
1843123611277918273
1843124839365869594
1843132018676376038
1843146636312346816
1843149251691638971
1843153940306858417
1843154239838904641
1843154831390953596
1843155054750294179
1843155463963390297
1843156751102935410
1843157281250423185
1843157841835884571
1843164885397729500
1843168495208743271
1843168813359169876
1843169253631177079
1843174749377269809
1843178108960026694
1843180609624998223
1843185676382294428
1843188193312612473
1843188704900448577
1843188709124129257
1843189041627607116
1843190614776856595
1843191265468510530
1843191311047983175
1843193483168977099
1843193733401157812
1843195301425029440
1843196463859503372
1843199737471930773
1843200934018416935
1843207685258543494
1843210788083032531
1843214758167855194
1843215189661172024
1843225289956135013
1843231788258455572
1843235601488982488
1843237832930066466
1843243992227750101
1843244854173970843
1843246048304861427
1843247709530321328
1843251638955356453
1843253297496690879
1843253501067239440
1843254002211012957
1843256429161165010
1843257003118047395
1843257468736176257
1843258062553129422
1843258907243983061
1843259516957372789
1843259987126014450
1843260001177227650
1843264219304886657
1843267106986451444
1843268564859625634
1843268695436788140
1843269379242553698
1843269383717888218
1843270562875060571
1843270567547531328
1843272181578715462
1843272760736485698
1843274470666235969
1843275495523393687
1843276439367626881
1843278189323546709
1843279918131466342
1843293403095982357
1843294000729735254
1843295500608647358
1843296999770399166
1843300049230701013
1843300772509028454
1843306179256066327
1843308243550179522
1843308317181091850
1843311088311664775
1843312766360449363
1843313021063770429
1843313026457563516
1843313452204638344
1843314784533672355
