1854829243240530275
1854830795481137544
1854831078143672604
1854838645842382869
1854838996935098672
1854842445936357611
1854843727153709384
1854845146631946287
1854845584919949448
1854847563507417415
1854848885149315395
1854850053141414231
1854850474203398603
1854852072338079875
1854852728151031862
1854854778695864453
1854864944828928338
1854865060365320560
1854865369883984017
1854867846922485912
1854868339748987170
1854873247822889372
1854878440572567800
1854881129309815130
1854881839305179304
1854890935987191868
1854911556904960426
1854912534295490852
1854920928918192208
1854921089241235674
1854925881946337725
1854931956955492722
1854933458633867656
1855060236580893043
1855068589533151360
1855069249011957960
1855073758337458377
1855100079302172917
1855100083207127148
1855114838080733255
1855115620821410125
1855117654467789133
1855118117581754677
1855118236305834215
1855118551754973537
1855120078255108156
1855120493969654152
1855121899380244838
1855122094381523132
1855127019291594833
1855131591250456834
1855132071024279703
1855135735097311671
1855135745008402596
1855136220902465829
1855137125102240242
1855141141823344741
1855143778371121481
1855144588815876344
1855146321981653298
1855151377141395911
1855153246601363673
1855153869044781511
1855155057916100664
1855156348473807131
1855160628572205207
1855161659167588565
1855163756474777985
1855165433131024532
1855169592181571677
1855169625341796773
1855173970556785094
1855178167389978808
1855179397269172342
1855180186989494372
1855180912411254986
1855181032082837668
1855181686515880153
1855190170838114699
1855191255816556916
1855192542754795698
1855193627586084893
1855194756415950993
1855195253281534113
1855201497044439280
1855203319133974910
1855207463899030003
1855207543792185716
1855211013634953491
1855215178444353686
1855217068402229438
1855218406804644209
1855220816750993607
1855221443644289125
1855221911740919871
1855223901493899772
1855224031093653874
1855227140826100004
1855227193980493983
1855231676672077902
1855231797103309151
1855231803722007023
1855237013781532700
1855237224172023973
1855238070280552577
1855238210437452163
1855244243276845416
1855245351638425682
1855254410714304582
1855254908767007004
1855258521643987078
1855259063082512431
1855259967793860967
1855260096965775416
1855260333105168543
1855260615176331706
1855261166085230695
1855261570110009446
1855262476050276571
1855262767013576784
1855264199255183707
1855264660729315767
1855269044599009682
1855269051821687158
1855269949461426300
1855270370745651418
1855271224810840317
1855271233686061113
1855272228205768944
1855273130492907815
1855273847274238276
1855274363525951809
1855274489933963365
1855275555337425073
1855277016087732545
1855278030186578331
1855285851879780702
1855286523714994595
1855307883090710610
1855308334892786087
1855309801389178953
1855310192835273160
1855310772924244302
1855311042425008279
1855317218285978111
1855410849411965135
1855422625310445964
1855464027708887388
1855464089331671279
1855464138937692282
1855466379610362275
1855487586544099390
1855487586623435228
1855487950164816294
1855488386888261950
1855488916205551747
1855493415854878760
1855495733421429064
1855498293243167036
1855498757846294591
1855500103932367214
1855502513308574114
1855502542198784077
1855502555885027483
1855503487221551415
1855509808062873606
1855519827563315610
1855520541488075259
1855521960408576111
1855525024842584412
1855525032476410320
1855526233200595186
1855526873075438075
1855527167104283074
1855527227250929885
1855527230673404005
1855528216133595636
1855528221498049008
1855528285607698517
1855528577086669126
1855530610154254417
1855530615334134138
1855531438344466586
1855531592342704207
1855531597350809626
1855532943768481819
1855534177791123621
1855535990527664232
1855536632268751296
1855536637306122398
1855536642477768850
1855536911542263937
1855537541874872555
1855537554604597435
1855538417519771741
1855539767766659280
1855539841213288660
1855540621353652236
1855541885864903061
1855542536254759001
