1827682732962660651
1827688445981958309
1827695999172649451
1827696913388310671
1827704875058442574
1827709710176493852
1827716106678915354
1827717247407911323
1827718868988780872
1827721185229971472
1827724536889987393
1827724779245478315
1827725598128574681
1827730356650545234
1827730528444796989
1827732511025180988
1827736901349994961
1827744550871236912
1827745795891720462
1827767815652389284
1827767834190942495
1827783555881246905
1827827794119696817
1827850948603240748
1827897127269179635
1827908818346668198
1827908824948252688
1827910678822502910
1827911558447657150
1827914161898049944
1827922669527871902
1827936602754322862
1827937341157118020
1827937983242113438
1827939171689697729
1827940792834330913
1827941738847125952
1827943130684854515
1827943930802884704
1827945500294734051
1827947408417751258
1827951281043919323
1827951898793533663
1827952327807905817
1827952702980034958
1827953082455450058
1827953513617404404
1827953963720675684
1827954141341106676
1827954984584900679
1827955388303462722
1827956342893822096
1827957627315191991
1827958050310979849
1827959848048185441
1827962612316795360
1827962619669426470
1827963817667793228
1827964170261659652
1827964175433269711
1827965199900713041
1827965895152673104
1827966466488173006
1827967238248501494
1827968314926096876
1827968321104326993
1827972665384009912
1827974470809661582
1827974475813408804
1827975615573553494
1827976065274482922
1827986653891211721
1828001534174495206
1828007888251437157
1828013060314796482
1828014641840025969
1828017270255124490
1828020299914203297
1828033939782426946
1828033985735528594
1828034078206992525
1828034984332193828
1828036508710015108
1828041228132507970
1828043822514733315
1828044272844579283
1828048478800351446
1828048555774292237
1828048977993875675
1828052145192501504
1828052939572650197
1828072285007122609
1828072741708193911
1828093461498896830
1828113769081278955
1828142234937823397
1828179361146773807
1828230525691072881
1828230855992471569
1828231301608153227
1828284624432455882
1828286994398749154
1828293043620810800
1828294580456038578
1828295365533278667
1828301291790934458
1828318369717583930
1828318699977351542
1828319203151303139
1828321592935653644
1828324033990963555
1828324641112461338
1828325658893918242
1828325787730354340
1828325855988199589
1828326818522501485
1828327649619407090
1828328517068578928
1828328812297495041
1828334516814872923
1828334748512420293
1828339459777311042
1828340141548818871
1828340925061370278
1828341701028794652
1828344460524011570
1828344489104085485
1828344657757024511
1828347863639728604
1828355174269960307
1828356252717723921
1828356335232339980
1828375388378312824
1828376098830225749
1828381868527333469
1828382230747521389
1828387139278774530
1828389577653964980
1828398958915330202
1828403774047633539
1828405761388564833
1828407334063751657
1828417978771128451
1828418199114698915
1828418484545475035
1828429893580751061
1828431658959454433
1828433294792511651
1828435561750708236
1828436052366737647
1828438855286169993
1828438860067676388
1828439834966557160
1828440149761638628
1828440356406415576
1828443581213802975
1828454063811219789
1828455789788323968
1828468143054061628
1828468158036091356
1828469577296080977
1828471007457276182
1828471512338231455
1828475366576468462
1828475393831248145
1828478305609359735
1828479433327681840
1828480712598790204
1828482268144509357
1828483726860558642
1828484644498522561
1828485934733525355
1828487748644385062
1828489212532015302
1828496808378802664
1828496813357494544
1828497191914082769
1828498131744411649
1828551611876040706
1828551836854559026
1828552016026837331
1828552115486089300
1828552201192554686
1828552227507609736
1828552588523872300
1828552615376101675
1828556032320381263
1828647084238471618
1828650077797150812
1828657577887977541
1828659904552357944
1828660017425485908
1828665257155232181
1828666553438470456
1828667822358048843
1828669164745371737
1828669195153973392
1828669206302236847
1828669215353770239
1828669225935987036
