1209422213763362817
1209433094106710017
1209463507663503360
1209539024962150403
1209539026849427456
1209539039260340225
1209674277609295872
1209866387927121920
1209867156776554496
1209891042201231360
1210043374327091200
1210047260890779648
1210070005800267776
1210071514541776898
1210071715184689152
1210073306763681792
1210075555598483456
1210138799080009730
1210142632866807819
1210171733719670785
1210269307621371904
1210418316344360961
1210554681568587776
1210809812973305856
1210845822536970241
1210894470620708866
1211155084689563650
1211239033533190144
1211247399026319361
1211252967862456320
1211278882160041984
1211543603614384128
1211573371286081536
1211574757138677766
1211638176181211136
1211640894228586497
1211643433443479559
1211644751570538496
1211650389403004928
1211652421241323520
1211652423497859073
1211859463793070080
1211861820413104133
1211862341299490816
1211892234477457409
1211903855593549825
1211931893941166088
1211945362178465792
1211963538261983232
1211967128091258886
1212013945239683079
1212014936890568707
1212016530084384768
1212030554679341056
1212071332805955585
1212083805965602817
121208860299112449
1212208961044135936
1212242397318410240
1212243523212210177
1212289008853639169
1212301784443584512
1212301881453580293
1212352595655712770
1212402691894206464
1212405499099877377
121253366138544128
1212698473813856256
1212710917298774016
1212711790234071040
1212712899199684609
1212714331286065152
1212763733388214273
1212895515429371904
1213074861486067712
1213090936953040896
1213096915639795712
1213332414040166400
1213353295109971968
1213397437487861761
1213408870078369793
1213409023304667136
1213430763942633472
1213430766908035074
1213450888175439872
1213454841269211137
1213456484236849152
1213467278693392384
1213479985903595520
1213484992442990593
1213742806058946562
1213860018094669824
1213898950228316160
1214048331355156481
1214133689719783424
1214136755114278913
1214139611263320064
1214140243823083521
1214140649634578432
1214141327778041857
1214143914950553601
1214176762734624769
1214178713782276097
1214180830383206400
1214181687086604292
1214186756314025987
1214205999705247744
1214207067931598848
1214220354639417346
1214413978211733504
1214415771079569408
1214426036495994880
1214426260807413760
1214426552026320896
1214426754456010752
1214481206680535041
1214516470043951105
1214551066412404737
1214554268293726208
1214592980855615488
1214603936474124288
1214609125159518210
1214735326754697217
1214772176735260672
1214772524199755776
1214772743024959488
1214792114011176961
1214796449583517696
1214908508493074432
1215083271182151681
1215208789877518336
1215226147409035264
1215241416479145984
1215241556283650048
1215246250905198592
1215246625129385984
1215275738665873408
1215276046888525824
1215276143160414208
1215309145370324994
1215494170627850241
1215495507004407808
1215512863504125952
1215517754033225730
1215521960693600257
1215580219953672192
1215607865869656064
1215636383416508416
1215640838614573056
1215671742363881472
1215891971882942464
1215892196097814534
1215918432585052161
1215919461187719168
1215935467327066113
1215945650157678593
1215975989198479360
1215978525871656960
1215994412724961281
1215996660314066944
1216021077127659520
1216182334405279745
1216183507753426944
1216239272237268993
1216309885920403457
1216309891876343808
1216309911283359745
1216325635519340545
1216338968184156160
1216338976178491392
1216339390919655425
1216566662922506240
1216571143538139136
1216582189631959040
1216582934737510402
1216583423248097280
1216597375113809921
1216611767825993728
1216642542634029057
1216648513267699712
1216652469628915712
1216680909774024704
1216683341040144386
1216685329622503424
1216686269033414662
1216687578604167169
1216692936919920640
1216725941184913408
1216933854469967872
1216942568535023617
1216944382017818624
1216946600880177153
1216955990957948928
1216970415140032512
1217012113031323648
1217043549788635136
1217045756080619520
1217047463825006594
1217049079940669441
1217050137429626880
