1806658095058407886
1806658254089658675
1806658413218127290
1806658572269318376
1806658731290346901
1806658890373455392
1806659049412929999
1806659208479191319
1806659367515849133
1806659526598139317
1806659606523027480
1806659685634318765
1806659844686266906
1806660003773763040
1806660162807906616
1806660321873872374
1806660480936087886
1806660640001839446
1806660799072272603
1806660958098882929
1806661117129537007
1806661276192844214
1806661435254374093
1806661594313213311
1806661753361325352
1806661912429768023
1806662071497862459
1806662230546381119
1806662389603262566
1806662548639881626
1806662707694854617
1806662866759860719
1806663025819833789
1806663184891957557
1806663343963877570
1806663503005863265
1806663662077739388
1806663821125152233
1806663980175741382
1806664139233871264
1806664298290768272
1806664457332707820
1806664616370923781
1806664775409143266
1806664934450761299
1806665093483025749
1806665252528390495
1806665411570556315
1806665570603653377
1806665729644812606
1806665888688018808
1806666047726101023
1806666206758604151
1806666365797968209
1806666524842066213
1806666683889143274
1806666842918900139
1806667001949522423
1806667160968882590
1806667319993233776
1806667476513456249
1806667479012372885
1806667638045019484
1806667777551614082
1806667797067251230
1806667956086639044
1806668115119087046
1806668274141222130
1806668433169842444
1806668592194369858
1806668751206783345
1806668910229271391
1806669069250968138
1806669228273905183
1806669340558995696
1806669387293107451
1806669546319066422
1806669705330485481
1806669864347030826
1806670023360649624
1806670182370597373
1806670198046642581
1806670341389525301
1806670500405388820
1806670659414925693
1806670818427542014
1806670977441125894
1806671136452740399
1806671295466330541
1806671454476963396
1806671613490555340
1806671772503190838
1806671931512807816
1806672090527395289
1806672249538018516
1806672408552583419
1806672567567134325
1806672726578750267
1806672885592310195
1806673044603971141
1806673203615534626
1806673362627137156
1806673521639733622
1806682263465439623
1806682292930101462
1806682609889534024
1806683762874519727
1806684159131459835
1806690083162275910
1806693683246317769
1806698061261123827
1806712594474184951
1806714879195369953
1806714902620594450
1806717227741352209
1806719671485522267
1806719706747035799
1806721527750312184
1806722338911572257
1806722387649478874
1806722413117293052
1806726205111959739
1806726234573037587
1806726251832345058
1806726768650490327
1806729126684066081
1806733267304862022
1806733556498235763
1806738449162182916
1806738452622241879
1806744609349046766
1806745817945969017
1806745821947523100
1806892859871596590
1806902262150607012
1806927629209292902
1806938975925637163
1806939798067896741
1806940265191493985
1806940372905443547
1806940466635489705
1806940564975157392
1806940696148115916
1806940700141060373
1806940703546818894
1806942990482731408
1806942995364909102
1806943000733327846
1806945726146224360
1806946309934629009
1806946400657154543
1806946415089684611
1806947681706901560
1806947884761555065
1806948506734883308
1806948731117572565
1806948925460594736
1806949165403869321
1806949405662281929
1806949772097622453
1806950374521053381
1806950488266490079
1806950996951675126
1806951089486385339
1806951665351967203
1806951705377968640
1806951731374575902
1806952059864076625
1806952637461414042
1806952653983015088
1806953188202840246
1806953316078723297
1806953409364341077
1806953445519421510
1806953544802521138
1806953632966779344
1806953673508958579
1806953777108308449
1806953857333055933
1806953896310407531
1806953997196050870
1806954006952267835
1806954089961435432
1806954257331229040
1806954414311420057
1806954670105219371
1806954843803910542
1806955272075944344
1806955408772485198
1806955464371978407
1806955539630289162
1806955595934642519
1806955671952433333
1806955694413017348
1806955724750065831
1806955823957950731
1806955913699283083
1806955936189435922
1806956013670555756
1806956104561434980
