1963193557797179769
1963194875337191796
1963197042672415055
1963198665817788576
1963200150358147228
1963201754087985183
1963204082547470729
1963207049665294620
1963208219150389622
1963210616266690940
1963212954070835504
1963217557030322220
1963219868678750685
1963223631036846150
1963223915532009777
1963224947683479560
1963225877459894300
1963226408752144854
1963227248204366320
1963233041423220829
1963252957752783257
1963253695610507532
1963254439117996489
1963254442460872909
1963255866267738428
1963255872299159928
1963256342493196445
1963256407735590930
1963256453445177525
1963256509321650611
1963256569799307445
1963256623012421680
1963257486497993074
1963257567045452166
1963257638998970870
1963257726613835978
1963257798768160902
1963257901814067337
1963258189228777725
1963260259117789518
1963260316298752153
1963260982194536708
1963261554247270615
1963271000327675952
1963271020946546743
1963376562423644641
1963421396706709888
1963436179048538318
1963444406993776663
1963446923756540379
1963449440208900601
1963451956619612504
1963454473516585026
1963469456803352685
1963469814674198605
1963470807495315811
1963475434403774718
1963475922633228460
1963477514224878053
1963478689804402981
1963479628674125878
1963481094931529752
1963489266987929845
1963502040287461637
1963502662030176336
1963504370353418406
1963506656559653148
1963506690780746067
1963506696329756943
1963507480731746474
1963507486054404599
1963507618473005487
1963507835590811653
1963508485410472030
1963508711697113456
1963509037175378288
1963509592106938385
1963510474273919102
1963511360693604856
1963512034806436258
1963512709103734846
1963513661038768151
1963513975112356113
1963514019890815080
1963514102174642511
1963521306588319876
1963522460592345314
1963524578883358946
1963525191130312848
1963528944428241091
1963540446413836345
1963543361660256412
1963543441507221586
1963543575897211270
1963543785058759141
1963545476650705408
1963546058895614208
1963546605111607346
1963549145903296587
1963549510245744877
1963550299353690172
1963551237908930773
1963552733358682383
1963552893379998188
1963554391283352056
1963555133398127095
1963555598446072150
1963556246830641593
1963568319690060111
1963570910285168975
1963571188937982403
1963573795270402368
1963573837855166555
1963573846834856166
1963576377275248930
1963579893356060760
1963580304502768068
1963580604827799838
1963580879063650715
1963581169976606812
1963582425667125256
1963584865284362547
1963593574622064972
1963596795516522753
1963596816056029562
1963597374070411549
1963597998774259730
1963598535233773964
1963601787249655887
1963604845320962263
1963616339127668743
1963643411220599231
1963654489816404446
1963655195713556984
1963715893793530257
1963716232416498131
1963716270525915203
1963716452776870231
1963738285693669784
1963738331432501619
1963783628053442582
1963783704859259308
1963786194782712311
1963786905708843224
1963788526169846161
1963789226106908777
1963790388772434212
1963795900897145072
1963806796889677956
1963819377918107723
1963820378460991605
1963821897176822270
1963823244898640107
1963823820592107942
1963824169050583251
1963824465684349351
1963825010222747767
1963832375231823953
1963834498316992779
1963836046866522277
1963836995249070249
1963839302384980166
1963839873498198257
1963842045367521592
1963842062052135326
1963842088564310027
1963842108223058110
1963842128938758313
1963847277837222295
1963848893558600025
1963852095515247090
1963855880853811202
1963857438681264214
1963858556890816911
1963858800160473231
1963859110681596023
1963860018471538991
1963860471603163600
1963860932683260168
1963863683399827616
1963867193013133620
1963869808837185596
1963872490633011661
1963872980276224331
1963874387859558553
1963874397615239389
1963875107136233876
1963876377720967555
1963889937969025061
1963889942968549455
1963889948064637367
1963890595505619116
1963891546174205973
1963891550661861661
1963891555355222480
1963893527982624899
1963893563109900401
1963893601907142878
1963893638980620761
1963893849324949833
