1966390599353020616
1966394845041483856
1966399155728953392
1966399214591860784
1966399840222654581
1966401285898510588
1966401740393295922
1966404888067551720
1966408111494934876
1966408993737421154
1966412102555546082
1966416981512552513
1966424935372558667
1966425096043860475
1966438708300685645
1966441911947768200
1966444375937884604
1966447324055347286
1966447920007278647
1966447926462357916
1966447931965182349
1966447937115791680
1966447942685864039
1966448006539903148
1966449321492013359
1966449697922404805
1966449911718952961
1966450835677729057
1966451836455432585
1966453280977952936
1966454471493312857
1966455471700680913
1966456071662305571
1966471147853332878
1966472526869184837
1966473780987035697
1966478337662185703
1966479473907503257
1966480120832802977
1966480817024065650
1966481531938971897
1966482360045801804
1966482776909127952
1966482853346357473
1966483415504490501
1966484930143137911
1966484936107737331
1966491737725243496
1966494506687013305
1966495717637390378
1966495757378498795
1966497491895115863
1966512317673197970
1966514748239028492
1966514922986037536
1966517350032687206
1966535701064802446
1966536310224540106
1966536585404436801
1966538714341048462
1966550338481316007
1966551079006437392
1966556725374226470
1966557753037529490
1966559546425610606
1966559909971116284
1966562471596220724
1966562775833903157
1966567852166836364
1966568118224122078
1966664931039990015
1966702203621548476
1966704081201680687
1966705900896547264
1966709673526259808
1966713454146056462
1966717223311172050
1966721000445264012
1966728045328560227
1966728463962018081
1966729513070391741
1966756625324405246
1966756875934040196
1966758584022364343
1966759355912475005
1966760347710505300
1966760981834637481
1966761557951434951
1966762500185063776
1966774919741796830
1966774956265472334
1966777458751058201
1966781796172857715
1966783138883113053
1966786516392333794
1966790369485746263
1966790374170751014
1966792129218294220
1966792650079551902
1966812204172296695
1966812221889278363
1966812883142275501
1966812923361165635
1966812940318691533
1966818513043017787
1966826696243290450
1966827354795528454
1966827722778591455
1966830662809522351
1966831341343044041
1966832150743052492
1966832734401425874
1966833348128698732
1966837593623912550
1966841123990863883
1966842771974799756
1966853962159776208
1966899798235377905
1966900600404406742
1966900684177199187
1966901533687378227
1966901623583912203
1966903534974279848
1966912243024753141
1966912310393663566
1966912337723748360
1966914927899406402
1966916369280270452
1966917462659919995
1966917516082680121
1966932387818074347
1966945400973316408
1967017551927668993
1967028806759444684
1967034849056923958
1967034875267195309
1967034891411091622
1967049976447725703
1967050019015717328
1967050060539244562
1967050077106819494
1967053921161285893
1967060285241573660
1967064292085346620
1967064328663953563
1967082416260129049
1967083385429651461
1967083714770620581
1967099052971225314
1967099821418049839
1967124083126268148
1967124383887225071
1967128735024554493
1967141152173551891
1967141690738950276
1967142175994720453
1967143742311460913
1967143747206214106
1967144965013946586
1967145075303231639
1967145706029978087
1967147122429669460
1967147692687323322
1967147820479283301
1967148991025652170
1967149593260679238
1967150669955318058
1967151082486014023
1967151598976840006
1967151603045240933
1967152500643090731
1967153282419466709
1967154107040567503
1967154907728978201
1967155859991167456
1967156338850697421
1967157732643065909
1967158450619822372
1967160543015547086
1967161541394076120
1967162808300417175
1967162816017895869
1967162823219478924
1967164090520154562
1967164964789264822
1967167532554760232
1967167539378864139
1967179594911596576
1967180287772954643
1967182286039994801
1967182725389152758
1967183245948371165
1967183690020409518
1967183752339358086
1967184253579624471
1967184673895047306
1967184884658806969
1967185460612194743
1967185701092601934
1967186156640207196
