1891834214401900937
1891834217241227276
1891835046715326884
1891837076951232571
1891840761735332279
1891841472434970712
1891841923402563649
1891858151307133045
1891858617453760745
1891864726814195790
1891865371952496699
1891867568371105999
1891887282933616732
1891889457864790445
1891894669539266712
1891903739134607672
1891903763247661344
1891905458778034370
1891909191356289101
1891912231274619103
1891913834786681198
1891914132674212339
1891918586769289249
1891918670726668689
1891918921634128186
1891923432381743539
1891924899071131939
1891925566892261488
1892025560286609602
1892032677915586620
1892033497369543001
1892034252104982839
1892035335615373329
1892035834058019242
1892038072205967801
1892053997395247394
1892056590477299819
1892057284043231269
1892073490380894510
1892073959891533995
1892075702582710652
1892076552797507958
1892083337793081792
1892083420680904981
1892086751394660449
1892090386710991322
1892090746250940922
1892092957211361366
1892094086791766456
1892094674006872273
1892094971383304301
1892095526868521104
1892095908323484021
1892096695179280881
1892100605075734863
1892101652552847831
1892102725124620492
1892102899758407772
1892105031324926029
1892105377312858359
1892106964710076687
1892107380013531144
1892107593524400534
1892107982324035604
1892108622575886730
1892108842734915934
1892110013113499994
1892110071959781505
1892110665273180272
1892110746286272659
1892110991690756118
1892111350978978210
1892111838973747474
1892112158374363197
1892112801155645917
1892112806780051480
1892112957951356970
1892114190409633875
1892116126500377080
1892116131969720694
1892116893462565352
1892120313502036332
1892121317828436339
1892121463890608639
1892123425319109018
1892123480214339655
1892126379329626416
1892128763212657098
1892143433470636165
1892151406590624152
1892151580528382143
1892155908534526159
1892157910337409133
1892158674845811123
1892159255450697937
1892159335930921049
1892161446424838458
1892162716422291587
1892162969255223568
1892163564322054568
1892165147478638804
1892166766907769340
1892167781212114980
1892168512384516362
1892169177768563021
1892169509311783399
1892170731804611057
1892171540529315949
1892172765391650978
1892172977342414960
1892176430601257037
1892178411252003035
1892179550433362358
1892183005340295533
1892183653549023479
1892183801930948804
1892183850505089192
1892183932608884829
1892192781617246334
1892194166182137946
1892194172150460435
1892195173410668833
1892197977105608929
1892198522172088536
1892198581085540558
1892198610483462156
1892198749025227013
1892200267375944182
1892201870195855719
1892202688903016724
1892203486936502327
1892204344595894323
1892205295713341789
1892206242992627847
1892214596603175142
1892215699826774180
1892215773399331214
1892216749099012252
1892221361290125472
1892222584835772548
1892225346524577876
1892227006747533644
1892227560748028101
1892227787060068832
1892228589312999470
1892230405006250194
1892230592445440163
1892232835492462762
1892249300089864340
1892265123743691001
1892267008953098369
1892269509383196827
1892409147884212502
1892420187439464725
1892421212934197574
1892427407526973904
1892429659268174233
1892432600729346246
1892450240713597302
1892451017893019778
1892454455125430543
1892454962132836511
1892456847275139520
1892458576951627994
1892460547485941795
1892472819646189603
1892481803950150101
1892482508937211993
1892483219989074042
1892484013333401966
1892485708880962001
1892486682651333117
1892487202116124686
1892487968667120042
1892488011834937389
1892488017291735119
1892489390133329982
1892490207234298054
1892491338441965917
1892493321408315492
1892493327695499560
1892493808748646810
1892494566999064887
1892495238469407065
1892498619191751149
1892501565883175051
1892501765003833517
1892502313614397600
1892502728741364002
1892503113392853162
1892503172075114576
1892503786989740306
1892509756033519660
1892509783061622920
1892510131167891828
1892511353883271245
1892513245438828998
1892514039634272308
1892514782122738026
1892519110996545647
