1820758557664723271
1820760663989346321
1820761474807087510
1820764303269531880
1820764627908563151
1820773407757111367
1820777384116695439
1820777388986483187
1820777896681902273
1820779530157723966
1820781081504743886
1820781334178287847
1820781429326008752
1820787476232880400
1820790419124298065
1820795406957326819
1820795581318787110
1820798864406003812
1820802176081596727
1820802203591799218
1820802689850282355
1820803815450276033
1820804254384136590
1820804913720672430
1820804989981450660
1820805326200816043
1820806092873482577
1820806285022888437
1820806801937379587
1820807234181333364
1820807307967742035
1820814241940595077
1820829196391776288
1820830535582712314
1820840216350867899
1820841092511584319
1820844063165472809
1820852862387360211
1820866396362043625
1820872375103037457
1820875311825002679
1820876854531633480
1820878357812408613
1820880538036793532
1820884697272217758
1820884974398271809
1820885048046055523
1820886269448315285
1820887965914353713
1820889910842421573
1820893366776897637
1820923550737555546
1820965579622379752
1820984199983120682
1820988089009135885
1820988250992873878
1820988889265271204
1821002752073363460
1821011216883486968
1821013895835697235
1821028775305335065
1821035352393461983
1821041613683990595
1821042340854702584
1821043300586938419
1821044177494585360
1821044208251420900
1821044240656560158
1821044253344330128
1821044269949579647
1821044376908513393
1821044569733210454
1821044602205565059
1821044702768197767
1821044790127161697
1821044817738264745
1821044879277064217
1821044900718428452
1821044957744132248
1821044972667498661
1821045118188843141
1821045211533079005
1821045664773763580
1821045751805628656
1821046004667589116
1821046030097617309
1821046059411652659
1821046857768038667
1821047038991331634
1821047268746621319
1821047860084826320
1821047897867096108
1821048136691019948
1821048162460823732
1821048202449313834
1821048496197378188
1821048532377457040
1821048563318534524
1821048584852402449
1821048673163473014
1821048767405289500
1821049250975043779
1821049282293846171
1821049398488658112
1821049446848675941
1821049525487989053
1821049642081292478
1821049843780813088
1821050107015606386
1821050381503492316
1821050812896047193
1821050818235363530
1821050921024942432
1821051114890129504
1821051372269449549
1821051735059919220
1821052187805397197
1821052366260428827
1821052443691557253
1821052515900911787
1821052835179769964
1821053088687644770
1821055482158821455
1821055580481769827
1821056393551442015
1821056740156436528
1821057819463782415
1821058761504567359
1821059207895957768
1821059957728452732
1821060338667684244
1821062129568317534
1821062760706232721
1821063620358221997
1821065739517989344
1821066985456771125
1821067673058287915
1821069487887499689
1821069706318467251
1821069744826372505
1821069767161344297
1821069787226894851
1821069811906130058
1821069862388822270
1821071939445670284
1821071949012836354
1821074590912622802
1821077763475821024
1821081825286275405
1821083844470087978
1821084818110869687
1821084930283102498
1821085880033144843
1821086631279116398
1821086973140062427
1821087205122830550
1821087951138570313
1821088290252202036
1821088892474560938
1821089150600409253
1821089702587572386
1821090274669727921
1821090325143900435
1821091480187883957
1821091543228485691
1821091547955523733
1821092200685429213
1821092240103813125
1821092700415807753
1821092722679111747
1821092815260037475
1821093136896290901
1821093275916497343
1821093842084303020
1821094453064401330
1821094656546918653
1821094975121096876
1821095301735743923
1821096250235633717
1821096524354384026
1821097147653075442
1821098665852784811
1821099638595739860
1821102684725764390
1821102814543638618
1821104793005248537
1821113456260489676
1821115250264981644
1821117391855813030
1821123433561993432
1821123481049932064
1821123512947626437
1821123768938631224
1821123843974447299
1821124394049056927
1821126216432148910
1821128616824000743
1821128922806841591
1821130810864332969
1821132485268238701
