1805154838743011802
1805156638984462417
1805156918639690068
1805157714630459537
1805157971502248015
1805158491252015539
1805158703211130908
1805159019256103162
1805159336265871471
1805159597982003484
1805159945341686009
1805160189391437952
1805160648210542705
1805160875273363920
1805161482948325719
1805161890664042791
1805162740064903440
1805162743982661872
1805168546315383154
1805168635259863117
1805168806760685728
1805169001753927932
1805169173191963078
1805169420546765097
1805169638394753085
1805169864090288422
1805170040385274298
1805170299115086187
1805170648328577304
1805171078664253523
1805180013844762678
1805192183299154014
1805192430494568785
1805194101526315223
1805195511114453084
1805200154880016529
1805200173876093288
1805200202502217912
1805200214174691567
1805200225524719759
1805200238858346680
1805200249226686559
1805200271657812161
1805200312925593743
1805200326007697549
1805200340855521441
1805200356667994508
1805200374900699245
1805205767001346406
1805227387367678455
1805228603786867089
1805228811195220113
1805229001457254672
1805229199923323085
1805229387513499677
1805229549715587261
1805229725071143299
1805232178541822086
1805232239002693676
1805232378081583184
1805232551297990680
1805232676271538385
1805232963078004900
1805233274798702611
1805233405316972986
1805233673354035599
1805233859740512582
1805234007912657034
1805234177576460789
1805234426294444081
1805234541512003804
1805234675394162804
1805234843329896882
1805234960019665343
1805235213699526772
1805235380825829847
1805241650517799145
1805241852377075808
1805242487214387205
1805242692991086745
1805243062471520281
1805243371461750980
1805243560297717813
1805243779865354434
1805243975647084554
1805244148473340400
1805244347493052800
1805244517978964178
1805263097290199250
1805263955868446992
1805273871743959531
1805289136049602594
1805291357583688105
1805302196302757966
1805307228091527207
1805432382541152391
1805447072684163327
1805454577577377859
1805454781521314088
1805454829244105199
1805458398118658137
1805470889619997098
1805472021578760286
1805473013783216463
1805473670284165159
1805475399977386150
1805476168759755179
1805476779362336844
1805478836731363343
1805479335589024079
1805479730088657215
1805480208100999376
1805480494596788278
1805480568391713074
1805481512378237257
1805481829107220603
1805482161773944883
1805482387121520937
1805482756753047882
1805482931156402488
1805483066342920573
1805483163340484903
1805483404005429606
1805483638576103700
1805483789365158233
1805484550249967844
1805487322554908839
1805490110412341296
1805490511043493996
1805490912732004703
1805493731958866175
1805495002266472914
1805496478980522199
1805497456735699007
1805500015349318123
1805500045078544591
1805500055702716730
1805500239224488022
1805500265132703894
1805500650161324071
1805500723637240020
1805501221551395208
1805501580776816951
1805502298493436320
1805502781325033984
1805503856736190623
1805503862243311791
1805504573223977070
1805505199236378940
1805506405774016704
1805506522367119756
1805506619561689238
1805506663891316778
1805506759853068533
1805507017307832583
1805507028812431493
1805507717227782183
1805508057734263269
1805509444748382328
1805509477979889744
1805509524511449476
1805509556170117472
1805509623882846315
1805509664437661872
1805509697207746680
1805509762320126380
1805510852822679815
1805511628735086891
1805512327351222738
1805515092689305894
1805515551613256017
1805515664683106781
1805515829108523087
1805515961446899872
1805515977624355147
1805515991780073610
1805516007051493415
1805528147276055015
1805528200082342080
1805528258198294732
1805528317048799313
1805528394136010910
1805528438880846321
1805528487765459031
1805528539472740805
1805528579679170777
1805528627234455879
1805528677024940318
1805528720435986661
1805531263144706373
1805537808930717711
1805537811464118284
1805538438667813024
1805540328960888985
1805545130168140242
1805546159823634460
1805547364612292831
1805548217255522545
1805549862282231816
1805551067952038198
