1907730036838326601
1907730166459027744
1907730302409032166
1907730451512394144
1907730615266357289
1907730781679604196
1907730927129653438
1907736897641660511
1907739809197502901
1907756226680696850
1907759200723214407
1907761949300904090
1907761976672956417
1907764052601774117
1907764058356429066
1907767245901533471
1907781584066928994
1907785110516031984
1907786852012032400
1907789141414392168
1907789191812952476
1907789215217180766
1907791056546013410
1907805552371286415
1907806206003192302
1907807128439468440
1907827259706138698
1907829030058881097
1907830939251548169
1907834336566530456
1907835579917561955
1907836000908271679
1907836602551832950
1907837014956724339
1907837640965038233
1907840828413767766
1907840918457045121
1907843040175108361
1907843432716054670
1907843564177850428
1907844530134483181
1907844602880561184
1907845831673462851
1907847408463081714
1907848115417174120
1907848400965398786
1907849027481129185
1907996102550499835
1908004096881340879
1908022895713902882
1908023350737174535
1908023745509220726
1908024111386738864
1908029744706122075
1908029898540626271
1908030018363547729
1908033336116670924
1908036814860070962
1908041418129682858
1908043018021810372
1908048004155846877
1908053006165381528
1908055665316081922
1908056588771815757
1908056635425124354
1908057616628011095
1908059144822608335
1908068231144714254
1908068717239443597
1908070014059688448
1908071301132259483
1908072413243527677
1908073303958536362
1908073981833535593
1908073996169388221
1908074361296195961
1908075391303999911
1908075752890986899
1908075766388036038
1908077469980115232
1908080108851659170
1908081444062466493
1908084327562289385
1908084332230570192
1908088634982744488
1908090012295479359
1908093559317704852
1908093564174647446
1908095158932902367
1908096236181225582
1908097320102617148
1908099403459834355
1908101345200189846
1908103578108985473
1908104496829608337
1908105240299164117
1908110052344336653
1908114761503343040
1908115955458134128
1908121817669378100
1908122358738829427
1908122849271042497
1908123875382292653
1908125256495055304
1908125260911648899
1908125265265299689
1908126334062330201
1908131785306689790
1908139238693990905
1908139757818761554
1908140855229051229
1908143275246068193
1908143775047659982
1908144530987106563
1908146468516426082
1908147257733530082
1908147283071295508
1908147447752188345
1908147469730324991
1908148028633927987
1908159697854627928
1908160886528733469
1908166457806237782
1908171085125726276
1908181828919529829
1908184970582982924
1908194462532075885
1908194841978413350
1908195205007782320
1908196741339378042
1908196750529355951
1908201472958816653
1908201491057299828
1908202759674806747
1908203348139880772
1908343376946028804
1908351606866796783
1908351655902396683
1908377372186787963
1908377439786377448
1908377452742615251
1908378600304501254
1908378707401617674
1908378916307214591
1908379455237554420
1908380191233016017
1908381213049446464
1908381778139558333
1908382682968678437
1908383694315716621
1908395528217330140
1908395884196360386
1908403702706168319
1908414714679308639
1908422014404354434
1908422253806825982
1908422726915678669
1908432709510115416
1908459744441909660
1908464806354362540
1908466321765105849
1908472471436525773
1908474929235820999
1908476896188281102
1908498069756535005
1908498509877125316
1908500169047584975
1908500266430701577
1908505482870067596
1908506527100530737
1908507491668738490
1908525564043886748
1908526062109159928
1908527370585199060
1908531082573512715
1908538597768389102
1908549299207889048
1908558205531415022
1908569569003733035
1908569587861381520
1908571117884694976
1908571159261478949
1908571619141787767
1908571783781114351
1908572253224104338
1908572302310064186
1908577046756024358
1908708742104793274
1908727614342320326
1908734312003883237
1908756024439300333
1908756139753271693
1908758783184032023
1908759810796814559
1908770724363280848
1908771498388554048
1908772223361462319
1908785807311151464
1908792239800848875
1908793261096837309
