2019710534686548138
2019710553229529149
2019711300180607352
2019711519098069161
2019711666376839390
2019712168464122015
2019712416469364874
2019712422769246262
2019713892692467808
2019714147899060607
2019714491127316498
2019714846170980737
2019715169333707187
2019717368516383209
2019717975922573392
2019718656381636658
2019720422779129913
2019720426713452943
2019720429309751384
2019721844585349539
2019722407838462375
2019723578854494542
2019725166935478469
2019727948664971581
2019729006950834523
2019729899737755665
2019729964703359237
2019730931993678241
2019731748045930975
2019732320677482829
2019732871079170325
2019733369966539111
2019733402686242827
2019733992992592114
2019734361479041263
2019735257172590841
2019736588897702068
2019740663961784481
2019741325571305693
2019741771064906087
2019742237228228649
2019742839593205826
2019743423251579382
2019744677579075736
2019745830228357538
2019746608393621605
2019748165176393763
2019749792314716632
2019751146823278763
2019752967625130070
2019753971015962976
2019754456607244701
2019754654922396155
2019755386547384476
2019762507632574723
2019764561507930171
2019765522645254154
2019772715696370067
2019772721295773780
2019783245622104495
2019801877185995196
2019811739060338707
2019818198938579279
2019825143045136497
2019931614990508150
2019946714669465741
2019950196080459972
2019950233892057233
2019950388976447850
2019950463005958498
2019965115408478511
2019977040364204131
2019984466119147878
2020008558889443458
2020012764710990200
2020013323748872210
2020019092644851763
2020026342486786166
2020041211726426304
2020043685094944976
2020049131977560315
2020051393567158334
2020052881039294465
2020052918855168324
2020056269185507561
2020059902924988685
2020065614757556582
2020066474027843960
2020096072006480021
2020121087556645015
2020148949676597536
2020159030455394565
2020159134629302347
2020161315269148983
2020183939097456872
2020193015189610916
2020309102849847495
2020343676137009349
2020343745594683829
2020355029631373403
2020399854581907805
2020403026448773546
2020407311945355392
2020494994864582678
2020515483737313308
2020533629848596783
2020535353564868841
2020541279097282762
2020656391661244811
2020765672478023900
2020766099009356076
2020782009270862258
2020845712876130628
209553267628310530
209560679525519360
214413668513882112
223121006460551169
236847537460506625
256008013620604930
256117059891650560
259381283531137024
261551820348993536
264159664529342465
266539653342056449
266589918854266880
266846960575725568
266938678876729346
266942573984235520
266972877310537728
266979756136865792
268311884824993792
269467222471241730
278181054370705408
304281704250634241
322410046602489856
3269242153894010
326924215389401089
335407553116774400
336878982542815233
348139271984672768
348145656260599808
362872320320208896
365542153134419968
365889108784066562
365891187095248898
365896228409585664
369488912793604096
369495357937287168
369495741418336257
369499142059347968
369499731073851392
369500538527703040
369501111981326336
369501683551727616
380762690387337217
384263938675724288
386267314964144128
389757539283259392
389809055323410432
390153917096419329
390504721267822592
391513344697712641
393095871484555265
411502159578927105
442131654421659648
448790399344066560
453821148237549568
458597540104273920
480472003548155904
491806258375057408
524982590386606081
529864085597204481
540577378561306625
540578883741814784
545629321587482625
549272858795339776
552065615150604288
554343040966332416
555418039726768128
565181086792032256
569444663133757440
574458680558530560
574477070903848961
574570530210119680
578882878752190464
581887618977116160
581888216870957056
581890684723937280
587215788978802688
593523101335298048
596562919220871169
612705886117584901
620928018580516864
623919812511535108
630362013793783809
640073954577661952
641310397329485825
641324943578386432
648674305102905344
651784385318903808
