1467139013601419265
1467139682484224005
1467139686158127104
1467141344061648898
1467148154256515074
1467148529172844551
1467154285095833602
1467154408660107267
1467154743415869443
1467155268177776641
1467156595024883716
1467157714790871042
1467165566855102472
1467165886402338818
1467169061628878855
1467169064288018436
1467169523488804872
1467389000985894913
1467389088042930179
1467389214484361224
1467396318288965633
1467396571406876673
1467397205426257922
1467399016061157376
1467418013297037314
1467418319669977089
1467486954941935627
1467487113662779396
1467493921613701124
1467516990176722952
1467521777718882306
1467548584572710914
1467716064066740226
1467716586911928320
1467717250761179136
1467729019957231620
1467729634376568832
1467730270686121984
1467734098504400899
1467736105545920515
1467737490677125121
1467737549242187778
1467739979392512003
1467741487739719685
1467741643654647813
1467741758855389187
1467745645716901891
1467746194067574791
1467747103577239555
1467747565835669504
1467747570973700101
1467748638633775104
1467749092788895749
1467749649507180544
1467750259078037506
1467750264438329344
1467750687832358915
1467753295200485383
1467753489170190338
1467753491565215746
1467759510341124096
1467759514451537923
1467759930820026371
1467782565369053184
1467784859728838659
1467785179443826692
1467785239883747329
1467785294208389123
1467785369710039041
1467788562309345280
1467789031278739458
1467789748664029190
1467793433766944769
1467793534832971781
1467796862744686592
1467805023971291146
1467805462519169029
1467806547828899843
1467816694605250562
1467824368633876482
1467832607383506946
1467832925391507457
1467833205168300036
1467834023909097476
1467834974422274054
1467844714124570625
1467845764877488131
1467850118103646213
1467851026225000452
1467871242531213315
1467871245853093888
1467893749455802370
1468077108748591105
1468078968951611392
1468083049648771074
1468085572992331777
1468089288696877056
1468092043893243910
1468094670727102464
1468096409647738881
1468105057572777986
1468105689633460224
1468105965455097858
1468106167062724609
1468106169587699712
1468106269898592256
1468108459295993856
1468109980108681218
1468112459084959747
1468115115954163714
1468120030206312448
1468120366929174532
1468137191951855617
1468138201202106368
1468151695452426240
1468152542781530115
1468152587262181376
1468153279855017986
1468155490391642113
1468157135020195841
1468159071815540740
1468159326502096896
1468159399680110593
1468159456986865664
1468159525014290433
1468159582547578883
1468161482433073152
1468162261046857729
1468171017826697217
1468178323897389059
1468181325840478213
1468182035114049538
1468183433851461635
1468184577478840321
1468185077083295747
1468187584916426752
1468196697679355905
1468201709629366279
1468205011909758977
1468222010668900352
1468222467449647104
1468223326036246542
1468223483737874435
1468223525311836160
1468223549571690496
1468223631469674499
1468223803159236610
1468227503240187916
1468227544503705610
1468228077528522761
1468228099720585234
1468233105991471104
1468254155470827521
1468254157551243264
1468254160302735365
1468402368991555585
1468403008081850371
1468403589823361026
1468404425156820995
1468404528441528321
1468404667788922880
1468461441090945026
1468462196778622980
1468465829977079810
1468468256847511552
1468468326460375040
1468468430089043968
1468468537698050049
1468469976268881920
1468471838590201857
1468473293120233473
1468473295695585282
1468475763095597063
1468478819241627649
1468478825650528259
1468480652869718018
1468481390568087552
1468481417709449218
1468481653148250112
1468483867447226368
1468484177859284992
1468487632447426565
1468487637887434754
1468488255578411009
1468490372800155648
1468490736924434434
1468490757086474240
1468490932483809285
1468491080442122241
1468491171726905347
1468494122797305857
1468496715355361284
1468496720614940672
1468497863944462339
1468498082086019075
1468500574458953728
1468504691407405057
1468504740656922625
1468513656639930368
1468517642210197505
