1830079024242016679
1830088379960103421
1830094446760767882
1830096278971191419
1830115668538040371
1830116265090040303
1830116944340488632
1830117126264222136
1830117313045024775
1830117508210139141
1830117740222242892
1830118390700061085
1830118743764324517
1830119796416921665
1830120250492190725
1830120453001584659
1830120916761645306
1830121295045857450
1830121759913255286
1830123584901074951
1830123891273994258
1830124026934517876
1830129772661465313
1830129852814672270
1830130346236788972
1830131258183336135
1830132698553466904
1830133866687795433
1830134164265583094
1830136198612001149
1830136214596567178
1830136479504642159
1830139167176867902
1830139861124223043
1830141295915938164
1830142946215076315
1830142957657231374
1830142968902095078
1830143642117554515
1830144137380970823
1830145281045737776
1830146047173099716
1830146322306867461
1830146879457276175
1830146892925202614
1830148111336956273
1830148138566332678
1830151209656705027
1830151611420758232
1830195221851685077
1830195798081937827
1830197287202537508
1830199800983146759
1830200727316115919
1830224159353266662
183023077972652032
1830239775720092084
1830244245611200912
1830244497323700483
1830278188666393062
1830284762705240200
1830287239626047594
1830294483864301786
1830304550458105882
1830304656515285017
1830304689163800830
1830304703533682696
1830304743081795880
1830306756830064675
1830311225147986152
1830317267751666135
1830317410471063684
1830317417702015334
1830320214141018341
1830320660951834651
1830323265761419568
1830324091347476668
1830326851564401123
1830327909405299030
1830328044718051551
1830344759896117527
1830350373271572652
1830373785532547379
1830373816129962044
1830373986456486087
1830374051010990370
1830374066605510973
1830376099207053357
1830376231923245364
1830376248604045658
1830376354573168812
1830391137502151038
1830391199577903437
1830391265927811099
1830391313046356190
1830391357199831129
1830391411323142616
1830391445846413416
1830391607151198547
1830391755780313254
1830391867843736023
1830392277153239435
1830392297566961726
1830392309730451633
1830392325152911532
1830393192237154687
1830393862054908318
1830394103382626572
1830396140216610892
1830396235670270293
1830398125917298890
1830398506181218478
1830399115210920001
1830399300901224685
1830399349341237517
1830400591027208438
1830401126337765723
1830402320288428075
1830432960375365929
1830446443758600630
1830451818725515665
1830451943405134041
1830453487060070600
1830454330014736625
1830455983568777496
1830458267853582613
1830459340739994015
1830461529827025116
1830470920110023125
1830472185518981334
1830473067937878178
1830474292104163591
1830475189974372580
1830475357843001644
1830475622306476081
1830475820520845378
1830476013958041827
1830476037052112927
1830476108090777869
1830478935773093988
1830485061420159232
1830485625109368902
1830487040678662144
1830491418055348691
1830493840580440496
1830496211700531517
1830502664641425670
1830504857716838760
1830507395220664546
1830508281183486293
1830508965446496497
1830509723600179403
1830510653075013694
1830518720495858133
1830530957176349043
1830533247241195743
1830533794203582655
1830534096206123226
1830539386762547662
1830547567551099276
1830548336111231419
1830549003806626039
1830555550800580868
1830558531201712569
1830559012112506928
1830569031922766093
1830569035500597303
1830586555745858016
1830590719842787828
1830591991568293923
1830595359489601642
1830597409732469089
1830600583499141238
1830601161403208102
1830617972748271673
1830618053069221980
1830618776972529721
1830624571395117095
1830625516854161698
1830628946750447666
1830628962806231120
1830629208856682630
1830636552659066993
1830639230248493230
1830639233285161117
1830649664221393160
1830650222235783354
1830666643405709508
1830666780626559108
1830666958372774138
1830668193544970534
1830702427521093884
1830702461461635225
1830702474744795604
1830703241396421042
1830775921944436782
1830776873732972595
1830780644416237854
1830780745867984967
1830798263680987432
