1293953062130786309
1293964135756001286
1293964138998140930
1294085762326003712
1294091744141746177
1294094849570873344
1294094914301566976
1294095087039733760
1294100858586578950
1294143110771965952
1294147202453929989
1294147262935789568
1294150812977868800
1294166528766562304
1294172590936698881
1294187017371361280
1294190554700488704
1294194194148257792
1294197997467627520
1294200735790280709
1294205866019885057
1294205868922351617
1294206544389627904
1294207282377453568
1294208147633053696
1294211376525672448
1294211861877932032
1294212642031116288
1294212700105400321
1294213953027837953
1294220031627165698
1294225064913563655
1294271487394951168
1294294620919287809
1294304614494298113
1294305432446459905
1294306406170947587
1294315196245139456
1294322555587686400
1294325849181757441
1294326263348203520
1294334530531110916
1294334709523034112
1294336164304834560
1294336285725700096
1294467542094770176
129448615084171265
1294489045456699392
1294507464545599488
1294510215405031425
1294522173344817153
1294524112556023808
1294549814588215296
1294563607930257408
1294610583749185537
1294625430255726593
1294657642409820160
1294657686194147329
1294658183294676998
1294662523879219202
1294668900815130624
1294670068610080768
1294670117893152772
1294670348894388224
1294671107287441409
1294675485339729920
1294676213626097665
1294676504576548866
1294676567914762240
1294681371604955137
1294681374956216320
1294701109202661377
1294701241121910786
1294704285746249729
1294721239647363073
1294722155733610498
1294843704025313280
1294856481037152256
1294857976327450625
1294861583600848896
1294882608661159936
1294885309054767105
1294885430857330688
1294885515225739264
1294893255058849793
1294894600264417280
1294914829988147200
1294917275628142594
1294918458350555136
1294919091375886336
1294920543129362433
1294920728316264448
1294921161428484096
1294931015446614017
1294941123182383104
1294959233788592128
1294987755563282432
1294989466784772096
1295012615031148544
1295012951707901954
1295025649275420672
1295025654535094273
1295048962873819136
1295049532628058112
1295050417038962688
1295051319527448578
1295057883235663872
1295190747281408002
1295223792650788864
1295236973280423937
1295246558321991682
1295255785576882176
1295259141225639936
1295259499574358016
1295266541160693763
1295280784018796544
1295281523155820546
1295282880327774209
1295284520782934016
1295343876903858177
1295344538941153282
1295349812414443522
1295372794088181761
1295385746753204230
1295385750079279105
1295407062894010368
1295414551639257089
1295414651862151168
1295551459912630273
1295578731193368578
1295582341033684992
1295611134246924289
1295612698315468802
1295613169868500997
1295616320705241089
1295649058736893952
1295652748709355520
1295655615130263552
1295658325875363840
1295668205466214403
1295672557203410947
1295695335310807040
1295705510042202113
1295711638356496386
1295712295159336961
1295712317880008712
1295712423287169026
1295716048256339970
129576462452916224
1295769077156204544
1295772868580499456
129586300926955520
129586510302425088
1295925477324988416
1295927904484749312
1295986300529516546
129600196136022016
1296006695177486336
1296037362087145473
1296043993277403137
1296069928613629953
1296105294058024960
1296106242268516352
1296115488628432897
129611598963818496
1296124983190536194
1296129490964246530
129618156972027904
129618860285505537
129626515733352448
129627804856877056
129631529956683776
1296332360250609664
1296339931220983809
1296343692391804929
129635310207381504
1296354723990138880
1296354805040812033
1296359995143938048
1296362118292180993
1296364529106919427
1296368316315914240
1296372240565452800
1296375947688517632
1296379604605612033
1296380297999605760
1296380839966568448
1296382083800039425
1296382962578141185
1296385225631494145
1296388238651752449
1296388303436910592
1296403208273833986
1296412227851948032
1296417713871626241
1296421522375147521
1296434132558503937
1296446050052562945
1296448117387268096
1296455779134955522
