1475356349504503808
1475366069279735810
1475367459859226625
1475372785899741184
1475372847010701313
1475373044717658118
1475373843606687745
1475375382165524487
1475378176440233984
1475385445512929289
1475387893665308672
1475396387831386117
1475396538461425664
1475396632518684672
1475397487661752320
1475398129541287939
1475399626559680515
1475402389385785344
1475402570814218242
1475403351428792321
1475403405245882373
1475404379226185731
1475406370920747010
1475409627294490624
1475411560356978693
1475412044556173314
1475421047566397440
1475437123377324038
1475446615930404865
1475449033023918085
1475449442316685312
1475449725105045504
1475459704516067336
1475466180408217602
1475467769218953221
1475471700036780032
1475480486952669185
1475497082777583616
1475507612863115276
1475507685114085378
1475516182262272001
1475522328394022916
1475527014975107072
1475538162000666624
1475695294952067079
1475712286002069505
1475712476238860288
1475712624427892737
1475713080772345856
1475713230517387264
1475713626971336705
1475714189205278722
1475735418087755778
1475735562313080832
1475744525326839810
1475745700486926337
1475753377384460289
1475755241463107584
1475755327563862018
1475755923045961732
1475758771766919168
1475763148145577985
1475767425597464579
1475782096119468035
1475783018958647301
1475785615291473923
1475798984870432770
1475808341024657409
1475817902246744067
1475818826813952003
1475818869545525254
1475822434376765441
1475825254735888388
1475832061063663619
1475854673747660805
1475855817714724870
1475857871283769347
1475869353190969346
1475869357410447365
1475877119318114304
1476022265472897024
1476044028604944385
1476091790499278848
1476092703708364804
1476099212026650626
1476102748462776326
1476107300372836352
1476107515423191041
1476109021761323008
1476137814869741568
1476159286459842561
1476168898290405381
1476170015900676098
1476174773805748227
1476174919494815746
1476174997181767684
1476175214744518663
1476175312060706818
1476175325868347393
1476175344243671043
1476184010481045504
1476193796949897217
1476195180931739649
1476204620326178817
1476212708928225290
1476247302356365312
1476251323775401985
1476254041730547712
1476377719877169154
1476377831366017032
1476377839083552768
1476377849061724160
1476377870385614848
1476379010951045128
1476416306102476800
1476438687705493506
1476440149487546371
1476440364655550467
1476440753844850689
1476441205412024320
1476443843104952322
1476443849220243456
1476443855721353218
1476444539330039808
1476448891931222023
1476448977797087233
1476449011301187588
1476451846994612225
1476453882297348096
1476454109280555011
1476454227845140480
1476456816544415749
1476456823527903232
1476456824882618368
1476456829282516993
1476458769500422146
1476462613055766529
1476465442222870528
1476465592320225283
1476465678215307264
1476469123328606208
1476470301613383680
1476475453938417664
1476481700825690115
1476481706722922497
1476481712091660288
1476487418102435840
1476492478534479872
1476492857540182019
1476493283132014593
1476497886187642883
1476498072028860416
1476500988093624321
1476502414773522432
1476502421383700481
1476502427679399939
1476502653043499013
1476503054820134913
1476503178866675718
1476508932289884161
1476508952623939586
1476513781693902849
1476517412287647744
1476521267133960194
1476521270938255364
1476522258420035584
1476522262052233219
1476522647890513924
1476523515675176960
1476543049039630337
1476550101380202499
1476550346692444161
1476552983420669952
1476553916984619010
1476554237936947203
1476554748601925634
1476555812315099139
1476556058273337346
1476556159255416833
1476556360233799681
1476556430798770176
1476557304111636482
1476557942350438404
1476559381655216130
1476562326534823937
1476563546984964097
1476563906038427648
1476564125622824964
1476564250105548800
1476564719871746055
1476564727614480387
1476564734845485057
1476564933840048133
1476570128141545474
1476570204591169543
1476572623991541763
1476572933518598144
1476577878577803272
1476580229623607296
1476584588835127297
