1907321704600223858
1907321709201690863
1907321899111096380
1907321904077127761
1907327750664253494
1907333514590122379
1907333518302048287
1907335037244063787
1907340995642925064
1907341901797163239
1907342289732583717
1907342639818543105
1907343109677039715
1907343923632095643
1907343927134298272
1907344712765190406
1907346346534904084
1907346499899679082
1907347517857239088
1907347785365536869
1907350960252539077
1907352362337124473
1907352531606409298
1907352710648570264
1907356429117190183
1907364055024549899
1907366043506663793
1907366472713896112
1907372384048357871
1907375547430420916
1907378598622707985
1907378637432639686
1907379690974974341
1907380438987112723
1907393177168036047
1907408036043321358
1907408958324617327
1907409606713692366
1907410368541905143
1907413970899632619
1907418085453447344
1907419084725363188
1907419548258631736
1907429457675030563
1907429462695673981
1907445267953291374
1907445579250328049
1907470908408873051
1907499963795333597
1907500465484697716
1907629371994656797
1907640451018154162
1907651689307586629
1907657190456050050
1907662256713691553
1907663589130883466
1907664286488416549
1907668344213569749
1907668476287660339
1907668557049090426
1907668631854473571
1907668714792669337
1907668786070610288
1907668987153928564
1907669266335146049
1907669515552387516
1907669757861548241
1907669901046685937
1907670059675201576
1907670256287350966
1907670395496599990
1907670902851915861
1907671031612866838
1907671219630993534
1907671408609734837
1907671503648485787
1907671696875597913
1907671823631733100
1907672060056449133
1907672229581578717
1907675717334151294
1907677098933690697
1907677318556037526
1907677513398039002
1907677754901840068
1907677929686945853
1907678147362861114
1907678286915735780
1907678447809233217
1907678647529713767
1907682344518979962
1907682570990391709
1907682758001848446
1907682927087116606
1907683139352175084
1907683326925697190
1907683491325661688
1907683674264379814
1907683814874185920
1907683887515332610
1907684178243543044
1907684338990281194
1907684464865554888
1907684679227957434
1907684698161033597
1907684872505761942
1907685034242232512
1907685053796163666
1907685199745527923
1907685282117197954
1907685422425129208
1907685462770122843
1907685611198197847
1907685623642693748
1907685763954971038
1907685817662771515
1907685974001299670
1907685983123894338
1907686111826018561
1907686249759957249
1907686265320882646
1907686407230939361
1907686472532058502
1907686712781791508
1907686920664084955
1907687071474409667
1907687224499405058
1907687380695269412
1907687394985341322
1907687540720632148
1907687609096106346
1907687691837112432
1907687879444193621
1907688085216718857
1907688308907364428
1907688564097188026
1907690450766414334
1907690958423982296
1907691839915688285
1907695880343265379
1907697759240458742
1907697915553837452
1907698050107330904
1907698214125580350
1907698436444664019
1907698627721498796
1907698807892070578
1907698985751494856
1907699234838880623
1907699311841886289
1907699675337220562
1907699923551727913
1907700214267363700
1907700384862449895
1907700595051594039
1907700845166149923
1907701035361251630
1907701223169597709
1907701690511302675
1907701852411400461
1907702311280910495
1907702558132519137
1907702749304635863
1907703343645954154
1907703488181579957
1907703763235668242
1907703942806384864
1907704102802350473
1907704237913411891
1907704417282826686
1907704552788197699
1907704826735001786
1907704968028803298
1907705184526209441
1907705340327502220
1907708989481066689
1907708993323012222
1907710424453103926
1907711339939688751
1907711574938140751
1907711773291028953
1907712348107817134
1907712772302913890
1907713394049745302
1907716496366907688
1907716503509577764
1907723537546158103
1907726016153264404
1907726136462700728
1907727514727764130
1907727843305345199
1907728396806713614
1907728574959743159
1907728747425399001
1907728888957915450
1907729058307174711
1907729228847628346
1907729357570810075
1907729709829407135
1907729908895297723
