1913122981171347831
1913123024309821548
1913123063396286626
1913123369647804517
1913124361701364105
1913126006598017034
1913133986701812126
1913135869277450667
1913136425933132121
1913136694356058175
1913136717357621453
1913140276513604094
1913140286244720721
1913140301792715012
1913140597680144730
1913143845006856686
1913147994653762001
1913156368196149503
1913157944708886528
1913159319706652910
1913161079313907809
1913162162828460231
1913163093234122970
1913165838095405240
1913165873327800385
1913165894961995878
1913165913228296508
1913166600376639891
1913166606559302029
1913166612330586467
1913166617581850707
1913167793035599984
1913170016201281926
1913171575077056834
1913172442693988405
1913178193202119112
1913180857311105294
1913191647481073997
1913192123450470876
1913193486633017512
1913193541720809680
1913196341456736573
1913197050705137694
1913198248363524414
1913202147875045772
1913203153807290618
1913203237269954795
1913204736339464576
1913207769014079806
1913212956760002581
1913234499246473382
1913235274731307462
1913235290661015686
1913236642435088582
1913255364210163863
1913261943785443448
1913262456178425871
1913266800491462968
1913271609101627558
1913273365470814503
1913280443648192980
1913293953086165026
1913390100446367919
1913449983065350208
1913451500522840305
1913459328692232475
1913466037200462076
1913470652839022697
1913475010162819577
1913479709834571940
1913486175341326827
1913486506502853114
1913486849571782666
1913486936863629716
1913489290245607832
1913490063431962919
1913494142778298677
1913495020440895568
1913498832102449662
1913502664622481512
1913508854601568675
1913508952672784582
1913509733027270848
1913510356212687209
1913511297397776465
1913512067283255802
1913512081795465618
1913513632089907392
1913514127919550602
1913516091462086968
1913516096537416107
1913517045368652129
1913517052176011348
1913517058022613487
1913517063769129424
1913517069011759280
1913519043421651176
1913519047695847738
1913520164190167245
1913520168212611473
1913520172088070426
1913520438161834245
1913520601198969254
1913524380476354579
1913530665200730621
1913540572843036784
1913541131461427442
1913541794102710503
1913541846548074765
1913541885572075694
1913541968963281000
1913542098286264801
1913542118464983254
1913542179282460714
1913549778086220038
1913552421252682108
1913552546225967496
1913552753802285494
1913558927410671811
1913559126338134054
1913585731399979347
1913585761036964127
1913621602836578788
1913626986695790631
1913664357252448355
1913812371363029130
1913819488900071708
1913823004544679956
1913829491954311584
1913842568250761423
1913842810509197739
1913844512486772911
1913846385000001702
1913846409985753573
1913848191075942834
1913849696910819435
1913851141475189131
1913852887266136106
1913857668244214029
1913858218943778958
1913872768879525986
1913875633576292823
1913878298083643707
1913880465678774717
1913880614115406314
1913881274374107204
1913882736076661056
1913883272842821973
1913884577908855276
1913885181972517372
1913887866905575656
1913888674691129825
1913888684656431575
1913902967268557270
1913914640452485587
1913917738059440255
1913918736626831486
1913955962236637559
1914159658022957158
1914167211159060801
1914174757752221757
1914180064314560629
1914181588562157745
1914181700692672750
1914184017639080032
1914193221715963957
1914194395022102608
1914194884312920153
1914204586908536901
1914204846430789691
1914209749983170938
1914216870497894541
1914219566332366883
1914220709599232227
1914229832248181063
1914233022469325132
1914233270914761206
1914233680123539907
1914234602237149642
1914234755744244096
1914236199163637807
1914236212618948962
1914238892212974044
1914241436196753470
1914241792045945043
1914242063828422862
1914242495879541185
1914242647272853547
1914242862205800691
1914243014291238957
1914244068097577157
1914244125395739002
1914244614397255888
1914244634043449466
1914244653345608018
1914247224948613323
1914247243655426478
1914247296646275198
1914247323284390267
1914247348777353499
