1433462226183098372
1433464750449463296
1433493127545835521
1433636417507266608
1433658717799546892
1433658974440607744
1433658994007052289
1433660042868264963
1433664444177924096
1433671581247565829
1433673219546910727
1433676256579440643
1433681481419804681
1433685797652205570
1433686186678128642
1433686444434812931
1433687049316417536
1433688024693440512
1433698514043768833
1433698820068495364
1433698996845834242
1433699067024973827
1433703695972122628
1433703914520514562
1433704546484690946
1433706088054939660
1433707332895084545
1433709430214828036
1433710610907209728
1433711583461474304
1433711912009666564
1433713029737115648
1433713417349591040
1433713634891354114
1433713867389947909
1433748036744712194
1433775252295675911
1433778085594238979
1433781569009831938
1433783095937798144
1433784071000256517
1433785029079932929
1433786850108342274
1433787670774251521
1433787796121014272
1433792778383683592
1433796526581583877
1433797808486707202
1433800495894720512
1433807429448339457
1433813152534188037
1433813614205440000
1433813825195700225
1433813940551569413
1433817751932473344
1433824447522168833
1433844545121177602
1433848102071377923
1434015641619427336
1434030906038120450
1434030933816999940
1434031890369892355
1434032731281756165
1434033658558443521
1434034527886733318
1434034758435045377
1434035600559013888
1434036109533597697
1434036370964578307
1434036590238572548
1434037450083422211
1434037458295951362
1434037852644339717
1434038964818616322
1434040226968596487
1434041067045744642
1434042685501804553
1434060887967473666
1434061323206152193
1434061568514297859
1434061842989518853
1434062492267790337
1434062857113456640
1434063467091095553
1434065713585549319
1434066838028107782
1434067973023539213
1434074336399265795
1434107248330960903
1434108986375114755
1434114540468277256
1434114543400013832
1434115090760933376
1434120293425942531
1434120296202584066
1434123139231870980
1434123846085267471
1434126138524069888
1434130540504834056
1434131957135204363
1434132188102991873
1434132374267203593
1434132427304161281
1434132882763788297
1434133062753787906
1434134384165081093
1434138020781780997
1434143857428500488
1434155624405692420
1434157495988019201
1434160184289476609
1434160789078745092
1434162226244374529
1434162293542055942
1434162387611840515
1434162417521467392
1434162507397021702
1434169505702285316
1434176628037357568
1434181254555922442
1434186121504702466
1434186390149877762
1434186837451427842
1434187142020812806
1434187460527812610
1434187697715748866
1434188070782320646
1434188413008187392
1434188794027073540
1434189101847044099
1434189399609151491
1434189729172389888
1434190121692131332
1434190468976287747
1434191867311058945
1434192666875424768
1434197431986450437
1434204371709956098
1434205581900869639
1434209450718531585
1434359445195149316
1434359581824618500
1434363497874268164
1434365900266737666
1434376356398186498
1434376541794824195
1434382921834516486
1434384385814401024
1434387690363883527
1434389244844261376
1434389375832395777
1434389957360046085
1434390585578860544
1434391934651363335
1434398487618064384
1434399388411973636
1434399924993490948
1434400127079174144
1434400324941344769
1434400441303900162
1434401811155218432
1434402130027106307
1434402610778279936
1434403511395971080
1434404507790675968
1434406138804461570
1434415130159190021
1434415506904154115
1434422698533285889
1434431194154737669
1434450494999568389
1434450582350139394
1434451122744266752
1434452754307506179
1434461048812150788
1434494597711810568
1434494941871280145
1434494996086853637
1434516684270833664
1434523335728066560
1434524484258570253
1434527797758738432
1434527869774884869
1434528723697426434
1434534028040826881
1434716775547953159
1434733737632174080
1434734449489420290
1434748618490056705
1434751631736774656
1434752137884430336
1434752436707598337
1434755901819293696
1434758506855362562
1434760964126035974
1434762760227745801
1434763124519833600
1434763132287664130
1434765411204014084
1434767641680306177
