1526633186805317632
1526701879194841088
1526784457252151296
1526784481075798016
1526798640890515457
1526799357143461888
1526802464338345984
1526802516536504321
1526805477593473025
1526805695878037505
1526805741402992640
1526808245716647941
1526809675382943744
1526811646793904128
1526811967398498305
1526812717935304707
1526812851691696128
1526812982960721920
1526813662907727872
1526814170418917376
1526814210155458560
1526814266040274945
1526814492255920128
1526814593829326848
1526816341608370176
1526818403087855616
1526820475384393730
1526820987538313216
1526821667305099267
1526823659507417088
1526825838884560896
1526827472444018688
1526827478794108928
1526829102606344192
1526829326129561600
1526829512218284032
1526829772520960000
1526829930319060992
1526831215164067841
1526836970395078656
1526841434967445504
1526846527464845314
1526847901661401088
1526849862658322433
1526850111690530817
1526851142310690816
1526851830365376512
1526857655314051072
1526858699838480395
1526858828947529747
1526859384705253376
1526860751620784128
1526860823255482368
1526872977811202049
1526888623173681152
1526888642253234177
1526888884256198656
1526889245943934976
1526905752018817024
1526907635429126144
1526912028870225920
1526916640167759874
1526920220895367168
1526920907566235649
1526921144439173120
1526921200496091136
1526921791532216320
1526939346980417536
1526939350113480704
1526946537854554112
1526952940518264832
1526974406311804928
1526974790137184256
1526974803789627392
1526974847087443968
1526975894266716160
1526977632885424128
1526977807192313856
1526978385796558848
1526978414317813760
1526979633400655873
1527095945468715008
1527096019716304896
1527096268887302144
1527096325338439681
1527096471421853697
1527096887496835072
1527097216573534208
1527097799841808384
1527104812130902016
1527108058207268865
1527113004323442689
1527115388412395520
1527115577630015494
1527127724363759616
1527142135220146178
1527142287641169920
1527142748909805568
1527142845718573056
1527146896393125888
1527151393303277568
1527157226099515392
1527162639326932992
1527165976927965185
1527168959811792896
1527168971329351680
1527172507001794561
1527174198497488896
1527174884819816449
1527176635090612225
1527177517991604224
1527180657574936576
1527184014875893761
1527185395716599808
1527185415194951680
1527185428411195394
1527185439437864961
1527185697358360576
1527185743751581696
1527185811531513856
1527185837536219137
1527186001210544128
1527186089710333953
1527186221952208897
1527186246808010752
1527187699211218949
1527188319884304390
1527188851826905088
1527188943094943744
1527189284364509184
1527190231119634432
1527191049084362752
1527196468653998080
1527196517878345729
1527196531035893760
1527196542670884864
1527201090969579521
1527201097361727488
1527202765373833216
1527219612202348545
1527220580897783809
1527226260513951744
1527227034379771905
1527235062516764674
1527237856455847937
1527242623060041729
1527244349003935745
1527248073696899072
1527249199221604352
1527275284730241024
1527281775789019137
1527293788808310786
1527294250878046213
1527294283715252226
1527294306637479936
1527296863254106116
1527307982706397184
1527309825444499456
1527310621699502080
1527314306177544192
1527314315967049728
1527314363756924928
1527324994594025472
1527355408805171200
1527356282474491905
1527358589865644035
1527359291413319681
1527364066150600704
1527364080209895425
1527364092679589889
1527364108735356928
1527364127295180801
1527457151769542656
1527479794530910209
1527486249153736706
1527486365872824320
1527486599071956993
1527487077838897152
1527487108885417984
1527497632150847488
1527501387701301248
1527503678428413953
1527509235478671360
1527510021038256128
1527539355518050304
1527541137321304064
1527541141595299841
1527543682370441216
1527544794620104705
1527549570237861888
1527551149913481216
1527551595260436480
1527560226463186949
1527576821562155009
1527576828352745472
1527587892104552448
1527588893431738368
1527589145937604608
1527592451044945920
1527592928583229445
