1815744927579476002
1815748712045379655
1815749265823801794
1815752476894560647
1815755413695975560
1815756254142136703
1815756625065751008
1815761348346982661
1815761759669801312
1815763494215843984
1815763498980499823
1815764851182195049
1815764854554448129
1815765622686658772
1815765794045009969
1815766864649425363
1815773071745401245
1815773464831431059
1815777857807020528
1815795750145556790
1815798028026143158
1815798080823771329
1815798581837668481
1815798661114139057
1815800231075930285
1815849378265039273
1815849671077814764
1815866986242662414
1815877047786279058
1815892149411446832
1815919913019793780
1815920022046556609
1815921027966530003
1815921773583687941
1815922058981003723
1815937117794754893
1815945145721970935
1815946980096631014
1815960706371707022
1815967263708914043
1815968419167994193
1815969327843271045
1815970005139480765
1815970515124904090
1815970782809600412
1815971032353882317
1815971286331605019
1815971488085991909
1815971720773394713
1815972107890634909
1815972205177757775
1815972313449259207
1815975555130335582
1815975779630547282
1815976821671723179
1815981271748591846
1815982638538346688
1815988119122190478
1815990476811481387
1816000316661170478
1816002063761039441
1816002797818790372
1816003161288790474
1816003471415673006
1816004357386822012
1816005741393895877
1816006106461921503
1816006940151144927
1816009312009154951
1816009478501753334
1816010113838407764
1816010563128025317
1816012487189270666
1816015943920664711
1816020793253302321
1816021754856501608
1816023155040759950
1816024299779555631
1816025148161679873
1816026260868587956
1816026514288435398
1816027418110361637
1816028813874123171
1816029010289418324
1816029967286997440
1816030294992117823
1816031817805488350
1816036458702201270
1816037329959632955
1816037650026872991
1816037788552421726
1816038320025264362
1816038323607200106
1816039367749541940
1816039738522178046
1816040457522274486
1816041452386017463
1816042054604185827
1816042985689341967
1816044904071713245
1816045305609240807
1816046101549703204
1816046545403515161
1816047187530506686
1816047201803755534
1816047509787271386
1816048408592871492
1816048409977172219
1816048789515379190
1816049414722691518
1816050297589866749
1816052170405695733
1816052739866255824
1816053136710328425
1816055174663922121
1816055204376461462
1816055215684215184
1816055237989523708
1816056807321919857
1816057542877012269
1816058069132140814
1816058700085485819
1816059723629879738
1816062123924992182
1816063731811414515
1816068356103086183
1816068360758780060
1816069181516963840
1816069601186173366
1816069637743972716
1816070160954056981
1816070763528794386
1816071059965370868
1816072083467821113
1816072373226848292
1816076853414932923
1816077938804277599
1816077944227520985
1816077950003056887
1816079673497117103
1816079798562873505
1816080902805676124
1816087138313855170
1816089767647543547
1816089780050092040
1816090021683945618
1816090136800883064
1816090875258363955
1816091142276145518
1816091459277517055
1816092520813617435
1816093703209116034
1816095802865115246
1816096232923680794
1816096645899247987
1816097216337158580
1816101050040156599
1816101619261710547
1816102035995123865
1816103288455983421
1816106210011332645
1816108976569999723
1816114213854798109
1816119638834700381
1816122301298917380
1816126469288124419
1816127752367427971
1816130530095817112
1816135642595922197
1816154745209229469
1816161766969369086
1816162784033529940
1816168236632690696
1816170387115499605
1816224084767957393
1816254536220303614
1816313588526768231
1816339365901291883
1816340300933067237
1816341427477176356
1816342050088051049
1816342416506642834
1816342825996542099
1816343089663074413
1816343369867829729
1816343688873927029
1816343879177887843
1816344423963451849
1816345064244904086
1816345636364840998
1816345801121272273
1816345987482542517
1816346159503532400
1816346436159824318
1816346706939896081
1816347618261491915
1816347810465473000
1816348052049055915
1816348216897724739
1816348471185793155
