1217051007030456320
1217105194330120194
1217153414007705600
1217301944806469633
1217367101540724737
1217495082397388800
1217746867057917952
1218019105753587713
1218037734041735168
1218055833482715137
1218064005836599296
1218075438989205504
1218075635601403906
1218075715125428224
1218077248265129988
1218100323161538560
1218105999833198592
1218160985279582209
1218189709018402818
1218206266234822656
1218412004357984256
1218420839093362688
1218455798281461765
1218512369166348289
1218513649892872194
1218581751049551872
1218597291461726208
1218787969424752640
1218815812951138304
1218877508642193408
1219082452318081024
1219129895193677824
1219149306545889281
1219156450921963520
1219179076096643080
1219182316917936128
1219211806926786562
1219215674184216578
1219216465825423361
1219223023657447425
1219449853224218624
1219462197983633408
1219478970267140096
1219479390955786240
1219479858020937728
1219480974267801600
1219499347034853376
1219500069147119616
1219554408893038592
1219814605175672833
1219828074625159169
1219870182056706048
1219871403236708352
1219873408474734592
1219875697629360128
1219971026215292929
1219991264147337217
1220021761703477249
1220167407999705088
1220222033826463744
1220222900159963136
1220230536632778752
1220269854134915072
1220278393779785728
1220412547628781569
1220415337411289088
1220571071784480768
1220655847925116928
1220688439705649152
1220693268150644736
1220694460121542657
1220736568060600320
1220777457474625536
1220930334327394304
1220933147270860800
1220934591692718082
1220939939287748608
1221010848786735104
1221046118202531840
1221064439979397120
1221114129080967168
1221126015352655872
1221135739905167360
1221181299332792321
1221252109833650177
1221253920263032832
1221262516983975936
1221263051409608706
1221269859293483009
1221270110431637504
1221282016982962176
1221283025498992640
1221348903997464576
1221355095771602944
1221427409188052993
1221466414839521281
1221468142389485568
1221471000795070464
1221471383244308481
1221472124612726784
1221472277478293504
1221473735397363712
1221616074199683072
1221670885934813185
1221672735408943104
1221676174708920322
1221677120444723200
1221684159929675776
1221689326766981121
1221692556704043008
1221749171167752192
1221758807837036547
1221768011557683200
1221797292333621248
1221835691618734081
1221861968509693954
1222017633190469632
1222027237546811393
1222028452372439040
1222028525974065152
1222029057828589569
1222030194828955648
1222031277856919552
1222034179480678400
1222044118525726720
1222052071236456448
1222053945863852033
1222055024567570432
1222080739866316800
1222082298754912256
1222083695437180929
1222084704662257664
1222117196182147073
1222117837315006464
1222128752936620032
1222151341209878530
1222161725073444865
1222178439853047808
1222182562044334080
1222214835162640384
1222222676770426881
1222378712693235712
1222379546973896704
1222407138103840769
1222491485272039425
1222497858303062017
1222515684812279808
1222712405190303744
1222712601882185728
1222715845144502272
1222725444295806977
1222751932839686144
1222782897519677440
1222792491813888002
1222800333417508865
1222813823968530433
1222840179532058625
122284151977160704
1222853128195694592
1222854409748529153
1222855257694171136
1222855596912734208
1222857044274757632
1222863088271024128
1222878106848940032
1222888980380733442
1222931313054760960
1223054890680774656
1223107989810237443
1223119684813242368
1223120042750926849
1223122033896120323
1223125557904199680
1223129419218219008
1223141338431930369
1223179309952589824
1223179554023325696
1223180325167099905
1223181576898351106
1223181904649711618
1223183529552437248
1223202923137523712
1223206444264087557
1223207534120431616
1223254187787485184
1223258302097715200
1223269056809062402
1223274124132306944
1223309228414095361
1223493849361743872
1223494402229694464
1223506352674205696
1223518189696405508
1223520309174624256
1223527947903987713
1223532567623634944
1223538345378115585
1223539735861219328
1223542231111327744
1223542413165088768
