2006160876685123768
2006175978158960646
2006191076189823410
2006191076831551755
2006191077980598523
2006206177550454878
2006221276285976870
2006233111999439179
2006240053165695482
2006240164625145943
2006243513063858477
2006246707022184634
2006251911889182857
2006255033961308380
2006256437396398343
2006258435411829066
2006262272185037274
2006272814396104871
2006277015385886966
2006278233369747815
2006278760363089969
2006280942718181539
2006281474119721020
2006281641338044718
2006282887814123937
2006283206824472681
2006283338596934061
2006286770040975646
2006301640740180295
2006303044762484904
2006303248387563919
2006303895237296225
2006305347104059654
2006305350308499946
2006306117039816867
2006307442607677658
2006308147607310781
2006311003517341921
2006313348464595426
2006315034956509289
2006315915743572148
2006316567517393354
2006318360330723640
2006321639248834749
2006322574196986359
2006322985876214205
2006323920883077187
2006324726713770488
2006325276570264055
2006325563053789262
2006326298482979149
2006327879823704485
2006329294986109416
2006337751285964971
2006338064478769324
2006338436849131900
2006339680443457584
2006341386057154852
2006342908245688660
2006343838219276483
2006345397405663551
2006350456340304335
2006352681883898017
2006357172108816706
2006361805233512535
2006362224529703102
2006363311206789273
2006364721927065714
2006371483401240891
2006371693351383504
2006372272672510142
2006372651946983804
2006372688701567273
2006372800085578169
2006374875808792996
2006377996031332787
2006391885108269115
2006391913122030024
2006392691303895533
2006393008183472386
2006393772637380783
2006553464881754161
2006570562672586871
2006590933136183579
2006598762006016383
2006609966527033600
2006610851999191520
2006610858215100609
2006621549546320316
2006621619326992656
2006622186342367660
2006646145783836966
2006646337731969077
2006653886934004129
2006656018324009095
2006656138276950475
2006656401473757281
2006656754265059355
2006656859080712486
2006657181249319138
2006657405313233217
2006657812139798950
2006658026686792032
2006658557748674805
2006658574345510950
2006658810820411752
2006659310382903737
2006659565765681572
2006659811044466919
2006660602526355855
2006661384080339073
2006666564150636873
2006712140061880722
2006715316676796658
2006726583353225720
2006726593063079971
2006757620825403857
2006757758021021954
2006758062519136684
2006758274302095802
2006761978002624555
2006767221364895769
2006785353483694230
2006885651971461609
2006930952237486203
2006941993063354739
2006967979070861529
2006969369310671276
2006978612239675639
2006979930131931255
2006981163538329992
2006981316362047620
2006981483370877070
2006983258513486102
2006998232187183475
2007002984232923281
2007005263291920738
2007006380239237280
2007007941099131212
2007009182944534802
2007010806224105476
2007011754099036451
2007019542434955323
2007029107180405004
2007031465100624280
2007036277951242571
2007039645197177267
2007045770294469044
2007046315369443800
2007046472601342010
2007053752646463553
2007066972790653189
2007067133067583646
2007068641465184416
2007072442364399839
2007081756865040800
2007083043081871489
2007087943442403826
2007090942915015104
2007108375931506901
2007108390280163442
2007109079135916506
2007113312446947354
2007114288830484536
2007114316609462435
2007115196935155746
2007116083824898517
2007116147804741989
2007131032307503245
2007131058731725225
2007131240663773510
2007131385300132144
2007248040961421646
2007278238909816948
2007293338739691905
2007302297144168879
200731003696848896
2007310245018906703
2007315991508987987
2007323265430405420
2007323580485468204
2007323867279454457
2007324050037891233
2007325709656813646
2007325952007909409
2007326836133638321
2007336455820194214
2007338956401308132
2007344489980129655
200734475997556736
2007345121742950646
2007347928613200118
2007348263754879101
2007348285254869188
2007348565618897128
2007357972037644335
2007359187551154503
2007359216584155591
2007359938012831765
2007365912576569469
