1237406483165245441
1237435245521244160
1237579007870156800
1237579338284822529
1237580431223967746
1237580559313809408
1237585652700438529
1237586804536012801
1237603856533450752
1237649340451057664
1237651251791192064
1237667992604827651
1237668916836487168
1237679654435033089
1237681944072056832
1237682914407542785
1237683553845915649
1237693709556297728
1237798467021357056
1237798895339487232
1237798958610567168
1237802164715524096
1237802348287676416
1237928400519450624
1237929580041658368
1237931632402690048
1237931965900189696
1237932366649155589
1237938902201061376
1237939082593890304
1237939835261685761
1237940598713139201
1237941511607615488
1237964655051436033
1237967602749558784
1237969837122449409
1237971105261867009
1237972481094242304
1238020956288741376
1238045481764155393
1238045818591932416
1238047000232226818
1238047283943333888
1238047641834930177
1238049130917679110
1238055085873094656
1238055202072092679
1238058769721917440
1238058840920166400
1238061156301856769
1238070329282629632
1238073956990664705
1238074652209098753
1238098077396828160
1238106630849363969
1238107679907667977
1238123848710500353
1238144063175561217
1238159430027325440
1238163668786745345
1238330262318006272
1238330557253054468
1238361048723255299
1238362406541279233
1238364045809291265
1238364602611597312
1238365970097262592
1238366798031908866
1238367493254549504
1238375513871110144
1238375629470326784
1238381965440462848
1238384218775752704
1238388476191444992
1238391193798455298
1238391746695839744
1238399747905343488
1238399886254436354
1238400416263467008
1238408904893054976
1238409766721843200
1238409954488242176
1238415958043054080
1238416245977796608
1238416567408267265
1238420455398100992
1238422232596008960
1238422818531897349
1238422962736259073
1238423049826750464
1238424070825230336
1238425134681042945
1238425210753146880
1238432531352940544
1238433680923619329
1238434275113852928
1238434384765575168
1238434806548926464
1238437412251951105
1238462077791952898
1238471205184659457
1238471307898933248
1238471566796533761
1238477552152219654
1238489116737540096
1238489705903095813
1238491085283790849
1238497201732464641
1238514160960331776
1238516765790883843
1238516783293689857
1238672009946488832
1238688285213376512
1238727850825379840
1238727966328119296
1238755609828155393
1238766756107145217
1238773664281055232
1238773676440354817
1238773703048982528
1238773743473709057
1238774321843060741
1238774463308521472
1238779839802265600
1238784172010831872
1238787714108944384
1238805176154120192
1238808949035425792
1238812533286264834
1238815465746518021
1238821678328602624
1238829168923537408
1238853324050333698
1238854775090757632
1238868355764936706
1238987577056616448
1239034209282318336
1239036350264946689
1239036479126614016
1239124617995804672
1239197196915888129
1239214348796493827
1239215831210323969
1239229538845872128
1239229808850038784
1239236938025938944
1239239023702368256
1239242285394481152
1239247012538675206
1239251747324833792
1239254393654042624
1239255730277900288
1239255757498941441
1239256091621457928
1239256113335369734
1239256715054526465
1239256779424481280
1239256796889571330
1239256831278620675
1239256845484777472
1239261376205312000
1239261978654199808
1239266036341297153
1239266769216262144
1239273970626523136
1239383301577564161
1239384375583633409
1239384792199598080
1239386492578877441
1239411878859657217
1239414378237030402
1239414407429406725
1239509475511263237
1239522446266396672
1239527489724018688
1239558062719078400
1239558727369289730
1239561076267552768
1239562253440974849
1239563014233153536
1239564544965357570
1239565942725603329
1239566996557062147
1239567736792969216
1239568811709218819
1239570398225682432
1239570882495799296
1239571526090776577
1239572374451654656
1239573432800382982
1239574424065421313
1239575253438722048
1239575667953418240
1239576177674604545
1239581250089709573
1239581891474288640
1239588533079162881
1239588766412505088
1239588829368954880
1239588928774012928
