1803767029562020296
1803767844225851707
1803777749032804533
1803780230357889258
1803780256848859545
1803780428173893635
1803780462214836511
1803780792818250157
1803787386087960594
1803788571821617228
1803788676964798621
1803795370868347150
1803795375079477286
1803796375584342098
1803803181610410349
1803803205937291759
1803803268671582393
1803803464218370555
1803805891927687421
1803812676239228991
1803824138177675629
1803824272395186527
1803824587660259445
1803860366843064711
1803949202126565817
1803992793439965623
1804000449823195357
1804031082171699217
1804032257247912157
1804033066769486006
1804035514535940099
1804036414046376437
1804037853699280938
1804038810453332117
1804039733267624430
1804039995344458226
1804042311321657813
1804043808210063474
1804044169578696722
1804044695711916367
1804045179273314402
1804045392109007251
1804046411450978806
1804046626727813532
1804047058577568191
1804047375943766210
1804048281938596111
1804049498068652146
1804052457032683664
1804052774860263552
1804053996237144353
1804054019964534823
1804054042139857399
1804056394842411278
1804061783101182351
1804062204544848116
1804062475484340545
1804062683031073105
1804062998677590167
1804064246147555395
1804064796981236198
1804064801792180663
1804064806695244046
1804068326907482118
1804068649558511684
1804068960062890255
1804069286610374769
1804069314716406194
1804069605058793807
1804069854133284903
1804070152230834606
1804070682944508352
1804070865774219368
1804071401168736772
1804071438984577238
1804071455283646493
1804072390932205994
1804072792998178892
1804073071353172294
1804073733176594814
1804073932292788298
1804073945450319903
1804074527582007338
1804074924019269943
1804075234716442962
1804075543824077060
1804075914353086555
1804079787725721818
1804082525356368117
1804082533845602380
1804082579634606591
1804082619627507869
1804082651000668171
1804082878629974265
1804086210668966284
1804087309928947910
1804090438997164061
1804096719753269720
1804098859758686493
1804103281523986816
1804103833070805101
1804119532522606635
1804119911419252825
1804121327462420839
1804123293064269978
1804125946926321978
1804125951426728115
1804125956464087246
1804129860354298129
1804129883402158306
1804129906059809025
1804138493662085604
1804138865935942054
1804139103421620250
1804139845888942411
1804140205877625146
1804140206137713116
1804140381384380776
1804140525416534162
1804140582060601549
1804140851280441349
1804140935971794976
1804140941277909403
1804141282912018496
1804141288549167503
1804141605437239377
1804142157512491088
1804143098529820700
1804143744242917633
1804144327456899126
1804144835927957663
1804144869981720663
1804145340997566901
1804145543179858158
1804146822530617854
1804147164379013406
1804155337584308305
1804155517516054745
1804155769333649729
1804155937378439299
1804156289184076140
1804156912969355741
1804157053252047092
1804157876296126809
1804157991467520147
1804158096186708067
1804158207067324454
1804159770871644203
1804159952887361742
1804160123595796974
1804160284925530461
1804160463976173854
1804160604082704842
1804160751160168972
1804161007415365839
1804161120497996025
1804161260482892103
1804161400610422973
1804161504972861718
1804161619028775215
1804161899208282377
1804162039067349393
1804162154259714081
1804162267325567204
1804162402252132815
1804163120157630626
1804165758962086072
1804169981174948177
1804188621211340860
1804189624212034017
1804346558789648414
1804347456345280608
1804351137082200317
1804385599782293869
1804385619793051779
1804385645043028355
1804385695332802954
1804386019774480654
1804388471987220599
1804390143958356242
1804400003764621447
1804400919704199413
1804401665505739002
1804402178964230477
1804402745325293583
1804404844196958501
1804405465633505506
1804407581320057087
1804408077158092957
1804413055905730691
1804413987011854700
1804414314230538429
1804414522444165447
1804414765667672422
1804414998459846816
1804415729556488354
1804416515615113569
1804416945501897079
1804417896279363983
1804418086163849336
