1414826592975556608
1414826767332773910
1414833820407275523
1414834075483791362
1414851428657496064
1414852281711808512
1414885586725314561
1414889672405180424
1414890002413064192
1414890961742692354
1414891158694621187
1414892038223405058
1414899412514447364
1414905541902487556
1414906428079235072
1414909826795118592
1414909856075587595
1414910252928049152
1414912908195033090
1414918113175343110
1414932306830118921
1414933346677788672
1414934536891166720
1414934948834725899
1414937543582179337
1414939724716802052
1414942993631510529
1414955812510998555
1414968191202205698
1415134537009352708
1415135053382754304
1415137829672275969
1415138812724871171
1415139472363036672
1415139592332664832
1415140868806242313
1415151384270315521
1415170756405719048
1415174845755650048
1415185013260255235
1415185891023224833
1415213790589714432
1415222635391184899
1415245925648244739
1415248235933757442
1415318488130887683
1415337097179787265
1415381342792028162
1415506413426675719
1415507210646532097
1415507298294767616
1415509141951422468
1415519571092459520
1415558613033099264
1415566691606491141
1415629188078313472
1415629455117094916
1415629826614915074
1415631103709253634
1415632799688642561
1415642223744483336
1415690416297447426
1415705091319816195
141572066385207298
1415727381138927624
1415858231432208386
1415858945311186947
1415922012610973698
1415936546172137474
1415949504918872064
1415954846063022082
1415954982084366338
1415959562390171648
1415966553665773569
1415975531741208584
1415980506630422528
1415983594380558341
1415983777545785344
1415984041233317894
1415984247953707011
1415988452839940098
1415995171158720512
1416002138442911744
1416003304891424772
1416004144154906626
1416004409121669121
1416004646137516037
1416008681548779520
1416009008255692801
1416011181467181056
1416028847053496321
1416029729900032009
1416031103064760325
1416031907310030853
1416034517530206208
1416040119010664449
1416043015815131136
1416043346561167362
1416053439075737606
1416056426905042945
1416062309898674176
1416066022679871489
1416068175553204226
1416069462998982660
1416072392623869952
1416077322801713152
1416077935102947331
1416078195669958656
1416080970155843585
1416082462678020098
1416083497983168512
1416098622756720640
1416098635230564352
1416098864776433664
1416103550376046593
1416103552628318208
1416109868377804800
1416233570822070274
1416234384705744897
1416234511864455168
1416235165769109504
1416236737823535107
1416237636109307909
1416253743188779009
1416255269684748290
1416297752103854080
1416314550740086787
1416321734681137152
1416323257859411971
1416323343104364545
1416327972114423809
1416328575356076032
1416329643200704514
1416330128792064004
1416330189722636292
1416330407138586630
1416330614148505602
1416331054755975169
1416333177207984133
1416341243211096065
1416355938303234054
1416392009632210948
1416392548839419904
1416392789554696194
1416393013824081924
1416393259291594759
1416393486681579522
1416394706011910146
1416396673408856072
1416397056692736002
1416409607866503172
1416409978450051073
1416410477668683779
1416411285802012673
1416411712576626695
1416412091460644868
1416412885777993730
1416414819964489731
1416415604139958272
1416416362499493897
1416421202478854148
1416421242723180545
1416421714393657345
1416426449314095104
1416436595230576644
1416441614369628160
1416443146582433793
1416586934370009091
1416587640975941634
1416589464298692610
1416589628509888513
1416603557231427587
1416603630631747585
1416604803493371905
1416605819169173505
1416606009225744388
1416606342077239298
1416608424096194567
1416627054351581185
1416629510280081409
1416650090643529729
1416663516946206721
1416664995580940290
1416666223702462465
1416671893445222400
1416691561279066112
1416692257978142721
1416694180626067463
1416694416505401346
1416695810473873411
1416710413366878209
1416710784822902788
1416711443672489987
1416712843777372164
1416719553300623360
1416741021711405056
1416756506297475073
1416781990133567497
1416782435480604673
1416782513557557248
