1441393649019809798
1441400873729417228
1441403713092931592
1441411515479773190
1441412594833637384
1441416419967524867
1441416691284525058
1441418010347012097
1441418067205001225
1441418210264240133
1441418634715230215
1441419570988740627
1441420716629323788
1441433234923921419
1441434733523603464
1441578691125923848
1441579274150973442
1441579349770063873
1441580322584346625
1441580380763475973
1441580397314260993
1441580971669614593
1441581088866856961
1441581163026337798
1441581305985048576
1441581872543272967
1441590146936164352
1441590186526183427
1441590245217038348
1441590288846241792
1441591243817963520
1441601186759540744
1441603166676533258
1441604636725571585
1441604841260785665
1441604883933634565
1441605085952315396
1441608901707776002
1441608903821697028
1441611705109270529
1441613849820422157
1441613937636564994
1441618876676993032
1441621974548107264
1441622149983178756
1441623965693210625
1441630738835656707
1441630837267595282
1441631973265477637
1441632414091018246
1441632786624827392
1441644601077497861
1441646221190332417
1441652979157798916
1441660272863678470
1441661076496478214
1441662753530208261
1441665210780053508
1441666665335312390
1441676328994967559
1441676329225572357
1441676872480219139
1441677173945823238
1441678504546877444
1441685420845060100
1441690595643121665
1441692663070167043
1441693192244502535
1441699907992113162
1441708977155313664
1441710137157165058
1441712562056273933
1441712565109735435
1441712798078173185
1441715900017627137
1441757554267226112
1441758528742457352
1441758737971048454
1441759032729952256
1441761168855425028
1441762531157045260
1441764575066537988
1441764779605966852
1441767256770297859
1441771315648614412
1441771367741804548
1441777057688539136
1441786338282377219
1441791608534364164
1441803826227384327
1441807866864619523
1441953549479407618
1441953888802799623
1441954095846211584
1441956995519553541
1441958622867574786
1441962991730057220
1441963048747470857
1441963609463033858
1441963916150460420
1441963932273430528
1441963966289244165
1441964026460729347
1441972131844091906
1441973510243454977
1442008191051653120
1442008191353724929
1442011168546062337
1442011638400368643
1442012636619493384
1442013790317395968
1442016814578364431
1442019791217127434
1442020608951209984
1442022872189333515
1442053026487828480
1442067133706342406
1442073207117209617
1442091278473203717
1442092822861991938
1442125256127250446
1442126130123718659
1442129103788728329
1442129835938103297
1442129940011372554
1442130985689124865
1442142709607657475
1442144781916729351
1442144854377525256
1442144912162504704
1442147443101995011
1442148293253816323
1442148319447322625
1442164205646352384
1442165984303869969
1442166859269165057
1442169608035725317
1442315412222320643
1442315938842365961
1442322412335288320
1442328139409944577
1442328304132845568
1442328705032802313
1442328780433854474
1442330681057570820
1442343145396576257
1442353486780256257
1442354368938864641
1442354531006746624
1442354751258062857
1442367851629744128
1442369109136609285
1442369428574785542
1442370821163413508
1442372720449114112
1442377931041349639
1442388685215846406
1442391644737703936
1442395164526346241
1442398427824881664
1442399785063895045
1442400621097750535
1442402984785154049
1442407221673934848
1442407626361372674
1442409760007987200
1442411428653125632
1442413157083873285
1442419396882755585
1442422179698659333
1442423274663600131
1442450566844612608
1442466277130326029
1442469028853784582
1442471999050113030
1442479128569991176
1442479150342696960
1442479178838732809
1442481754233737222
1442488127176646658
1442511868501712906
1442518653178548234
1442518669351784450
1442518835504975874
1442519663095607298
1442545031592615939
1442549035043155974
1442563150524551175
1442679051408138246
1442679340378976262
1442679405445148673
1442680151435735044
1442680221094723589
1442680275771686916
1442680462862811143
1442680537928253442
1442703435975983104
1442705172908503048
1442705188830081024
1442711463810899970
