1996534551875928536
1996534992890155186
1996535398772916593
1996535909186236878
1996538553652986051
1996539566074003931
1996543075632759009
1996543098311307745
1996543341773918386
1996543373336010874
1996543788978987029
1996552579963330825
1996552995383971928
1996554289469403197
1996557782028521506
1996558883498991744
1996559930409779606
1996560241954271330
1996560575137268168
1996560633219940394
1996561191678959845
1996561266249507034
1996562672113091038
1996562907002523998
1996563760241344607
1996572700098306411
1996573051291673079
1996580258364211227
1996584022127071307
1996587799777358107
1996591697644630497
1996595598917521839
1996601806273790404
1996602925301502274
1996602976409157813
1996603535148962129
1996603566333808889
1996607041628983347
1996607404784620017
1996608370069950958
1996608922237775990
1996609174378287561
1996622953401012692
1996639974117331290
1996656751509180611
1996672102485938449
1996687202126811600
1996738792066371916
1996746347287068747
1996753893770883186
1996762196257181776
1996763320502956045
1996763431140315577
1996768990652420348
1996776546405699817
1996776549282881903
1996784092449222861
1996788118515786182
1996791639990304884
1996802964699373850
1996804227088466088
1996806744052584522
1996807780075033040
1996810581865848836
1996811313025323087
1996811996717895800
1996817574680777134
1996818857148006748
1996819626362393012
1996820374139584652
1996822537842671681
1996822594369077372
1996830186210578829
1996830250781831262
1996830289356890490
1996830351956889850
1996834788100177945
1996837140425293881
1996837303982133506
1996837737878769848
1996837758904738016
1996838197008257086
1996839137488621962
1996840593637757192
1996844223124197867
1996844535864086628
1996852637741002949
1996853168765129076
1996853442791592350
1996853615592722779
1996854051246690590
1996854705851715586
1996855460339839293
1996855772848992345
1996855779765420505
1996856360424919388
1996858557904343297
1996858665123651689
1996858670009954384
1996859552093163578
1996859557780640101
1996859715536728452
1996859940498268659
1996860947932262744
1996861196834951325
1996862080557961710
1996862084437717338
1996862128620556497
1996862179174502576
1996862337178095715
1996862827701899503
1996863179046207519
1996863183827648911
1996863916694294985
1996863922121723938
1996871274317205813
1996872133792923786
1996873239143096690
1996873245195448584
1996873659395486188
1996874522495197330
1996876762802979164
1996880617561346219
1996883747409744260
1996886196233162898
1996886468720316842
1996892446970831042
1996892798050799920
1996893299626725849
1996893701109674223
1996894199237771414
1996894594643148926
1996894971346276740
1996895358463758809
1996895737574314298
1996896087584743880
1996896421543662066
1996896809508388903
1996897340683178248
1996897990578229306
1996900983683928329
1996901378472747018
1996901896595165528
1996904598515421601
1996904633248502200
1996908937631928809
1996909556530819578
1996916759572705743
1996917539746861519
1996921664580551061
1996922397707161687
1996923550239019093
1996924410083922334
1996925589765476709
1996926555969532067
1996929548160803218
1996930399771979815
1996931476877987850
1996934324558692726
1996935087460581780
1996951610917056948
1996962586076893415
1996963134872211481
1996963208863928789
1996976156453765610
1996976546649985482
1996976687423393807
1996977046745162117
1996979393550574043
1996979404132786302
1996979563247927472
1996980224245092425
1996980366515884339
1996980838878400975
1996980983627944039
1996991097730720086
1996994610883973397
1996994702617497639
1996995273625928115
1997000596822581408
1997016262560670064
1997016416856559637
1997017112599253425
1997017334452834492
1997101182699934143
1997116280185254271
1997125473760125373
1997125960983044509
1997126339699302430
1997131380212617339
1997146478117376499
1997155517966504442
1997158240568987965
1997158314199920678
1997163600285442460
1997165259753509228
1997173774991728687
1997179193793061340
1997180426733981984
1997180842268115408
