2005226616084177084
2005227340746653899
2005239243275440365
2005239269267562680
2005253416067674489
2005253534892355840
2005253566899138643
2005253645676499043
2005260137225990318
2005270006884393081
2005272988384661888
2005276946108960934
2005277178146251119
2005287308162138264
2005289566648021127
2005289792519712951
2005289928171868292
2005290757050266111
2005290813518180605
2005290905461490131
2005292568087834625
2005294100854243656
2005299527117647881
2005299532041801968
2005300325989896559
2005301840779575668
2005302545947013530
2005303365618872615
2005303493352210665
2005304825500844183
2005311398033965210
2005317382542401897
2005317901201674508
2005318594704577022
2005319225938985410
2005330589659087285
2005331586108227783
2005340417156669635
2005436100719030386
2005451200007647233
2005466299548172342
2005467729055355071
2005467952825692267
2005487376404258907
2005496061524336671
2005502393560260800
2005536301634949183
2005538638034247697
2005539903271256400
2005540276396503042
2005541447416811822
2005543260106985556
2005546035662495957
2005548879874502698
2005550254335406565
2005551540623589588
2005552458140164255
2005553669094379803
2005557762206654815
2005557914216677714
2005557931623043463
2005557945590022599
2005557998643737040
2005558464224072185
2005559916875141533
2005560555025952802
2005561748527652971
2005561751866400952
2005562579524219025
2005564530806632464
2005565568007704961
2005574055538331954
2005582336960999551
2005588257288094118
2005596092600287417
2005603326927475194
2005609777360220418
2005610744566751404
2005611849132478858
2005611855281344728
2005611907026469155
2005613729355124994
2005618824830472550
2005624932064223486
2005625810645143957
2005626191802503325
2005626208638456309
2005626223754662360
2005632384725811699
2005660733519077454
2005662527477383448
2005662575816827352
2005662643026350104
2005664070918357389
2005664101155123391
2005664609651581298
2005678669243764839
2005678709458755877
2005678731244040197
2005678846272790751
2005678888475824224
2005679222703231133
2005679244412907869
2005681129203065073
2005681603683680336
2005682881264558479
2005700045476356159
2005798740368527402
2005813588645007548
2005828688705892664
2005830040509112344
2005830509860171853
2005831158416994622
2005843788288385202
2005864528190521554
2005876132005196255
2005879423384400252
2005881039638700349
2005883063549763663
2005884257810669732
2005884414740595036
2005886857230548996
2005890225449406731
2005890832541630931
2005891250810151001
2005891268719611987
2005895312217362735
2005902052598440090
2005904008133611650
2005905299484311868
2005905552149541268
2005907024039797202
2005913263130005909
2005914811079745907
2005915477533671881
2005915951418728874
2005916525765747110
2005917804034416655
2005918253823234150
2005918616295035092
2005919344510001562
2005920302908448969
2005922190173393394
2005922624967516391
2005924048929452364
2005925099636207896
2005925103628935495
2005925418042614147
2005929665983377476
2005930625685971436
2005930630467506673
2005930633210863979
2005930637413216268
2005931018209861639
2005931752397701409
2005931756306981190
2005932386429882704
2005932392884887963
2005933278554177685
2005933283407024473
2005933858848662013
2005934741762236748
2005935738492190877
2005941632609444241
2005949525437944206
2005951591589830694
2005954446535069866
2005955429155610923
2005955435216457922
2005956035631014016
2005961697161535951
2005965246322860405
2005966467247067273
2005968004790866142
2005970103532412965
2005970224391311807
2005977129490735202
2005977436610240662
2005980431603454378
2005981780898373797
2005981786841780682
2005981793460355521
2005982153755291844
2005984745122062582
2005989857924112695
2005994736637870352
2006001911473005032
2006002533102412075
2006023019073069160
2006023183690805718
2006040216620978582
2006042661623656783
2006042684436476011
2006042703235076485
2006043665731375373
2006046729775505570
2006057325199778066
2006058627489284327
2006061654593921373
2006069147466359196
