1385415734780588035
1385425734215163905
1385426910491004929
1385430322557243395
1385430382531604480
1385430539016949763
1385430705270784010
1385430761675780101
1385434297952256000
1385436074982342658
1385436250849484802
1385445445887926277
1385445845881946118
1385445954376003586
1385464663958302722
1385566906979995658
1385569667641593856
1385603664572604418
1385603682100662278
1385603941216391175
1385618790210183171
1385628662846816259
1385628788130603008
1385630353889447940
1385775115665768453
1385775192392159232
1385784446859710468
1385786719883067396
1385789700657405957
1385790462280179715
1385790972324323338
1385793400071352323
1385793819375853570
1385796150331011072
1385796228034621441
1385797831907151881
1385810921109409792
1385811011244945411
1385811107848220679
1385813316921020419
1385813662468771847
1385813707091972096
1385813914961678343
1385814854158618624
1385814962786902016
1385840488939364359
1385841350919090178
1385856696107495424
1385856776872939523
1385859245912977411
1385873963826376707
1385874231536148482
1385877223803002886
1385877486899105792
1385888058466177024
1385891550924742658
1385891772925022209
1385891964470530049
1385955557014577154
1385956051707523076
1385989369425633282
1385990950468481028
1385991182203854854
1385993931993731072
1385994093776363521
1385994148826652675
1385994413105582082
1385998923798515727
1386003586987921410
1386003588502093832
1386006228204015617
1386006231530098690
1386008670782189573
1386009575212548097
1386011440025272327
1386011902526976002
1386012861701394436
1386013202798964737
1386013261456310277
1386014101856407562
138611477979471873
138611499081011202
1386159927001894917
1386161631067996163
1386164127333187586
1386164162582048769
1386164247692939264
1386164406275383296
1386192454928326657
1386196695470415875
1386216337286918151
1386242475031896064
1386269166118707204
1386269205205458947
1386269688443801600
1386269835550597121
1386270472820518915
1386319968527032321
1386320213260476417
1386335874959302660
1386337148597522439
1386337436351926277
1386337498779975681
1386341370378416129
1386361482686828546
1386369303528706049
1386369501759823875
1386369722472493057
1386520387123499009
1386521579920580614
1386537032323792896
1386537321940410370
1386537390500581376
1386544638643740672
1386546646188625925
1386546670473646080
1386558806650351616
1386596410259169281
1386599845813637120
1386603336799965191
1386606040007905288
1386614359128829956
1386614533146304515
1386614702046810113
1386624293140762625
1386624724353134598
1386624889000370182
1386624933589970947
1386625019170549765
1386625143699476483
1386628611797446657
1386655417611132931
1386684270500978693
1386684279166361604
1386689191795253249
1386733267546632193
1386733431090946049
1386865303938756610
1386865590371971073
1386866445926105088
1386866459389808643
1386880396378263557
1386880878240882694
1386882022421893120
1386891768440836097
1386891878704893959
1386907613204410369
1386917028024393733
1386921410707156996
1386921725737136131
1386929948389044228
1386931249902616576
1386931756234772483
1386932993386639363
1386933081949437962
1386933473865129988
1386935407049199620
1386938406270234626
1386938501170487298
1386938526244118530
1386939359404859393
1386940546183163909
1386941776154415105
1386947041159352320
1386955242751754240
1386955482124873728
1386955659153838080
1386955685670227970
1386956208112685065
1386956502972338180
1386956530449207298
1386957011921694723
1386959370953531397
1386959559034478592
1386959594220515335
1386970145206112257
1386989513646346240
1387003623222046723
1387010384050102274
1387012904973602822
1387013931714023427
1387046206702952451
1387059326355791872
1387060891946938377
1387218547588222979
1387218945376092162
1387219072123752449
1387234765510627332
1387235947129958401
1387236007670521857
1387236051744264194
1387236313275928582
1387236924251721728
1387237236916195328
1387244993727762436
1387245045158268928
1387245459639472131
1387250501398392834
1387252377271496705
1387277952434401284
