1231936324266909696
1232148704217288707
1232170301976236032
1232171566101745664
1232172083058110464
1232178370521137157
1232179248372207617
1232189503873269761
1232190334869725184
1232239787911680001
1232256657234640896
1232257221850873857
1232257694553133056
1232258562744709120
1232258852759855105
1232259052719067137
1232262794789056512
1232267089135702016
1232267244798988288
1232269767840432131
1232279649389961216
1232288756863922177
1232295470187339776
1232295490433187840
1232298351699214336
1232301937711710211
1232303198301343746
1232307337240727553
1232307501758062594
1232307627721445376
1232308863300321280
1232313697319604227
123246843848163328
1232482149707599872
1232485452159938561
1232485934983024641
1232487039473352705
1232501133362462720
1232501421553090561
1232501659248533506
1232510177628192768
1232510287745470464
1232510427629674496
1232510767624155137
1232534671235223554
1232540150577553408
1232561913697067008
1232561945615663112
1232581449083211776
1232581570642485250
1232588466082369536
1232591535872430081
1232600596475043841
1232604685015498754
1232629736506966016
1232657208057286656
1232699446602825730
1232713337118412800
1232754575632785408
1232755352765992960
1232839345452789760
1232839590937088002
1232839915957825536
1232839993497935872
1232899714892173312
1232899719682093056
1232900780572594176
1232959062465118208
1232974178334068737
1232982684734935042
1232988151511040001
1232996833665794048
1233050231643631619
1233065475635957760
1233067681835704321
1233074463068934144
1233074548322422784
1233074651577733120
1233090189888606208
1233094274587090945
1233211823857364993
1233212041940226049
1233212404881739776
1233212749150216194
1233214099934236673
1233214439769300993
1233214596091002880
1233217025679319040
1233305170638819328
1233305540291256320
1233306097101881344
1233307111758561280
1233320944891875329
1233325031674929152
1233330049102700544
1233337803259314176
1233356731423449089
1233358026771353601
1233362163923701761
1233364152480980993
1233371535248805889
1233373977243832322
1233374221935378432
1233375558085431298
1233382314685583360
1233398856978595841
1233398937265926145
1233402015448829952
1233442109903912960
1233442916955119617
1233443427712290818
1233473185682771969
123360280460787712
1233629035403431936
1233631486630219778
1233635388721221632
1233651339000832001
1233651480873189377
1233706367233359872
1233707441654648832
1233708677485383680
1233712036825071616
1233712424257126400
1233712778357030913
1233729109836148736
1233729513407832069
1233729867407073285
1233737539409760257
1233746721034760192
1233808634338873344
1233839880519770115
1233976495187644416
1233982646067322883
1233982681706307584
1233982759288307712
1233982783237869571
1233982800405159939
1233982812950351872
1233983223409119237
1233983386391400448
1233983476505948160
1233983870774710272
1233983896590700544
1233983933185957888
1233984058830573568
1233984116540035073
1233984211016658944
1233984391027793920
1233984733828329472
1233984908651003905
1233987419311149056
1234001574927589376
1234039594779381760
1234053624793186304
1234082142423900161
1234089089483198465
1234089697095217154
1234169558551822336
1234177970895327232
1234178225464414208
1234179679981977600
1234330906682257408
1234334490379448321
1234337137362751488
1234338450117025792
1234349679896170496
1234353626530766848
1234355788010811393
1234358374587719680
1234360339522715648
1234362126904356864
1234366630974476288
1234368613122883584
1234395077520154624
1234406822368268290
1234423891348471809
1234430415357636609
1234431484183736327
1234432789413421056
1234448614090395650
1234462946882768898
1234463019360387072
1234546783046340609
1234568416083578880
1234727234956455936
1234761067328204800
1234770920373243905
1234779082182672384
1234797069891768321
1234797973307101184
1234806090669248512
1234809803572035584
1234809942248284164
1234823023019974656
1234823076358938624
1234827251683749889
1234830318172946432
1234830830834335744
1234831732748107777
1234834948369997825
