1861390093048782877
1861390610109997323
1861391317252874298
1861391907898941577
1861392236031942946
1861394242872189401
1861395465557917887
1861399902083019261
1861400005770436753
1861402628149952764
1861405599046738006
1861407120786358690
1861409865266028775
1861409978117959729
1861410821693132906
1861411471114334617
1861411474134180008
1861411990289465493
1861412953666527344
1861413884839764058
1861413889403166735
1861415174760210852
1861416090703929410
1861436747273642007
1861436802646843498
1861436874860200148
1861436979424165919
1861437125977309650
1861438381206708513
1861441241311068404
1861448935954346454
1861461058818580614
1861469108904304745
1861587561459954061
1861610574422966718
1861610988627202156
1861622005398642839
1861626694412706284
1861627915848557015
1861628518099992736
1861632613397733780
1861633170384527744
1861633401767502246
1861634006594605184
1861634463102562615
1861634869518049414
1861634994629943519
1861635248972537933
1861635459862143006
1861635503986221179
1861640031632318872
1861640055736938555
1861640115853947121
1861640141686624330
1861640880937148881
1861641398761439400
1861641821627260975
1861642347257438309
1861644208626639233
1861646717210513797
1861649789575930002
1861650611873423466
1861652192391999543
1861655755780432221
1861661229875634582
1861663565444456852
1861665278935081038
1861665309360562283
1861665392822984886
1861665959855169825
1861666502333866240
1861667890996617470
1861668479704932644
1861669035068539067
1861669604533379541
1861670662328459675
1861671502996976076
1861672968067391606
1861673147122229383
1861673151622717542
1861673755858415824
1861673759490654481
1861673804415803642
1861674352330371308
1861674680496890155
1861675246866366801
1861675286619922883
1861675973667864911
1861679502604329144
1861680679681171561
1861686619088265372
1861686817575313892
1861687145620218321
1861689290134298962
1861696751360741490
1861697275048951992
1861697730936254511
1861700019533083096
1861700585311055982
1861701207527653604
1861702099287093432
1861703232017641588
1861703860286595386
1861707981982928964
1861712139226083404
1861713461165904361
1861713943921893613
1861716881729851796
1861717019072270391
1861718490241273957
1861719627744919897
1861725110446469429
1861725416878387314
1861725590535250013
1861727119396810876
1861734720720994492
1861735429344477408
1861736115209896413
1861736117986587032
1861736516772577680
1861736999524487365
1861737075785253293
1861737313115717806
1861738408709870045
1861738412484792725
1861739073041486263
1861740422378438938
1861740968430678282
1861741794410877161
1861741828061753494
1861742213778329625
1861742574937202770
1861744233536995444
1861745629275570442
1861746088849686693
1861746489112088650
1861747104936603682
1861748720511205451
1861749215082299481
1861749249702002869
1861751439795552383
1861752157252547010
1861752253855711260
1861755250593726899
1861771522941104441
1861771655221301306
1861771658815746385
1861772078480769167
1861773206782201885
1861781395733119276
1861783931869336030
1861783935635914817
1861784504559616359
1861785694731190510
1861790262873440488
1861792796858020263
1861793091692413361
1861795711261741496
1861795717523910922
1861796525787251174
1861796529423765815
1861827072110510507
1861827455217987892
1861827790313558108
1861829635354296738
1861829729315147980
1861830215812460754
1861841813071601761
1861984224187719862
1861985128441909552
1861999486031335906
1862000285088125103
1862001001693425783
1862001767967604993
1862004183672782850
1862004751367385332
1862006002528420192
1862008283801977268
1862012087972892736
1862012400377176408
1862013600208142373
1862017073800777949
1862020208891969542
1862020434931372224
1862021940250337492
1862024900543983982
1862027948024635735
1862028737338097946
1862031009627472239
1862031588340662776
1862031866007884210
1862032825287119318
1862034355700543918
1862037513629773865
1862038171976094130
1862042321011052832
1862043975034769486
1862049072141701187
1862049733016961207
1862049916081586294
