1241712257228136450
1241714795922911234
1241718877970550786
1241730649515421697
1241743188164931594
1241743301666979841
1241743426799861761
1241757510207295491
1241759310771662848
1241759584739442691
1241786406017499137
1241786530575736832
1241786734334980096
1241786785002184707
1241917683278311424
1241918258627764225
1241918296674295809
1241918765438136321
1241951681866129408
1241953033249947649
1241953033719693314
1241953054934482944
1241953078238052354
1241960610029432832
1241963482318278656
1241972943153815554
1241972979224817664
1241981866728554496
1241992077770137600
1241992818371035137
1241993650973880320
1241993703020843020
1241993907535138817
1242002948021817350
1242016863841701889
1242017309666861056
1242017320450404352
1242017339995901952
1242017410166607873
1242017463782400001
1242017512817979392
1242027363321298945
1242033077930655745
1242033189159305235
1242033285867454465
1242034156521033730
1242036135255257089
1242037141917577216
1242037969852268544
1242040093411598344
1242041160111177729
1242042432562159616
1242044492175347721
1242046424633823234
1242047508899037186
1242048380689416201
1242048920412475394
1242049660791001090
1242050764974862336
1242052157496410112
1242053749540933633
1242056838817779712
1242057450255089664
1242061607611420679
1242077193888382977
1242077959776681986
1242082324189024260
1242088981585489922
1242089069263241216
1242089672286687232
1242090687446667271
1242096628699299842
1242097194095628295
1242102819714265088
1242121806452047873
1242122965015298050
1242123001967063042
1242123300073070592
1242128678429081600
1242129094160125958
1242131129538314240
1242134715957760008
1242137662510825472
1242141100950695937
1242141348649562114
1242141468787011590
1242270280614948864
1242270537012768768
1242271409323175937
1242275038587478018
1242276531759542272
1242276850090426369
1242286384783581184
1242286612467204097
1242295725456674817
1242302543885029376
1242302606338174977
1242306689518284800
1242307609668927488
1242314586994274305
1242315922104344576
1242316037498048515
1242319061440057344
1242319618665938944
1242320480003977216
1242321122911125504
1242322037630070784
1242322700053274624
1242323105676062721
1242328305442779136
1242330122826305537
1242332127548432385
1242344439013507072
1242347008989335552
1242356110146732035
1242368321510453250
1242368606765060097
1242386208778407936
1242386417897967624
1242387097022951424
1242387317454602240
1242387643742076928
1242387816392220672
1242387970377711618
1242388866700431361
1242388874011136000
1242394852861415425
1242394895983079424
1242407224577851393
1242413918980427778
1242415578322620417
1242431135533223938
1242455449234018306
1242466388771389447
1242467940244410368
1242468135032311808
1242468216334581760
1242468585500340224
1242469191728254980
1242469315779219456
1242469458905620482
1242469462223269888
1242469628288339970
1242469746735341573
1242469922644656128
1242469979926278145
1242470040366186497
1242470101527539713
1242470287225933824
1242470368759218177
1242470598913204225
1242470670522441734
1242470727745335296
1242470893801988096
1242470979424706560
1242471014514245633
1242471093652189184
1242471153085579264
1242471212325826560
1242471312439693315
1242471374461063169
1242471427179270144
1242471529474121728
1242471593890234368
1242471687158820864
1242471757224779777
1242471886946209793
1242471984304250880
1242472057679384580
1242472112532512768
1242472170879627264
1242472234242977794
1242472282708041729
1242472704579702786
1242472762553315328
1242472828739260419
1242473238782861312
1242473316046106627
1242476040313647104
1242476108311711746
1242492062903046145
1242492604488409089
1242500709888577536
1242510256590053376
1242511578961817600
1242639385071255556
1242639806695231488
1242640116880818176
1242654028502151168
1242673425467854848
1242682020859273217
1242682124143964160
1242682738357886976
1242683311928963078
1242683346523549697
1242683397308166144
1242685073184321536
1242686725152845824
1242687493083807744
1242694128829374466
