1946152215875662122
1946152903556956531
1946153436757815619
1946153921871056991
1946154445928292779
1946154939950276976
1946155046049026202
1946155582052077729
1946156794507825290
1946159081506623677
1946164571565437389
1946167689325740351
1946167739623821374
1946168232119034112
1946168874174758928
1946176733452927139
1946176753430643072
1946176886557622565
1946177272114802805
1946177354549878930
1946177538675327190
1946177984316227786
1946178749537628446
1946178873223421988
1946178878076236129
1946179789355974738
1946184088605581315
1946184595810218487
1946184972257415439
1946185840348242392
1946186333388742838
1946188324680655111
1946188943562805427
1946189662063894778
1946199389745406196
1946199944861565061
1946200553417252930
1946200831457726933
1946200889577922819
1946201806364967124
1946202117053846007
1946225509530300559
1946226599814418886
1946227381917941846
1946228628142068172
1946229225448714283
1946230137781150056
1946230668905861487
1946231284252201342
1946231824235307365
1946233208074629466
1946235956820058258
1946236315957448888
1946236520211656801
1946236695416131855
1946237036790534586
1946244405624447451
1946244719597720000
1946261379293585900
1946353691855880604
1946353771086299327
1946353800945541141
1946354245034283260
1946363600517394530
1946365702493122596
1946366338861326464
1946407400191496384
1946424760604275115
1946429063197061580
1946435855457071202
1946436502742815219
1946440986298585137
1946441976746033525
1946444694965076036
1946451946522751188
1946454871210885579
1946456031066050873
1946456940693090594
1946465509198995711
1946466571192578459
1946467451115577717
1946471614280859751
1946474556455325699
1946476514503172281
1946477509048160570
1946478377726349691
1946480729950757296
1946481770389717110
1946485149304250604
1946486986573017396
1946486991182520499
1946495745454141747
1946497291688505472
1946498405515382909
1946499705007132940
1946501602581590521
1946503072743920018
1946506286314479823
1946506725714231459
1946515115312128097
1946525186318299261
1946525569895837957
1946526972999540899
1946532328878321880
1946533572493664489
1946535168551899280
1946536989257539677
1946537724145737876
1946538757651665193
1946538962887282929
1946546583417606429
1946546588576612560
1946547788604662105
1946554975103938810
1946555145820438585
1946555973625405623
1946557318252085717
1946558248221606192
1946560802028413025
1946564694686519493
1946577029308313604
1946579325798494391
1946620219088416943
1946698542904422713
1946712253027279185
1946713650900992314
1946721713183662573
1946769387924631906
1946781470582005943
1946792792858218863
1946793263811432843
1946820959387648141
1946821053352656910
1946838028451987811
1946848229728846311
1946848823575502848
1946850429671002484
1946871158365888862
1946904434765922627
1946904558963462339
1946918011312513356
1946933748835942574
1946934277029187838
1946934578771579326
1946939682522349798
1946943517663580517
1946963366020608432
1947133361895641299
1947141203025097174
1947141831159902590
1947164374021603560
1947165687073628486
1947166521228443731
1947166681207541779
1947166692599373866
1947166951987691663
1947169627295170945
1947175009879003636
1947178429490852134
1947181111542685930
1947187212967403778
1947200678138679561
1947202011570778503
1947202694365774083
1947203086071800066
1947205228316790999
1947205929126260793
1947208381338652700
1947220210278150432
1947223907829940512
1947224578075586624
1947224764751425536
1947227958252278217
1947229347556802609
1947230013775901130
1947230018909638750
1947236341516783870
1947242786626941069
1947245214617219493
1947247600001835144
1947249108709724528
1947251323281264853
1947253177008406676
1947255615304208858
1947255759898620144
1947256847603208196
1947257735700992040
1947259621334548481
1947259843145826342
1947260458123018675
1947261530472616183
1947262578196889747
1947267787514409161
1947270072822620605
1947272060356399567
1947273796693656009
1947274920628552024
1947275471265157551
1947276034174337359
1947276355659329944
