1917510730045349923
1917518731825283165
1917519761229111711
1917520148556124460
1917522335076344330
1917524476214009964
1917526240514433149
1917527320463827182
1917528121714303054
1917529668644921755
1917529707681308761
1917542480473645431
1917543352242954347
1917544156303614060
1917548011011596433
1917556191225602192
1917556235873968544
1917556905221972425
1917557651745169719
1917558200892809705
1917559018979221763
1917563811923648902
1917563997198639275
1917564042610377047
1917564459964416001
1917565324305518761
1917566472429228417
1917581774344880266
1917582556246987193
1917583237733405122
1917583261200703654
1917583301939978450
1917583677724451270
1917584627172073726
1917584632943464755
1917585451629830489
1917586849985409259
1917586856587190358
1917587258779095220
1917587640142246302
1917588447105273865
1917589662140621190
1917589679375004091
1917590322215018627
1917594840340259257
1917597480314712369
1917598369502855630
1917599790940184666
1917599853087252941
1917599958833979882
1917600333070753910
1917601202227011851
1917616518684369310
1917616755377332438
1917618401083810215
1917620447962690004
1917626906888806498
1917631540227698859
1917637896171053526
1917639142281761175
1917640002168840315
1917755622902362343
1917781247428026378
1917784653856899446
1917798927958696025
1917806575982633241
1917807458279645224
1917808692541747593
1917808796568883378
1917816719411929525
1917819343368520056
1917821340125651449
1917821345213342102
1917825701576859849
1917836860887556473
1917840290179866840
1917841053589160418
1917841164524478545
1917841171264725468
1917842740802372085
1917842806053233019
1917843107267371288
1917844001803362545
1917846050251104364
1917850281213321631
1917858724187619775
1917858732567933177
1917903579878248948
1917939242111733961
1917941433606304235
1917982442105045216
1918121130646544594
1918161024261226603
1918165692786065430
1918169839312798008
1918173767723041196
1918175256453484817
1918176669153804295
1918181065635844436
1918182310220067310
1918182467292520662
1918182694279889068
1918185254092980520
1918190005354414397
1918210021982408959
1918214948880351333
1918215000625430589
1918217426740617413
1918218663733105010
1918219760896032825
1918224104689434863
1918226323744461039
1918226329402491332
1918227353810989077
1918227850395828690
1918227885933912131
1918229199833145446
1918229884691755462
1918230600080867432
1918231644852617292
1918232423847923925
1918233063630241930
1918233704885092626
1918234297573810567
1918238273601782030
1918239643968930111
1918240901408882992
1918241953088716835
1918242795153998042
1918243631246589954
1918247173688545729
1918249423945253126
1918250616629150074
1918260758640771363
1918261108642857344
1918261683556106715
1918262521858789868
1918263392705368130
1918267523499475066
1918268960505774164
1918270545902354955
1918277732263444515
1918278494280204290
1918278855720059275
1918281121156219070
1918285756759474503
1918287180780486722
1918289647534485928
1918295539365626122
1918298844456206758
1918299169313497546
1918299715617341687
1918311551464845822
1918312182598795336
1918312781029490759
1918312806891360335
1918313766321795084
1918316646688800911
1918333495656759383
1918336352229453965
1918376298650714554
1918534109653029130
1918548391518454143
1918549032152273208
1918552342125002998
1918553383784374288
1918558863252500848
1918561720672399539
1918562735979413934
1918564213821251754
1918571605858353161
1918572209435766852
1918573157897887790
1918580733775618469
1918596081132404958
1918597357014221189
1918605206763274423
1918606549682909626
1918609220057878952
1918621114403832213
1918622310887813589
1918624081739690133
1918625695627981099
1918629342873108818
1918636144172191960
1918636469096518065
1918637144077377867
1918639231720714592
1918663336587416039
1918689151869976607
1918690090437804118
1918690604692930951
1918707127939383604
1918707874802569561
1918711472592736429
1918711483749339519
1918711495023800663
1918711505861943497
1918711644672442446
1918713604922323252
