1838170390645899727
1838170420802932771
1838180100803580351
1838180395331797395
1838180413203742970
1838180583429525853
1838180993577967767
1838182072151601239
1838183757448360366
1838192289702678808
1838194775905968391
1838194780746162476
1838195752079692240
1838195952672534843
1838197665458184354
1838201945053360335
1838204281734025536
1838204988067021195
1838205016353722620
1838205601006157975
1838205745470308589
1838206462121910298
1838212476237963445
1838212480155410571
1838219527844442593
1838229022041415849
1838229025744904639
1838229739682799685
1838229928451440753
1838229968695988281
1838230446955708574
1838230752510554295
1838230851596718517
1838231426371645737
1838231560996167809
1838232071128678645
1838233032458940484
1838234028568142125
1838234060520390776
1838234156968599697
1838234162576122357
1838246127335866714
1838251726052184419
1838252003786400242
1838254837974389132
1838262949720301999
1838267709395472390
1838278999249744102
1838279440226492861
1838390395161788752
1838406865492824212
1838406922837332008
1838407151464673676
1838414235241533500
1838415649242255708
1838443466423963902
1838443540906393798
1838443801381081299
1838444681455374775
1838445499915071558
1838445629233639615
1838446016770474091
1838446591025512863
1838453960773894430
1838456189098824097
1838457237087383599
1838457992825704857
1838458274271625483
1838458508813176886
1838459503932772565
1838461095276855335
1838469051351257118
1838470524357222438
1838474651145805957
1838477180113715694
1838477592787325260
1838479949830971511
1838482087147602158
1838482787042758866
1838482792545685859
1838483427265515711
1838483581632397782
1838484163403616542
1838484165895033299
1838484461849305156
1838484979917164730
1838485505006276617
1838485755284664384
1838487043774861798
1838488147241427255
1838490372479013371
1838490931667820579
1838492494255783945
1838494674270454038
1838503833955373252
1838504410059534846
1838504909320392967
1838512993044177277
1838517095912415339
1838517127856206170
1838522293187940628
1838522562839556251
1838524056347238450
1838526488095719914
1838527624156463390
1838529080028725281
1838529729479028880
1838530792638812333
1838530796971528569
1838531554697711722
1838531599664656652
1838531613174698459
1838532115891102029
1838533994092335128
1838533998739660889
1838534357025247274
1838534408757801109
1838535303017140710
1838536494505472068
1838536727121527285
1838538018757415400
1838538022792384798
1838541235713138775
1838542709373510029
1838543488687968458
1838554802017505444
1838556983156236486
1838557129097253281
1838558225748164968
1838566387285135523
1838567574029897958
1838568175316996327
1838568754684530726
1838569767193710836
1838571232591253699
1838571239490883903
1838577999295414409
1838578049274777702
1838579143635542078
1838581899339477460
1838581959234142520
1838582464966427058
1838582653093843071
1838583002994979094
1838591643756155320
1838599668823134367
1838600153378246728
1838601269973520896
1838603480501559464
1838606262134804616
1838612460351427035
1838614053368836525
1838614320885739616
1838615376680358057
1838624161457115382
1838633228263186583
1838637178777153953
1838641484863586493
1838642987120877665
1838752783543173613
1838758232329719827
1838758257097089051
1838758477142823147
1838758542817337844
1838758640322294175
1838759609529450657
1838759974563918210
1838783107975254219
1838783635081826774
1838809629461000550
1838809650373783886
1838810027462647907
1838810953418240123
1838811444776755619
1838811813099487503
1838816254045429801
1838820434793377997
1838823665728684466
1838823928325607677
1838823977977860601
1838824548759933068
1838826956374356455
1838827748850307117
1838828003180319042
1838828196663562387
1838828390062948765
1838828684993794226
1838828931165880591
1838829175190544599
1838829552816263254
1838834075710165088
1838834609343066481
1838842096201109834
1838842801146204243
1838843832546234531
1838846335522689468
1838846403688399020
1838847625719677328
1838847776530272434
1838848526781976982
