1463043179695906822
1463043403277426692
1463043726498951174
1463043977116995586
1463046912135757825
1463047930516963329
1463049165391364096
1463050809361375232
1463056538331877378
1463057541731028996
1463057560538255365
1463059068713533446
1463059075147526144
1463059081438978049
1463059088045051912
1463065451865407489
1463065932188635141
1463066421605191682
1463066580003160069
1463066726409519109
1463068253727592448
1463074101648445446
1463074372327862274
1463076426890940421
1463078850489831426
1463080192713248768
1463081294284288002
1463081536144560129
1463081733922775043
1463083597091401735
1463083603571601408
1463083609904992260
1463093430309953542
1463094270219341833
1463121045108391947
1463126909726851077
1463129071756267521
1463139484946468868
1463139552374059011
1463141188601454594
1463144449588953088
1463144649065844740
1463145416870957057
1463145850436157442
1463146564461883395
1463147329251274766
1463147628833632256
1463149123318665218
1463150108254560260
1463159726884204544
1463161287769210881
1463180784433451011
1463181289612218371
1463191383691251712
1463323478321291265
1463339501107900418
1463340307982917632
1463341172756156418
1463341216561459205
1463341269900410882
1463342455844073474
1463342924842684418
1463343158218014724
1463343213666713609
1463343240753467399
1463378032358350848
1463378771386400768
1463379185104162818
1463379233716129796
1463382594549006341
1463382662190538759
1463384493293641728
1463386247414517769
1463397623931437057
1463398175960485889
1463398781039169536
1463399030415790083
1463400335037272066
1463400394692853761
1463406776435441669
1463406992425246722
1463407865306120193
1463408230286036997
1463409073466994688
1463409347799621636
1463409732090138626
1463411339980783617
1463411964105814017
1463412633554411521
1463412930305683456
1463414071852630019
1463418996305195008
1463420584499421186
1463421521909596160
1463424307464314884
1463425203023736833
1463427106604412933
1463428066739245058
1463429149675171847
1463439968718581760
1463444842189496322
1463461061357498371
1463470214121623552
1463470579969761285
1463470694075756547
1463477156697100293
1463480196133052416
1463494149206732801
1463510319867654151
1463511544583495680
1463513902134689795
1463514164643594250
1463520024178487299
1463538438922072067
1463542768337244166
1463691118407684100
1463706136528388104
1463706173157244929
1463720008232488962
1463757339756879875
1463757760646942723
1463758474475556865
1463759586003873797
1463762168386514948
1463768440020226053
1463797189306576901
1463797359549190147
1463797399994785792
1463800867186884613
1463801737664364547
1463806047357788170
1463830787858468869
1463833121795678209
1463849046460682241
1463850199680315400
1463857152695562241
1463860070064680966
1463862324326920194
1463885189017309185
1463891336390602753
1463893350931578881
1463894114173259776
1463897471625490434
1463908846137528322
1463919604942577671
1463921564466880518
1463922002444443650
1463922076436217862
1463922317105373184
1463922512501170176
1463923140715683863
1463923184458080299
1464044194259869696
1464045202994130946
1464052456489304069
1464060705372401672
1464071941413691404
1464072102852497409
1464072483418501124
1464073065810173959
1464073270634844164
1464073367837761542
1464073392387080193
1464074003987910658
1464074373891969034
1464079490552762371
1464092168407031808
1464099060973858818
1464099163331710981
1464099202187726853
1464099210274304004
1464102629743624194
1464102958535036941
1464102965048791040
1464108673089769475
1464112913740746752
1464117432558096392
1464120282675748865
1464120951298088960
1464123340478550019
1464124440493445125
1464124446810148865
1464125476763435018
1464125883371773952
1464125912039899141
1464126072723701765
1464126346498510852
1464126740100304898
1464127177729839110
1464127561739366401
1464128522620866560
1464128538894684165
1464128655500578821
1464129791997591552
1464130774492332042
1464131399779192836
1464134715774930947
1464136804211191811
1464136823693660161
1464136877296947203
