1856218372964561345
1856218559367762179
1856218950872535164
1856219841667182866
1856219844972294339
1856220592334352485
1856222006322311456
1856222009145094618
1856222909745799364
1856223027169497395
1856224543796539849
1856225942969913628
1856231776177533401
1856231778698309889
1856235670655639789
1856244363178979406
1856245138789658740
1856246372082794808
1856247636111831438
1856247830199054391
1856248428109672898
1856248902435123646
1856250337621094662
1856250518986785164
1856252693658120506
1856254436278226981
1856256852625109208
1856257303118291153
1856259691799802264
1856262194717176158
1856267332307620054
1856268486097678653
1856269187313754276
1856269395288621494
1856269399868502329
1856272711645044846
1856274518223757357
1856274866984607812
1856276151200543178
1856282193708102045
1856282670256513120
1856282816415445462
1856283714873110889
1856283730870149400
1856285425109020829
1856295897598177504
1856298353988120626
1856298357687497146
1856298361286209555
1856309510383743263
1856311040046514503
1856312701557059830
1856314389273686246
1856317228544844026
1856321577010508153
1856321583599759627
1856341891014636015
1856342985103097905
1856342990425600481
1856356324130640157
1856356551994552821
1856356952659681615
1856371443027849541
1856371879000584419
1856372057107247287
1856372907032883576
1856373367768490379
1856377199303213383
1856377403939139639
1856377544796451331
1856391187692958174
1856509788009705854
1856515610907496469
1856515643048358362
1856517298624049343
1856517340353245683
1856522737050890532
1856530072389439638
1856530138877571319
1856547083097985207
1856553447707029657
1856555949068259755
1856556719234789837
1856565442778632357
1856565741035643127
1856565907096777105
1856566804035916230
1856567683426533493
1856568342666154130
1856569318890451059
1856577135068037488
1856578327357591923
1856579185394786421
1856582684438605907
1856583070213669249
1856587911229018155
1856587960793075924
1856588062664302991
1856588111309840438
1856588139973816595
1856596469610098864
1856596634316222612
1856597518777495907
1856597909296558267
1856598404584931624
1856598410104844580
1856598673909789147
1856598856596644100
1856598938541011130
1856599809119138186
1856600082709393434
1856600981645246776
1856601909089710241
1856604124160381222
1856604850026623178
1856615668310856109
1856618725782233499
1856623698360635416
1856631516673216607
1856633316931469358
1856640641046130827
1856643142885495171
1856644158280347655
1856644929642262890
1856644980334592155
1856649445557068019
1856650361098195184
1856652780498559203
1856654933719953578
1856655450550469100
1856655663281369446
1856658240316244261
1856661421779505368
1856664861335536053
1856665300164649132
1856666131442049377
1856666789519958126
1856667049923166379
1856676394052334079
1856677121193877975
1856677186213904711
1856678418068201783
1856678685774127496
1856678772243882191
1856678945976184836
1856679304819790278
1856679690070835414
1856680321908940965
1856683737192583220
1856687971954835844
1856688872929038655
1856689549596078341
1856690169484919021
1856694485679571009
1856705476404334799
1856706555837919522
1856709295884337280
1856711086718029893
1856711127239143453
1856714487967224056
1856722845180805146
1856729579215593928
1856731655874224283
1856738332559995189
1856754823057870960
1856770946671284594
1856872827598651812
1856904713264140648
1856914905276060028
1856915992884007166
1856927477647774194
1856930153974435951
1856930751947673649
1856931779321762128
1856932473868882095
1856933183344054625
1856936335036076241
1856939734951760264
1856942595030872511
1856945379251818670
1856946068568584258
1856946689200066775
1856947007753261124
1856947681786302957
1856950195554328967
1856951002735546554
1856952916009259460
1856964968886731259
1856965116987937088
1856965907513577556
1856966519504183611
1856966625377108053
1856973478542676096
1856974873169408220
1856975578785821159
1856975584016175300
1856976828969480379
1856976832874283205
1856978049469964580
1856978167552250069
