1455357232644644865
1455357945575723015
1455360060213764096
1455366204902633473
1455366235940540417
1455370570531475457
1455374455908278280
1455401581088628753
1455415141239984129
1455416892802306049
1455419782983938051
1455421480058056708
1455425806549667845
1455425855295922179
1455429672896851970
1455431476120469504
1455453755512541188
1455478564854194181
1455483246909661189
1455491439224184838
1455491700948750342
1455499294958448642
1455507991017320448
1455518350101024776
1455531796507078664
1455537326931730434
1455546251433283585
1455566922494271493
1455568845188386817
1455575645862326277
1455575682851868682
1455575710626562048
1455623717833166852
1455623894421831682
1455754297191268352
1455756390127968260
1455782614871121926
1455782642234712064
1455784866365071362
1455787317344432129
1455788005646430210
1455788784872656899
1455791727181139969
1455795154619539459
1455796434087735302
1455796599167148032
1455807385037991939
1455813262981746690
1455817760152317957
1455818065476685837
1455825286893748230
1455825913153671171
1455827381239705603
1455833858021101573
1455835434072698887
1455835646409396227
1455841475879583751
1455858214247944197
1455858407513100288
1455861883592863746
1455862070658809860
1455871492235816965
1455914372929241092
1455914417770491907
1455914872340844549
1455929374591512579
1455929506535862276
1456107038107258880
1456107128595251201
1456113485859803139
1456142253815001092
1456142597198516228
1456142776626606083
1456152098261778433
1456153013072973824
1456153263305228288
1456155257340235781
1456155716431925248
1456169058785579010
1456185658230198276
1456187981866274819
1456202224686698496
1456202231305306113
1456202744948166666
1456202870118707201
1456204079953109001
1456208686221721600
1456218827520233474
1456219502694187013
1456225920407113733
1456226031862382593
1456226413883789317
1456226437267030017
1456226454471987208
1456238849693159435
1456272248562601996
1456288830617620484
1456326118999396374
1456326202499772417
1456326241389318148
1456338203359674368
1456349579939508234
1456350668348813330
1456350917360447510
1456475221511131145
1456475391971905541
1456475715075919878
1456485954659643395
1456487087364927488
1456496664760311815
1456496724596330498
1456497068231389184
1456498785022926848
1456498894120964097
1456499067425464326
1456502508856090628
1456504789211115522
1456505096234147840
1456505471334977540
1456506301005975554
1456512075866394628
1456512138428628992
1456532283524063236
1456553551447003139
1456553702693621767
1456568513527566339
1456571405823197195
1456572385696567303
1456582392727187459
1456582505453211654
1456610848445648897
1456611107888455685
1456812063909560320
1456813313199796228
1456870686832562179
1456876087963652099
1456885135064764420
1456890097618485249
1456913568360587271
1456918881906278406
1456919465849884674
1456922777005420548
1456931754120413192
1456932419471175682
1456935508861349890
1456977032710025225
1456987943780773894
1456988375303344129
1456991397714726916
1456991404899459078
1456993102095216647
1457001102021324800
1457181126741553152
1457181141484539905
1457186506955624448
1457186912565751809
1457187293098242057
1457224761193295872
1457225365969985544
1457225931777462275
1457225951364874247
1457225967135383557
1457226279560757255
1457229898133639170
1457231430447108096
1457232547901886469
1457234652612096000
1457235124047671300
1457236836703563777
1457243995294208001
1457246389881036812
1457250160312942595
1457254621022326786
1457255955016531972
1457256715775135747
1457263626734112772
1457271616568586240
1457274591756185600
1457276564882608131
1457285649942253571
1457287126375026693
1457293442715820033
1457295468619190277
1457299604148424704
1457301061409013764
1457309383998672900
1457315024364396549
1457317177082531840
1457319232824242176
1457324060325527554
1457324251313102855
1457324761869000704
1457328998376099843
1457331767719837696
1457336513587335175
1457337472258494468
1457338022404366336
1457356290020163589
1457367968531111940
1457368189990367243
