1819970833869365510
1819972304119451751
1819976560411127999
1819987036545098192
1819990507306754448
1819992912064815149
1819994862088868237
1819995582796341668
1819997367174570169
1819997892846715119
1819999227050934508
1820000605345370523
1820002841232076915
1820003316245655759
1820003936725860362
1820004265362100444
1820004776572276781
1820005491462029409
1820006157160956305
1820006513982722313
1820007733405589814
1820009960152961473
1820010187819978753
1820011959380566043
1820019434825658685
1820025290178896200
1820025356008439939
1820030111728459817
1820030136751968579
1820037376032608472
1820065411745870201
1820069775269310862
1820075795563368744
1820077140387491947
1820077143776514292
1820084004793496056
1820085393695392247
1820094065779589392
1820094085950021869
1820096207018250525
1820097238174994587
1820100898061689285
1820102395424108944
1820105617383809165
1820107616531648522
1820112214348501376
1820147612651331666
1820163515875049866
1820209344366924161
1820240803698037071
1820286102193996169
1820296199611543808
1820312524417298593
1820318507856494882
1820318513543971212
1820325613032673347
1820326164889776151
1820329909824495706
1820330204562071600
1820331238462480644
1820332627477373229
1820338435892158660
1820342838510460982
1820347181598998899
1820348287796535485
1820349458435190882
1820350597343912011
1820351291014648005
1820352189828903378
1820352504024240635
1820352859101188270
1820357527030145442
1820358589233479971
1820358741948039589
1820358753641693531
1820358760872710635
1820359036149080135
1820361816817512555
1820362095755411710
1820362228920467766
1820363328738267146
1820364648169750712
1820364652678967547
1820365944377528350
1820366047280808428
1820366437577593057
1820366641747902720
1820366826968387871
1820366946241499618
1820367488716280087
1820367508223738066
1820367659856277808
1820367754501017867
1820367815993446859
1820368930827026942
1820369204375138686
1820369958619992451
1820370139554206189
1820373388545728957
1820374330905145704
1820375856189182353
1820377696683319467
1820378435828711930
1820378622399799565
1820381235853557818
1820387226968306142
1820387853249225015
1820400076281217372
1820404206622396779
1820405188324368504
1820405911422390344
1820408126677397647
1820414105452257752
1820414841082794133
1820417508450738340
1820418282622771431
1820419112197382334
1820419826898395470
1820420948941852933
1820422608120422435
1820423014397136910
1820433310922981415
1820434050227782133
1820434448795464047
1820435105430569461
1820435934984417721
1820436567762391364
1820436773090042223
1820436854728015911
1820436924408205738
1820441801691476001
1820442500022333848
1820442557001965646
1820443293991546961
1820443420730741227
1820443444889702882
1820443477747839071
1820446856167469316
1820447617840791940
1820447735205511382
1820447831116980460
1820448312484659668
1820448848671547855
1820449325719134301
1820449502458687545
1820453353739931870
1820460675564478895
1820464547217428616
1820466464035614785
1820467120305832224
1820479336572649491
1820514998394978444
1820571983911788877
1820603191509368883
1820618290349105466
1820672720981328008
1820680236335509971
1820685747323908255
1820686095614406992
1820687014712238362
1820687527801708866
1820687545174302943
1820688143525585400
1820688463655846292
1820688762432803326
1820689276230939080
1820693536221610005
1820694277795512612
1820696684617175466
1820700176010326507
1820700669654827261
1820700673878470936
1820700678471209053
1820700683600814495
1820703738597965877
1820704299158290658
1820705302075121698
1820706123135287396
1820706644185202994
1820708677986160779
1820709535562031108
1820710854041735628
1820712944365162613
1820713100149932537
1820713211684893007
1820713396494348722
1820713460080030173
1820721778118860908
1820728907584381362
1820732043946291663
1820736879601324161
1820737337279856672
1820737342220713994
1820738384060350798
1820747439969800516
1820747807088619908
1820748393418789133
1820749544851730825
1820756789924651222
1820756889296044270
