1841526056076915151
1841544248887271731
1841640889203974274
1841653143446147382
1841664653274890748
1841675328474796049
1841690065304535288
1841697367491239937
1841705113993257040
1841705484044382476
1841705557310496850
1841705806632517765
1841706579890209115
1841707883337285912
1841709022430294028
1841710145673277781
1841725552161403193
1841725618263883886
1841735404439142680
1841738088214888953
1841738093793358241
1841746150203744539
1841749472914608459
1841749685859397875
1841750033076781128
1841752903888826401
1841753338272219641
1841755306390426058
1841759434407870690
1841760936321024090
1841761759931335129
1841762614805729581
1841762827218124881
1841768488475754538
1841768493600882769
1841775839383584870
1841775843473031365
1841776811723620635
1841777438197743792
1841777714539462741
1841779226954915845
1841781949632844087
1841788451554734283
1841792813815431477
1841797324789502289
1841807913746366761
1841808091626504533
1841809096204587261
1841809100986057219
1841809565458845938
1841810074316034412
1841811293893701933
1841823012921749822
1841826637509480729
1841827600370733396
1841828184851107888
1841828678361391378
1841828825359127032
1841830130949201925
1841830924184662218
1841831787074568576
1841835469568672030
1841835523930829118
1841835690658591162
1841836799225729288
1841837581253652668
1841838796448395772
1841838875510989279
1841844642372845998
1841845432743559461
1841848398028083254
1841853497052111197
1841854367873565036
1841854371707158866
1841854917843001822
1841862167701967320
1841867037687353621
1841876633176694827
1841880018143592894
1841880297467740557
1841883637211660790
1841884605609345451
1841885356704071766
1841890131093197076
1841890162550120933
1841902144892633322
1841906601868906548
1841906659532087384
1842014273733849349
1842015531647566157
1842027837458387378
1842037273900286113
1842047963801256407
1842048891346395633
1842055796412317727
1842057853877821481
1842058601965523357
1842069099888906456
1842070540208501241
1842071509684105559
1842072361937334685
1842073040265609340
1842073971342344253
1842075589580079456
1842076988787310671
1842079329792004143
1842080342385004872
1842089298809561405
1842105763264921896
1842105937546641806
1842106594273984832
1842107393460863074
1842107909335089510
1842108519811842448
1842109720011932062
1842110481450074379
1842110485556297787
1842110961672769822
1842111852639355008
1842115983470907621
1842116008729051568
1842116106624114785
1842118442302034003
1842121408790585782
1842123051560796389
1842126028342239344
1842126455855042865
1842130883098337619
1842131738497286623
1842132145793613966
1842132626620182711
1842137393274757231
1842138127529546126
1842148710698131547
1842149885845676178
1842150168721784871
1842150766758518885
1842153716385739018
1842154101364461751
1842157617294053487
1842157894852293068
1842164055013806354
1842164100681416752
1842165301435052346
1842165446671311281
1842165484180873726
1842165528686637453
1842165572139639056
1842165987057209787
1842167459199045938
1842172000573297129
1842172878411771977
1842174007787048982
1842175215377473539
1842175878480146629
1842176447101944155
1842177362483671111
1842177895642673351
1842180236315615653
1842181473274589332
1842183073359704291
1842184474185887887
1842188473408934175
1842199258445103419
1842199307208024547
1842199453551497243
1842200530753396824
1842200578341953751
1842200633819983948
1842202483969429691
1842204894301946190
1842209545315324232
1842209550872846786
1842212826401874144
1842213226706329907
1842213654676312475
1842214053030273237
1842214742297121192
1842215724422681051
1842217742864384125
1842217747633275073
1842230566604681627
1842232195915862480
1842232585130594539
1842233406740201701
1842244680181829878
1842245143383978254
1842245863382651362
1842248690838515767
1842248746236571933
1842265752566628770
1842265956107637204
1842266010600034325
1842266214812295362
1842266367082258487
1842268019625791986
1842268842820861958
1842273771367137510
1842278888615088202
1842406860529316135
