1458706432656699394
1458706517847273475
1458706569730748423
1458706973071790084
1458707196452098051
1458707536949878791
1458707664540618752
1458707699735035910
1458707748460240899
1458711273529659393
1458721455152066561
1458729346357551109
1458729543582158853
1458730813869019140
1458730877542756356
1458733171202158594
1458734008297086976
1458735105694785536
1458735910116212741
1458735943179911170
1458741230301446144
1458742039684673538
1458743151393312773
1458743234994139138
1458748380813815811
1458748624406343681
1458761613440217096
1458771888751087621
1458792011356512258
1458792081518825476
1458794261290180612
1458794264494678016
1458794266516344837
1458806400872636427
1458816395274178566
1458816456720674819
1458816456724942853
1458816472671608844
1458822368999084037
1458822533151539201
1458822675728502791
1458824942888226817
1458831706325078016
1458846049599037473
1458846813868290054
1458970923965448192
1458973482402738183
1458973492339097600
1458976659437092865
1459022639964450820
1459023735000682498
1459028203616411648
1459032271130968065
1459034350486437888
1459037978131636224
1459042881453244419
1459045788969955328
1459049905301848065
1459051625536888834
1459051697414672388
1459051990114181123
1459052126819143683
1459052458550841352
1459052604084744192
1459052616927760388
1459053999789731843
1459054741036552194
1459056023142944770
1459057503098994688
1459059796653445123
1459061932619493377
1459063736778452996
1459065432959176707
1459065779618390020
1459066707197063169
1459076434035560448
1459080300621754369
1459081043475001345
1459081197535985671
1459083373322727431
1459084217715884032
1459085572094316550
1459086218633744384
1459086317237592070
1459086773468811265
1459087923656073219
1459088850832150532
1459091538416267266
1459094634362073091
1459094902470418436
1459094998738112524
1459095311750627330
1459095372941316099
1459095375298531330
1459096505265049600
1459097049236865024
1459101158841085952
1459101238855827459
1459102167701209094
1459129171532136453
1459139749868826627
1459151572605173766
1459160522713022465
1459169320034992131
1459173172289277954
1459173419409235969
1459173685550477317
1459173728592424965
1459173786364776450
1459177251484753923
1459183523823194114
1459354362539495426
1459358718559096835
1459359268142940163
1459359569260396548
1459359738043383813
1459370886641770502
1459371159707795456
1459372885626081288
1459372904353726464
1459376277035438081
1459379757494063114
1459379815413284868
1459382732115480580
1459386618993807364
1459386637897457673
1459388222564286468
1459390196818931714
1459391648186519556
1459395446162395141
1459395603868237830
1459395650580193285
1459395949550190596
1459395995335155714
1459400335890522114
1459401508454346755
1459412649146343429
1459415272046034946
1459415353440681989
1459418817075900421
1459418877410963459
1459418961754263556
1459419701373595650
1459420739438661636
1459421700165038084
1459423445360406531
1459438926721024001
1459439015304695815
1459439081465597958
1459463035286786050
1459465237984256003
1459466858906546178
1459467465956618244
1459469275471646720
1459490188455940100
1459494827595239427
1459496082187046916
1459496131755339780
1459496690302562305
1459500567403712513
1459501186256556034
1459501937183715333
1459503081733853190
1459503237682188288
1459504642174296066
1459511054057181184
1459512842151862275
1459513919215587328
1459535841483657216
1459539829713039363
1459540318215278597
1459540687595048966
1459551825560961024
1459551880762195969
1459551907723165696
1459558661068496902
1459586887807471621
1459587311499313155
1459587372824227842
1459602061239021570
1459740160711544833
1459741423335469058
1459747224775114752
1459748900823310344
1459749145355325444
1459750496353153026
1459750546823278595
1459755784124780546
1459756192998195206
1459757628607791105
1459757869671194626
1459761392311889923
1459766386427772930
1459770863989899264
1459772579594395651
1459777575673204742
1459778016012161026
1459779805746917376
1459781098863423488
1459784433540628486
