1865432842991489107
1865433600549937471
1865434240403308945
1865448527276781671
1865449081130066142
1865449321493356814
1865450300049350816
1865451767791792588
1865479406220726754
1865479420388991308
1865479430480572417
1865479479960748049
1865599684867191000
1865628631814516885
1865628976020148323
1865629250096681277
1865630536246669535
1865718907312672837
1865731707057394122
1865736857876828245
1865746865737834711
1865749971389259860
1865791341483151750
1865791656278233223
1865796914630754546
1865801690160763058
1865814336163496064
1865815343756947840
1865815988358599067
1865818617440563475
1865964827920957821
1865976266840817807
1865976270041043266
1865976273492926823
1865976856991993997
1865979377131131347
1865979381186961655
1865979929239998832
1865980598902501486
1865983800465137824
1865984787753926851
1865987640048210299
1865988846199955924
1865994338242802128
1866003594807558507
1866007447913333167
1866016935588331648
1866020097288208683
1866021734828401106
1866023548638400858
1866023576811471252
1866024894108197250
1866024897824412073
1866025700345733584
1866027520103223798
1866027522905063822
1866030178637611336
1866031556525187554
1866031559482175570
1866038150411465146
1866043507917406373
1866044266356916341
1866044270098174459
1866046357133521283
1866046360933564870
1866047592217587985
1866048427273953705
1866049074266587233
1866049899550412860
1866054566971879515
1866058128330248574
1866059275803725905
1866059278953697407
1866060470249267272
1866060866904580443
1866061592540164303
1866061595786498213
1866064053744845241
1866064083604451781
1866067091004244306
1866067094225457627
1866067240006861188
1866073151664218369
1866080129975459964
1866082215588999435
1866083970573824502
1866084922777333822
1866091226782732349
1866091607705129092
1866102870040600811
1866104252294443307
1866106229208051894
1866107839472894100
1866109612770160901
1866110031919194366
1866111174590578806
1866112384320012735
1866112387147018620
1866113490576093633
1866114173882823017
1866114428615393570
1866115502244016453
1866115933062021359
1866116175144624571
1866117530999201961
1866117559050744106
1866118304668237865
1866120509060231527
1866120740036374845
1866121887069442457
1866123436315279428
1866124217152098731
1866130748811706778
1866136776458506419
1866146051700514951
1866147100079362293
1866169967999066492
1866209948218147078
1866210030103429440
1866210039318352175
1866302943064174753
1866328233857175663
1866338392621101566
1866339355264229479
1866339358720336205
1866339916076257343
1866341928117109245
1866346321143296268
1866346646755561656
1866347539617972383
1866352275356279120
1866358658243895546
1866358870240845951
1866359109412339970
1866359450971599219
1866360794113339417
1866365070965608950
1866366401109524499
1866369936068841594
1866371143252550105
1866372649217343494
1866376350720028919
1866377030805467486
1866380840105808219
1866384142017208583
1866384364084596990
1866385104362508459
1866387382389661896
1866389080000594330
1866390197560283196
1866392622681763874
1866394898976604588
1866399279813890237
1866402622208627015
1866403803605742004
1866413502229028932
1866413505785860127
1866414934906814688
1866419225935397181
1866423163699286360
1866431306927841726
1866434877396267465
1866436705999597872
1866439332040765686
1866445598884536502
1866446288054899012
1866449532990718298
1866459587580403911
1866461015220846764
1866462858151932249
1866468524488798304
1866473879096721762
1866477887186243702
1866477910049091729
1866477936565748103
1866478969018794028
1866481759585751279
1866482068542153199
1866482634857357354
1866482803405476273
1866483267878182979
1866484231398187285
1866489088406417774
1866490491333955889
1866506748644979023
1866508855137710244
1866514436233810103
1866688518057337071
1866709632472977687
1866710235483918375
1866711032435216433
1866712092977533350
1866713244125237301
1866715312386883740
1866716756938723394
1866719431600246795
1866720367135621409
1866720880937799970
1866726308828623315
1866728280830906371
