1300830416417427456
1300849817501933568
1300985902395584513
1300993536620339200
1301020911882047488
1301028111887212544
1301034810438119427
1301050971770875904
1301051018130518017
1301063036166221825
1301063039504904196
1301076147950682112
1301156852281950210
1301190097727942656
1301195582657101825
1301195833208045568
1301218518797611015
1301341931784425474
1301342095303569408
1301342148004999168
1301342187431424000
1301343420712067072
1301355536571531266
1301361810524655617
1301369602245492737
1301371605705138177
1301377341281587201
1301378908441292800
1301381410616295425
1301393707246039040
1301408312999604224
1301412749113581570
1301415929708908544
1301416378771992577
1301416971234205696
1301420142195216385
1301442096692211714
1301522076348547072
1301532840614457344
1301545475607113730
1301569342451060736
1301576453486600192
1301741708468580352
1301755155252035584
1301790109965008896
1301790734001958913
1301796570468245504
1301800893776420864
1301804644360794112
1301814687584067585
1301822165449404416
1301825750258118657
1301857386055917568
1301864538560585729
1301867016215654400
1301892035465502720
1301892039198400514
1301908113730105345
1301935812741754881
1301936156234268673
1302092381408251905
1302093024286011395
1302099043288412160
1302110474813599744
1302115829794783232
1302124689687482368
1302166589517619201
1302166930187415553
1302167714115403776
1302169924761124869
1302190208151027712
1302193469444616192
1302194378685837312
1302215527939493890
1302227598836076555
130224461843673088
1302249672317100034
1302258562509369346
1302276763582525440
1302280064197824513
1302282842706116612
1302282846430609409
1302312081186643973
1302315455080665088
1302315618708774912
1302315976105406464
1302316098650402816
1302316161850175489
1302434226097201155
1302434323614760961
1302434384075579392
1302435226589700098
1302450665013219328
1302453402027175938
1302453431064383488
1302453863333548033
1302455210393042954
1302460437867323392
1302460470935261184
1302460817711849472
1302488935575293958
1302508401138659329
1302508499717349378
1302509450524200960
1302512760887025664
1302531029404532737
1302532744564539393
1302532917139103744
1302536139685855233
1302544116580974594
1302544423650164737
1302547089679773696
1302561329304055808
1302565278115536897
1302589721147629568
1302611714387505154
1302620857882165248
1302622436207202311
1302624368745353216
1302624384767545346
1302624559028338689
1302631497086582786
1302650169981243393
130271470646595584
130275655421149186
1302820909460254720
1302822385796562950
1302823728603045890
1302856392823382021
1302878351963504640
1302887981280182272
1302891400208375808
1302893398743867397
1302900337494417410
1302902679576903680
1302905947296116736
1302910044745408513
1302912405282983936
1302916218051948546
1302948348983259136
1302956400440610818
1302958008448606210
1302961482569715712
1302961515507531777
1302962331861700610
1302963909205270528
1302972674298183691
1302972685807362048
1302975943590305792
1302976026201305088
1302976553593135106
1302977548293300224
1302979648557637635
1302982010122637314
1302984416105435147
1302987907787927552
1302990768764719104
1302992751038930945
1302993263700271104
1302999744021577731
1303022436372213760
1303032674454351872
1303033204106960896
1303033304451436544
1303166039178452992
1303167448015806464
1303192064092286979
1303194891871162368
1303213199412527105
1303218450643316736
130321947199422464
1303222050975219713
1303223055167025158
1303223353147142144
1303227655739682817
1303245861711822849
1303250779730444288
1303254561197445123
1303254656982724608
1303255009828585473
1303256102243414016
1303261147911450624
1303263133612478464
1303263285454622720
1303269787619872768
1303269875201134597
1303285671151505408
1303335238903296000
1303341481042669575
1303341625658077184
1303345166166622208
1303372971923271681
1303375809411915776
1303375884951273472
1303533358345904128
1303587035756683264
1303590137385762816
1303599521411162116
1303600022240468992
1303620420868874240
