1381850701874089986
1381854255724724224
1381855596815650816
1381857771230916609
1381858009886777346
1381862311581741060
1381866462944452610
1381878654062325769
1381879084607672322
1381896638617116673
1381898137007054849
1381898321770414085
1381899068255862784
1381899214410539012
1381930161851957257
1381930163500277762
1381937799754964993
1381938612447547402
1381941494513164289
1381960015854989313
1381960093856526341
1381970665343909892
1381970829324394511
1382002945869287429
1382002949090463747
1382005974785871874
1382007015229165570
1382009019276005382
1382009031376527361
1382011951350341633
1382013776514277379
1382016027718950914
1382016522990718976
1382017405455503364
1382037707551956994
1382038288945479681
1382141854624280582
1382184800044285954
1382184890397904898
1382185009298100229
1382185140462391297
1382185248645992448
1382190422009651204
1382194590833209347
1382199289275846656
1382200011283329026
1382200706573082629
1382200931849150466
1382204581875048448
1382214382239686656
1382239560491438081
1382246132303024132
1382246775197560834
1382253143048609797
1382256541697384448
1382258432405692417
1382267180004241408
1382267944718061573
1382278407732404226
1382284505961009152
1382319192116920323
1382322887739121664
1382323333371293701
1382340720531369984
1382342137790959618
1382345686620938244
1382351167276011522
1382354327298187267
1382354329978359814
1382354334483050499
138238161494097920
138238217529982978
1382385934797180929
1382500596381454336
1382500598730297344
1382500601683054594
1382529128658657281
1382542270142902274
1382543054813368325
1382546765241483264
1382548420523479040
1382548590942248960
1382550560214175747
1382551178471370757
1382551305177100288
1382552976368160770
1382557973793308673
1382572995558862851
1382573940271243273
1382575389642346499
1382599189536722951
1382607882496069644
1382613286315716608
1382638017500749824
1382638079463149568
1382638730255638531
1382640977467240449
1382641365255815170
1382665667757809664
1382678284794662913
1382683690463993861
1382693080327974916
1382693084568387588
1382695122219962369
1382716808604516356
1382716981359431683
1382726361643511816
1382734992606863362
1382736282556588041
1382738102918127616
1382738464014176258
1382741230807781378
1382745758072332292
1382746909601849347
1382747408891740164
1382748706798137345
1382888759499268097
1382890902520156161
1382891219420794880
1382891532043182084
1382901780233691141
1382901850307907587
1382902433836265473
1382904176720580612
1382904376486883328
1382904446716289024
1382904500118114310
1382913819945492481
1382914035935432704
1382934251780276224
1382939644526948354
1382963508468350977
1382963858487185409
1382967565354373120
1382967873363087360
1382968221716811776
1382968567247691776
1382969186998124554
1382970018334265344
1382993466074886146
1382997915870797824
1382998513886240771
1382998571960528897
1383001176203927556
1383011869590310914
1383017465018417153
1383020161171558402
1383020530576486403
1383020538147213313
1383023652334051331
1383023684713992198
1383028360977154049
1383030308291833856
1383030384955301892
1383051638949093379
1383051840334426121
1383052109373788161
1383052159143481347
1383052212012605442
1383091422434234374
1383092958321274881
1383093838873464835
1383103802476097537
1383104360503136256
1383105801514983425
1383247459476938759
1383259116320157698
1383259247622778891
1383263368383893510
1383263519693438980
1383264442591322112
1383266494151233542
1383266546588348416
1383266600715907087
1383268097226776577
1383272772231524358
1383281392876806156
1383287926704934914
1383287929309593600
1383325261345685504
1383381018246205440
1383381173909344265
1383381306201972746
1383382575926841344
1383399805704052739
1383429573329621005
1383429683589521418
1383461924696846339
1383610494779412487
1383610641705881602
1383616085623144453
1383619205308686340
1383619270731468803
1383619478202699779
1383626754825146372
1383627237740613632
1383637179922976770
1383637297581592581
1383641494821638148
1383641598395703298
