1943259909682008549
1943260369507733662
1943260462680019304
1943261032065175953
1943261130849132753
1943261971484414221
1943262394668445742
1943262442689274249
1943262806544953429
1943262824731672673
1943263477172494646
1943264815772012866
1943265713982181726
1943266274689294837
1943266365059797209
1943266676037886013
1943268288705986991
1943269141449687051
1943270308074656043
1943270470146757045
1943271060331176364
1943275045859791093
1943276510586245491
1943282869763477617
1943283273138082107
1943285543397425255
1943287616650236190
1943288422996791452
1943288908349084112
1943290679926641075
1943291136661164126
1943291173923360823
1943291616514691471
1943291657316896837
1943292227918479438
1943292729603105180
1943293077474419074
1943293266885230694
1943294372189180139
1943294763928818008
1943294954446418302
1943295573249167767
1943297771118956760
1943301719301169546
1943305732163801495
1943306718827679873
1943307688097779997
1943310641407930671
1943330128605647073
1943331294424764473
1943332749341003797
1943333632829227189
1943334162368467169
1943336178276798505
1943338327546949822
1943339225090318842
1943339651428700161
1943342547692130676
1943344541106610508
1943345778300158101
1943345796562227264
1943347229978202430
1943348023758569727
1943350436787872062
1943375588414091683
1943506497062805732
1943517875924320700
1943518225527947586
1943525226274283882
1943525657293549620
1943527320888758450
1943535447625670972
1943541498084987015
1943554279689850954
1943556504604619194
1943558396172468291
1943559217295868346
1943571895867314381
1943574219293442160
1943576209511592005
1943578122487763330
1943582260290109657
1943582480529002499
1943584029128654848
1943585366784537010
1943585513308324228
1943585690861912324
1943586485413855297
1943589017897029986
1943589111455191105
1943589542612947008
1943590885381533766
1943592575094657267
1943592861708202408
1943592906838659077
1943594623865082354
1943595241120133299
1943595853866045515
1943596740633939989
1943597187574731085
1943597193090437426
1943598175396274500
1943598833474347419
1943599188111233115
1943599748356706553
1943600091245490632
1943600164985602341
1943601090944962718
1943601381606404199
1943601955936366741
1943602431381647733
1943602435705979380
1943602989887062525
1943603484684960070
1943603712263614574
1943603773730890230
1943603776956293381
1943604333762723992
1943604851725983858
1943605557681615281
1943605562056306844
1943606335188431028
1943606982914552111
1943606986248986804
1943607812518445565
1943608503127716149
1943608691707748459
1943609930801406016
1943610189351141880
1943610196288303334
1943610894350508052
1943611416801349911
1943613975062892605
1943615084393111568
1943618200794525849
1943618895845445888
1943619611036942484
1943619960015888498
1943620072251301952
1943620332528836666
1943620391454319013
1943621068666872085
1943622370180120610
1943623017185120520
1943624993046470716
1943630620610953362
1943631264994447756
1943631518946971835
1943632985632481386
1943633383877169402
1943634043746373967
1943634489676272055
1943634955214463305
1943635511622459894
1943636516053659959
1943637290414190777
1943638012728127956
1943639787186917775
1943640593336258610
1943642400020410728
1943643929532039638
1943644648695607750
1943645070453780923
1943645147209535760
1943645579671704055
1943645799147020395
1943646059260944404
1943646609725956289
1943646684396834898
1943646720778485832
1943647391753687108
1943649470077632788
1943649478009102770
1943650325996703838
1943650712732225919
1943652447626428854
1943653872783831482
1943654458468225168
1943654899125743875
1943655141724274873
1943657426470805724
1943657577339933057
1943658037148856711
1943658273552380345
1943659289312125306
1943660018491969850
1943660696857960764
1943661859615424571
1943664606016417859
1943665360533614959
1943674198448017867
1943674518012400019
1943677629250330858
1943677903306105028
1943680088035254371
1943681532540989750
1943683079618343295
1943683880558768269
1943683968877916264
1943685215508967781
