1285915007809515521
1285916810815041538
1285920233446768640
1285963328796291072
1285963330205519873
1285965737815715842
1285975898630402051
1286116712627048448
1286127999306231810
1286138966232559616
1286150352006311936
1286181593724473344
1286182009417510918
1286182052002320388
1286182140942512129
1286182610171920384
1286187013205397504
1286188348743102470
1286211489129361408
1286211947285766144
1286211998150266880
1286217135824363520
1286219915960020998
1286222275079888896
1286225163453792256
1286227677565788161
1286230622495637504
1286233576829149184
1286236881881935872
1286239682565734400
1286242629785546752
1286247058597244928
1286252299073908737
1286252927741386752
1286254763311394818
1286257102378266625
1286261414676447232
1286263835486064641
1286265917769277445
1286269163829211137
1286271481551323137
1286275769077919744
1286276043804782594
1286279809916534784
1286280903707095044
1286280984900456455
1286281449444749312
1286281529111408645
1286282294479802368
1286285091447087105
1286287374574526464
1286292553717944320
1286348431582269441
1286360293988159489
1286370725352230912
1286370729299124225
1286517027830550531
1286524781093765120
1286547355190177792
1286550944755462144
1286555480110768129
1286556533145268224
1286563869217890304
1286572871158906880
1286591667521257473
1286597865213587457
1286602308453724160
1286637483057270784
1286639037550342144
1286642037932998656
1286715499884064768
1286715740645548033
1286728811745120256
1286865027069177857
1286865963518894080
1286887336576290817
1286893259160051712
1286897880700030977
1286898723813900288
1286898849877864451
1286898894115229696
1286899287176093696
1286899374082027521
1286900193913270272
1286903346180153344
1286903506255794176
1286904960517464066
1286906226303934464
1286908677174128640
1286918030958587904
1286935584791904258
1286957330395848704
1286988572902359041
1286995164699873281
1287004079676243969
1287017274617069568
1287027229004767233
1287052851353513984
1287225610335526912
1287260324039598080
1287289352167407616
1287291273670307843
1287347762426605569
1287367485860134912
1287381065099702274
1287396674562744322
1287406678325911554
1287406898065465344
1287407001165684739
1287410253097660416
1287458000714620928
128756663074304000
1287605930708803585
1287629840284135430
1287640811249610753
1287640980263378944
1287641298237681664
1287642274533216257
1287643522858749953
1287653384426680326
1287655535299276800
1287665383650992130
1287667537128300549
1287668953037209601
1287668957801934848
1287671834788339713
1287671953323520000
1287672249231663104
1287676906955923457
1287678233014497280
1287678649718562817
1287678749937262594
1287680699017789441
1287682012594073603
1287696241401331720
1287696245234864128
1287717247520129032
1287717336066084864
1287717517083856901
1287745538801012737
1287754658174271491
1287762004409593856
1287781729520906240
1287949957706596352
1287950185247600641
1287950352600326145
1287953276529283072
1288007108974137344
1288016222835978240
1288016447201873922
1288016922387218433
1288031969050128386
1288034483988357120
1288036186221449216
1288037227952345088
1288037280372813826
1288041751727321088
1288046349364076545
1288060806572040192
1288066807765430272
1288070790093537282
1288113126483742720
1288134669033234433
1288152001470111745
1288161917404495872
1288161930629099520
1288164205430894592
1288167068827705344
1288169698236829696
1288319293063536640
1288319381995323392
1288319549960359936
1288321816407097344
1288323366257008641
1288337034839388160
1288339926207983616
1288340104189112320
1288341279512829953
1288343185790443521
1288347850171023361
1288361014631657473
1288369051996102656
1288369810292617217
1288377329891201030
1288377375164522497
1288378513397972992
1288379724092174337
1288386521007972352
1288396431372349440
1288399058122362880
1288402929657905153
1288408169169874945
1288453754899927042
1288454997168930817
1288455758007345152
1288456220622221313
1288456861461565441
1288457531300356098
1288474582970638336
1288477174756855809
