1922892499451854952
1922896609051861300
1922899539901456727
1922905557230305302
1922909021037625530
1922916478652657675
1922918486998732955
1922919496202805624
1922920648516440286
1922922064802885846
1922924581364347390
1922926575143522709
1922931619259613445
1922932799956259304
1922934538721714285
1922935783276593397
1922936747320598818
1922936809220165853
1922937148312809498
1922937913639063672
1922937920270307710
1922938133915570206
1922939234853302566
1922939391774740682
1922940163543470403
1922940414023053671
1922940898653921428
1922940970452111810
1922941319690813558
1922941369900761175
1922942689579827432
1922943346168696911
1922944330626441654
1922945132489236907
1922945734963245478
1922945827191828923
1922945880702832913
1922946100123574328
1922946374472999291
1922946781677072780
1922947110594338867
1922952362420834595
1922953606229037174
1922954494670750093
1922955494257279367
1922956537879756977
1922959509955268699
1922959961690120295
1922964151854305451
1922965331972169912
1922965842972533153
1922966176801395053
1922966523477430645
1922966533069812048
1922967187012133060
1922968128406815074
1922971168056787202
1922971665257914682
1922972489874899033
1922978152705310875
1922978186675044408
1922985961018863712
1922986856238498205
1922987244270268623
1922987451989086440
1922988098805195037
1922989458980282634
1922991271137649069
1922991955946111337
1922993501978980688
1922996019492425978
1922996029000982852
1922996526290288753
1922996923696333305
1922998895698665693
1922998938975559751
1922999538647695680
1923001280370245848
1923002406888972770
1923014874520748497
1923017670623908010
1923017821304299839
1923018429465870833
1923019129641976255
1923020614664614266
1923020619865567398
1923021164395339967
1923027893195624630
1923028778634150308
1923029690878452075
1923033628964962606
1923037962024980570
1923038455212159167
1923050309032571174
1923069381166170253
1923072771950510347
1923074773057151310
1923127601494643068
1923127982547157348
1923128092781904132
1923138175691628913
1923138416515883013
1923149922058014803
1923168051358261674
1923182904361767379
1923242630340558904
1923245854938280307
1923247593460510902
1923249301624410478
1923251020324339808
1923252042723627328
1923252724352639247
1923252746964062235
1923253235474899158
1923253317917970871
1923253327485153464
1923255740321374354
1923276129042903530
1923277593672859753
1923278099245945031
1923279835662561568
1923280071067828277
1923280710305030263
1923288780930224370
1923289592981037248
1923297873803776359
1923298480786636876
1923302467187470450
1923303886946783444
1923304094870987182
1923312471940485610
1923320847973892599
1923325755150246051
1923326166363971741
1923333357770805313
1923335378485887486
1923340678681006493
1923341133641347191
1923341547434627348
1923346405520740438
1923346759415165100
1923347238585004537
1923347482949365968
1923351966865871087
1923352863876477038
1923353401263345754
1923353974578520130
1923354808884351236
1923355552370823649
1923360716578320845
1923363932518883516
1923365989409800312
1923372451729387771
1923372549410542041
1923377176822563280
1923380626138300709
1923381620179865741
1923381996538958192
1923382970468938087
1923383280532848659
1923383919157600557
1923384918278590944
1923389722463764549
1923391182760968252
1923391516774375573
1923406206405578841
1923407966964789437
1923410466841194854
1923422892957598127
1923425079800578347
1923606595055075597
1923607819934367776
1923608272147448059
1923608628990206356
1923615453253075328
1923616440911044619
1923618691540975751
1923622915632697841
1923623787716915479
1923626882907635764
1923628353237713109
1923629912814157947
1923630567691780424
1923631528464281893
1923638274343473434
1923641627580694978
1923644675707240627
1923648688712450205
1923648699877507161
1923649879324360741
1923650019120513211
1923652376508104967
1923653869076349150
1923653991042584954
1923654261306774004
1923656154183500149
1923657124972040234
1923657164092252461
1923658174579753345
1923659184937238958
