1476586218183806978
1476586224974397443
1476586231534260224
1476589369871929347
1476589540370358275
1476595193159708676
1476596390671241217
1476598677732880389
1476599247411695646
1476600715111911436
1476602808124133394
1476607021591908363
1476627537081995299
1476628928588484608
1476631071869472769
1476634115143200774
1476634916808921090
1476637117652426752
1476637341460566017
1476639304239640586
1476640923018686487
1476641827667152897
1476756363908845568
1476756536403714049
1476761456246804484
1476761667702640640
1476761963203989506
1476762060507598849
1476762198756106240
1476762327529652224
1476762519926501379
1476765588806508546
1476766017766363138
1476766363435761666
1476767145681768451
1476767300388675592
1476778806807388164
1476779073703604226
1476779140548218881
1476779249319092225
1476781445150507013
1476798278364647426
1476801137185464321
1476802141603778566
1476802147635261445
1476802669855457281
1476810602160947200
1476813218328690689
1476813551297646595
1476813965766193152
1476815213617770498
1476816161731854338
1476816164294561792
1476817051981254659
1476817171195981824
1476817775435792385
1476818592234541057
1476818759926964224
1476820264960753666
1476822435886350338
1476837218471669761
1476837730449432578
1476839595287347204
1476844294409318402
1476845898139271168
1476852799962894337
1476870049809895424
1476870325241462785
1476872691768430594
1476873111869943810
1476873336743333888
1476881602068160512
1476905112836526086
1476905703470092289
1476905791856644096
1476906487742042112
1476906550950125571
1476906596080881664
1476906782450544648
1476906838901678080
1476911887849689089
1476912349080551425
1476913273211473921
1476914660515278849
1476914951025430531
1476918126797209601
1476922056054743042
1476922171012227078
1476925402970931202
1476925409304268805
1476927765974638596
1476927795544551427
1476928883874099206
1476936882965647382
1476937109487316996
1476938059262611457
1476938076500815875
1476938087900930050
1476953433919954954
1476984541923348482
1476987069989679105
1477129454811971584
1477130946809712640
1477131090431131654
1477143291783114752
1477145292847779843
1477157811079434240
1477160037537648644
1477162392878342144
1477163132850036737
1477168237318049793
1477168294473781248
1477169164766748673
1477172322641448960
1477173243148529666
1477187070229504000
1477195807476617217
1477209602986954752
1477230872310915072
1477231676740673536
1477243087072030724
1477243088850489344
1477249291290746882
1477249636985311233
1477274991469072387
1477275168032526343
1477277132220817409
1477278468358361091
1477289006958198784
1477323054883639298
1477324667589332998
1477340735091314690
1477354584838266881
1477517936650719232
1477588251728773121
1477591594639368192
1477610199535874048
1477660690097659904
1477661705274413057
1477662676255866882
1477663020159365122
1477663290159292421
1477663454458638338
1477663522901266432
1477663647790866433
1477663927613808640
1477665856146399233
1477666342220095489
1477671089945776133
1477673299152814080
1477682479607681026
1477686749811728384
1477687268039020545
1477696263399174147
1477824498191659008
1477826976165478401
1477866467387273216
1477873237673406466
1477880738712219658
1477880966399946754
1477890708132356100
1477891354382372864
1477891929991892993
1477896085343399937
1477896134882332672
1477897390732427265
1477898085804101633
1477899457047891969
1477899463335510016
1477899925547479040
1477900478608379904
1477910056721010689
1477920570855473152
1477924449429037058
1477938362891653126
1477938787506266117
1477943235733381121
1477961408360763393
1477962453346443265
1477963772077621250
1477965458317791233
1477966138067734528
1477990294469550082
1477998951500423168
1478005776799055873
1478020563553505280
1478030265582718977
1478032743317475329
1478037261505630208
1478037310415392771
1478058227782672384
1478189402694176769
1478190290536042499
1478191460780371968
1478191693568483328
1478197957304279042
1478198101361922053
1478248966265262080
1478251804336918529
1478252360409378816
