1847295421603045763
1847299382514688493
1847301217225159002
1847302810120925302
1847308458418454956
1847308607706321377
1847310281502031897
1847324510162174276
1847327990503624993
1847336280952066496
1847336300065558810
1847450091214254560
1847471152547188775
1847514397742383439
1847514646556881327
1847516518743204108
1847522384976498710
1847524423718621499
1847525571510882800
1847525855758880894
1847534046945169877
1847534868433162617
1847535710120923642
1847542417349816418
1847543126564749422
1847544068806758412
1847544819372974507
1847563315717034141
1847564560997503193
1847565988314959961
1847567828150579287
1847574084785491994
1847587565752156475
1847587618155897035
1847587635050512385
1847587694295076884
1847587847487869072
1847587884586434620
1847587931424207017
1847589922242543756
1847590009852891570
1847593016502222864
1847593346455281735
1847597301096718818
1847603015379013751
1847603408766697741
1847603739391054101
1847604806736892201
1847605261797654691
1847605682704400397
1847605749670621493
1847610938318606702
1847626660386132475
1847633174647410931
1847653157637132772
1847654851070636169
1847655093333573776
1847669840393199633
1847674734281941149
1847675683469693313
1847676849838555422
1847678241240469799
1847678833404891390
1847682230954692881
1847689690008227924
1847689720748232878
1847689933797933529
1847690154292760598
1847691410629165268
1847691434750562386
1847693453209325722
1847694185778102500
1847697593012269276
1847707215991374245
1847844871802929503
1847845191853412763
1847845924803940492
1847846191435755544
1847846763555639363
1847921618510610713
1847923374229430446
1847949364297175265
1847957986259480958
1847958001459540001
1847967502262747467
1848031027647721506
1848037207396753853
1848066364441067787
1848208208898478183
1848208693189591129
1848227468492312872
1848233571221385301
1848234899809145186
1848235815396429912
1848236366963818783
1848237517189030346
1848238301016117508
1848241610708185274
1848242682705133758
1848243512703394143
1848246622490399048
1848251602706084047
1848254497010671699
1848255559184900298
1848257135265931439
1848257650112283099
1848266761604657528
1848267917429010559
1848268089638703367
1848269134934753285
1848270229279007165
1848278422088507508
1848278425427218704
1848279038202429926
1848279897703350436
1848280516799410412
1848283539764330647
1848283573532647888
1848284996441911391
1848285003136025035
1848285053744541936
1848286299935199602
1848287053576016086
1848293959543689454
1848295150121877991
1848295513436889465
1848307576620114269
1848308733673435504
1848314935333572610
1848315760915169418
1848316882098745449
1848317385465593994
1848317469339046125
1848326068803166346
1848329300157575608
1848329947208941918
1848332377082437955
1848333275133362549
1848333801837179265
1848352391844028670
1848359253633085884
1848372567784202587
1848378270833934453
1848383961166397842
1848390985681608942
1848395612737450076
1848409412513259890
1848423006907077067
1848430322016227580
1848431962752749791
1848561696778162312
1848591908316291400
1848621179982254468
1848650396753133979
1848676653385584699
1848703658067956163
1848774317053784245
1848921928943403222
1848978410653290924
1848994816325259753
1848995863676522846
1848996654646702480
1849006833572229405
1849007217728516419
1849013611748069453
1849033912166789487
1849064494120759667
1849066409097408982
1849067359258169583
1849091428720206242
1849114031413400034
1849261632519630990
1849283103950291082
1849311540924838243
1849351497752125634
1849354557996019800
1849357203389530338
1849368251681190258
1849369048209109232
1849369471699267604
1849379565464080603
1849380158383456415
1849382444115341725
1849383815988302178
1849399144173162932
1849405623705973110
1849409674128634206
1849410702236070017
1849411575398195578
1849413112367353902
1849417804669239432
1849440018424803452
1849475504833011731
1849718516116750584
1849744821520568628
1849750195967554016
1849768270171377962
1849769796138828204
1849770223731343828
1849791344438632564
