1503290719129444355
1503290726205259776
1503291702425309184
1503291705134845956
1503292727387394049
1503293509876740098
1503294388025589762
1503294525166735360
1503294792104816640
1503294804050219010
1503296045136379906
1503297538765783041
1503301199407489028
1503301274800128000
1503305803830525953
1503306336842690564
1503307288689668099
1503309001928642563
1503310260567941127
1503310976552419330
1503311786413813763
1503312341030502401
1503313107686686722
1503313677982003202
1503314233186201600
1503316573830119429
1503317411529097217
1503329837108588552
1503332939438108675
1503334518455152649
1503338158993588227
1503338897983827970
1503339395075940352
1503340456914337801
1503350443136942080
1503353826245750787
1503354110342762498
1503358258022879234
1503358315937824768
1503358823981260802
1503358888447725575
1503359680873385988
1503378252832079872
1503398069739855872
1503399618310459396
1503399622236344321
1503400999859683330
1503401006818033664
1503406651449442305
1503407078492471297
1503588521084616705
1503603863173361664
1503603984422285313
1503604012004036609
1503605695991934976
1503607080410054656
1503616537827360771
1503623835710799873
1503626245581389827
1503630637299036161
1503636159595184128
1503638525627224065
1503644532071858179
1503644805145907201
1503644808098721795
1503645028572626945
1503645577758011393
1503646190289649664
1503647424166133766
1503650465287876609
1503650468957880323
1503650471881306118
1503652060323266560
1503652525995528192
1503653486914809856
1503655639309946881
1503655645488111619
1503659351713615876
1503659375365296129
1503659766203121670
1503660055488466949
1503668478687219715
1503669433604403200
1503671271040892928
1503677355998707718
1503679233545359361
1503697757810589697
1503712066863267851
1503717228193075207
1503717317825351684
1503717759892426753
1503717786954002436
1503717819690627077
1503728389559304193
1503728461663600642
1503732060288339968
1503732528057835520
1503734077878587394
1503734405638266881
1503748445840023569
1503749801787408384
1503758769242755082
1503761671004647425
1503768388048351232
1503768390753607683
1503772214885158913
1503779908681539591
1503781070629924864
1503910932686147586
1503940354193559555
1503943067111354368
1503958300517298176
1503977286848360449
1503982441677340674
1503992675569381380
1503994343597940736
1503994882003988480
1503997274321395712
1503997278612197376
1503998002255388673
1503998047579418626
1503998155129757696
1503998284511457281
1503998515050995712
1504001137057603584
1504003334273142788
1504005283500392450
1504009893329571841
1504029423796113413
1504031583703289858
1504031588170211333
1504033426365906949
1504033645019136001
1504034705595056128
1504035218919157761
1504035530446901248
1504035534968332289
1504035853336977408
1504036233072496641
1504036577118687234
1504036629853667330
1504037001074724865
1504037366008549379
1504037721744240644
1504037747400785921
1504038107536310272
1504038168919969796
1504039447385772035
1504040338478223363
1504041295471587332
1504047861541273606
1504049236153073666
1504051908725854210
1504053538460413956
1504055416451637253
1504058563614101509
1504066330562949121
1504075921720225792
1504094750626160642
1504103127540465664
1504104425547526152
1504106150727667719
1504107385706913793
1504108494110486529
1504110567002320905
1504111305048788997
1504111458619052041
1504120970046763011
1504124966303768576
1504147285789523969
1504149681194291200
1504149708423729152
1504158168519409664
1504158981283270656
1504335542204641280
1504337053848580096
1504354808882696193
1504356874896166915
1504357310550126600
1504357904727801858
1504358206432477187
1504369494881619968
1504374444059656192
1504374983103246343
1504377745840943105
1504383973270585348
1504390755481419779
1504398506152566789
1504398523290517504
1504398572493877248
1504398733676802052
1504399600735891459
1504407951855190020
1504408074492473344
1504408132172541952
1504409431857299457
1504409475985580035
1504409677463191553
1504410209644875778
1504416116059348993
