1961383890482073737
1961385472170905842
1961386671930585114
1961389238857208113
1961392062320054355
1961394366469034257
1961394784096198953
1961396725845041385
1961396896292868393
1961397050819711356
1961398197500481906
1961402600752124312
1961402926158811591
1961403132753449071
1961404978591142171
1961405547892425191
1961406284168564784
1961406688109470091
1961407305360314885
1961407838430822749
1961407998406152439
1961408086918533334
1961409152057475122
1961410264022278220
1961416115881742534
1961416121195925577
1961416740291895335
1961417922745954678
1961423733534642222
1961444559960875039
1961444566914957660
1961458558186422364
1961458907425247335
1961467144505639332
1961467421744914713
1961468933795623014
1961485464449560885
1961489447138066529
1961489465744257182
1961602291276169702
1961623330202816770
1961661146987184174
1961665844431519908
1961667068136489453
1961668397886042257
1961670383930843354
1961670792674242869
1961673740561109441
1961675484963778972
1961677213977514402
1961677684775538711
1961680813105516824
1961681848784097564
1961685075399172120
1961686547860000906
1961686947023245530
1961687237906596234
1961687303904170410
1961690020978594251
1961690572831576550
1961690715102359960
1961691696946917454
1961694435110261166
1961694816108183951
1961695096728162479
1961696067524940098
1961696361294041398
1961697587981103571
1961698070099337493
1961698240539365443
1961703405812158707
1961703428218097838
1961703434413117584
1961705105193136322
1961705845059981512
1961706851705483675
1961706973394854127
1961707140445528353
1961708869241168081
1961709024778551368
1961710660271890491
1961712118396489904
1961715708645261734
1961716580192334299
1961718877400023495
1961719889867178189
1961723862657405082
1961723890549620990
1961726223979253892
1961726785114231087
1961727386795581584
1961728283248312385
1961729214136394000
1961734565107814598
1961747081938481525
1961751595936514071
1961751620976533789
1961755353625846159
1961756155891548656
1961756192231047608
1961764336034345313
1961765183795408937
1961777551908667794
1961779904372154795
1961781627673072078
1961782194088882513
1961789866242625870
1961799862938472612
1961811966525387037
1961815821703131613
1961818512026145130
1961820878553108642
1961827824547049969
1961830348872200664
1961830366828016116
1961830444376441322
1961830590845702305
1961835092780941641
1961835124146004184
1961845150906470470
1961850176399892626
1961867325323575366
1961867945422074097
1961867960165040592
1961867986069065837
1961930173361926222
1961978641191141552
1961978683394306070
1961981798575116709
1961981879097455088
1961987547166613968
1961990157357490472
1962030030084812812
1962043958579909072
1962044603101786610
1962044948926333439
1962054071629824322
1962054139179119089
1962054177477271727
1962054186079752246
1962062073216807046
1962066676415078439
1962069146403024987
1962070744227348904
1962070775974040056
1962070931477852548
1962078609503572400
1962080503915548690
1962103656532046192
1962159234545746164
1962166301654466863
1962168622824190273
1962175349657403533
1962259190736687154
1962334028209824079
1962334642738196572
1962335261280629060
1962335779331756522
1962336639591625173
1962340166829527398
1962342144125141022
1962349583251751315
1962350907611598860
1962351613001273559
1962353378115326142
1962353399472787783
1962353429369753850
1962362593177399595
1962362602283303131
1962362607626838212
1962363534366413168
1962364081060642948
1962364314142036176
1962375528931029233
1962375951926612479
1962376332324774047
1962386995780751854
1962387428733547002
1962387441865916643
1962388021132894512
1962392877822366049
1962392883040026815
1962393026007056389
1962393862087004325
1962393959399145955
1962394760393654770
1962394903272714255
1962395069757170171
1962395111616381391
1962395349722734866
1962398976847532380
1962399977285575016
1962400577217798554
1962403939070152999
1962405323005890661
1962408024989168113
1962411456785481875
1962416185401893115
1962417308670001364
1962418838819225856
