1945400557738598628
1945402460522340567
1945403746932158658
1945405899759321572
1945408440412835934
1945410275680948285
1945410282601521431
1945410287777219047
1945410436851253663
1945411906505970087
1945416577832370200
1945417049611841647
1945417366021845257
1945424089121956322
1945426598968406141
1945428023614063063
1945432454778528201
1945433368981594239
1945433535826870695
1945434078280569087
1945435443644035477
1945435731322929663
1945435877683130790
1945435965620977717
1945437050276331952
1945438752026820906
1945438799049159062
1945438855730974934
1945438913742467433
1945442394444534103
1945449339482243248
1945454216694395340
1945454972851958189
1945455597018808654
1945456308637098331
1945457157115351166
1945457165030035915
1945458076834000994
1945458566200254838
1945459583801323963
1945461488191508673
1945462525346422885
1945463330870820894
1945466115033063542
1945466561873227874
1945467329359610003
1945468537608564920
1945469274090512870
1945473159697956982
1945489526496862547
1945489598702051454
1945492360789364933
1945492849174171788
1945498007773823363
1945498801097134222
1945499226173050952
1945505580715811096
1945509628894441783
1945510854595924248
1945510861499687016
1945521635273978183
1945538602747744764
1945685841617272839
1945686310074868080
1945687918900867436
1945694713857954008
1945705972305178672
1945714493939757236
1945714852464566734
1945715266446667844
1945718765683085488
1945722268874953215
1945724044080541873
1945724928134885689
1945727872393765331
1945734082190778835
1945734263598670328
1945743308304580744
1945744111161798693
1945744428640948613
1945744970297790738
1945746036711956839
1945747984685420606
1945752014249730132
1945756941403525303
1945757415800279104
1945757550135374002
1945758129968263563
1945758221886726391
1945760086950883431
1945760891900969228
1945761563635499446
1945762664505823281
1945763916224577818
1945767330681864498
1945767671133520023
1945769634411794661
1945769894487986505
1945770797060215027
1945770801724362968
1945772459116171645
1945772505282838626
1945774532226077175
1945775566797373478
1945781231255462123
1945781337765589300
1945782318540726730
1945782776537714759
1945783419268632670
1945784934385566008
1945787164840906940
1945793506200719732
1945795237500068353
1945796652746297696
1945801092312551920
1945801567724302541
1945802003982299385
1945802089181171794
1945804580136083865
1945805174024675649
1945810088792600941
1945811223796502610
1945821244538171424
1945821252754805163
1945821698328236326
1945823421931426051
1945824407370576233
1945825428075405815
1945827675815481612
1945829032307929178
1945829700829643194
1945830868410630259
1945831643916427422
1945832272797597887
1945832560715772027
1945833368404492738
1945834093796802818
1945834846221451339
1945835946286694739
1945836725605147125
1945837356285841664
1945837877256143306
1945838506959581230
1945839151338914009
1945840161709011288
1945842604199059804
1945843032114245760
1945843135025659946
1945857920941576534
1945870673739755742
1945871615675535422
1945872475671449794
1945873196999446916
1945873550403060006
1945873898278686946
1945883064573575474
1945896342254924000
1945896738167886311
1945897064744763862
1945984812516626795
1946012247538483359
1946039794854945114
1946050558902804765
1946052102192816180
1946052116323442911
1946052153971499372
1946054721007165781
1946055086532149351
1946058391404585382
1946068787662626920
1946072889750659346
1946073300855345493
1946073683287802261
1946076416937959629
1946076577516908590
1946076813450780843
1946080374536413307
1946080530065510756
1946081304174633397
1946082033308246333
1946084971065876832
1946096395284554090
1946097661675008488
1946109749696868856
1946110062608720078
1946110483075145987
1946112417030930717
1946112463906419169
1946112487784673472
1946115664525283560
1946117106623185100
1946117706094371295
1946118195573817595
1946118474176024656
1946118706561417401
1946119122837815477
1946119179498615252
1946125012509098174
1946149473677414848
1946149496964133177
