1955917811492249680
1955918457502834823
1955918991081324621
1955919288360947869
1955920689417863509
1955920695810253154
1955921110941261848
1955922469736595948
1955922720991969707
1955924032370696657
1955926962066874630
1955927196796686592
1955928938267783203
1955929678608494925
1955930019332809085
1955930491410112850
1955931182623023229
1955931224209514805
1955931636538990716
1955931643505766642
1955932031034253682
1955932781772726282
1955936252265685448
1955937377655886109
1955937599870165172
1955938170916278660
1955938571329708459
1955938597942493314
1955939369862488360
1955939714466263348
1955940556309172461
1955940573573210596
1955941187904229803
1955941745377808623
1955941895575580781
1955942129684889838
1955942319716208731
1955942380567154912
1955942667512086886
1955942917727481926
1955942949013045595
1955943088293339413
1955943456528064564
1955943823340691471
1955943979674910902
1955944510200127769
1955944711082140048
1955945274330800223
1955945562546557162
1955948863270867389
1955949322920727035
1955949631281504621
1955949767386698096
1955950395668238825
1955955138998485489
1955955184531857499
1955956510124814448
1955959899915178121
1955960825715548521
1955962097390772247
1955964093460046047
1955965532173140283
1955966807094804563
1955966810328613116
1955968788483993605
1955975883694432279
1955976537389363230
1955977070292402550
1955977353844416924
1955977671646626039
1955979210402779279
1955979615853535428
1955985391737299161
1955987559236108777
1955991863241949454
1955992302003896605
1955992537052672023
1955992829861486912
1955993366140719355
1956002221948330443
1956002499644490187
1956006409725698152
1956006461521219976
1956008546190946332
1956012292975243530
1956014768654786616
1956015532496282057
1956016481805730179
1956017030185766959
1956017620693737895
1956018000668082589
1956019334637346973
1956019725064175622
1956019979310268846
1956022370331976152
1956039600906129587
1956041302669250737
1956043288856711649
1956047015705763967
1956047067660607653
1956047099826725335
1956047121976844419
1956050719754346932
1956151351253086312
1956151352314196425
1956167627510046908
1956168669068976606
1956186393291710777
1956189110043021823
1956189658658099697
1956191380742848654
1956191678492238045
1956198981563830777
1956200322831147515
1956201693093548175
1956201994059964846
1956210522686443753
1956213062979236119
1956213829655757040
1956214014138019879
1956214104802386303
1956214120510054605
1956214355944501478
1956215128757514434
1956215519754748140
1956216400810291686
1956216604443717903
1956217163670544773
1956217532656050408
1956222815377756598
1956222820687429894
1956222825011827044
1956223837160529984
1956223861344887275
1956223868663742902
1956224427017834935
1956224939264004282
1956225164863267336
1956226016780640368
1956227307791675477
1956227424317735059
1956227877956989401
1956228410860060697
1956228777878372452
1956229209183150295
1956229350606455027
1956229779075613094
1956229998970593556
1956230894077010392
1956232871666180426
1956233967549726888
1956234197338554589
1956234422157824413
1956235277732557213
1956235424139010279
1956236400237687214
1956237170890694955
1956238222884749480
1956238833772847484
1956239845598355661
1956240447736541645
1956241228833411339
1956242292823511504
1956243627157676156
1956243684753875441
1956243688834638233
1956243693616140667
1956245550438690911
1956245866916061569
1956246486393741691
1956248300681879692
1956248484665024805
1956250309476675777
1956251951454097872
1956253070519636063
1956254102062817368
1956254839899611192
1956254861114401175
1956255410307965392
1956255755881079193
1956256014619303991
1956256465532150058
1956256769120067673
1956257052663091287
1956257498455007502
1956257508588212563
1956257774934896982
1956258159875776901
1956258398502097252
1956258859367989535
1956259208271405495
1956259497149915582
1956259682743382065
1956260364233953730
1956260983007010901
1956261354333200467
1956261920819818766
1956262260906582167
1956262758556615028
1956263075662746041
