1799710285156299223
1799713761240166427
1799713921202614619
1799714090459550109
1799714133287612671
1799717958484394455
1799723411645866076
1799749342603206780
1799751344598966624
1799752368969679146
1799796342476382241
1799813551458300052
1799814949562392944
1799815244803645778
1799819858378662261
1799843782206394619
1799849280288813206
1799855114628538437
1799855299538591763
1799988720596312321
1800018150492422644
1800029369198334214
1800029996758749262
1800033593877745960
1800034041707802655
1800038119661883862
1800038163848823032
1800038388436976021
1800038638425952620
1800039007759581490
1800039544873709768
1800040415372230939
1800041350899138756
1800041783369576913
1800042791336378769
1800043564216553782
1800044300803420459
1800044524225618041
1800045506200236360
1800045781103374402
1800046566130303062
1800046794128101506
1800046909165568120
1800047334837071876
1800047656565436469
1800048794245234758
1800049935024566570
1800053798003449860
1800056393518723500
1800057795108376911
1800062792537350610
1800065057327296860
1800069170698035311
1800073266834690367
1800080502596260028
1800085611086585876
1800091690436603931
1800096380922335568
1800098521007489418
1800100086351069591
1800107804503756960
1800107808375165408
1800107816101036157
1800127269832384643
1800134182016078071
1800137381603062246
1800140745585897593
1800151058955776023
1800158361528517015
1800160921769365611
1800165520500510889
1800174209135456270
1800175504550429160
1800191390866927947
1800194499169202690
1800196474858549364
1800196826768855168
1800199934987391304
1800199956697137589
1800200029854163243
1800200186050068496
1800202344950558720
1800205810695626907
1800206731538252264
1800215083127320821
1800366454476513577
1800378555148402832
1800380999387562263
1800387486637830360
1800388270624559302
1800388823412846784
1800389359574962617
1800391036231188943
1800391984903045451
1800395228542886165
1800396418022293683
1800400445095199040
1800401144054948139
1800401355112321049
1800401644733251894
1800401918097084492
1800402155213647990
1800402420197101686
1800402703740502519
1800403012843933996
1800403412351320548
1800404190982009304
1800404631581032715
1800405156477235328
1800406022399660036
1800410698255905271
1800411204906778835
1800411781594308623
1800412642898829333
1800413717705945406
1800413919376531784
1800415540160462917
1800416112221585505
1800416566686761033
1800416571611120090
1800416576753262637
1800416694487363908
1800416698757190126
1800417186890306046
1800417612842803475
1800418247944421640
1800418449279307892
1800419601660235809
1800420499916492943
1800421702029238723
1800422545243705617
1800424414196175262
1800425049159266583
1800426598610633038
1800427075511452143
1800427078912975084
1800427605696614640
1800428774414332072
1800429551375319521
1800431723605540868
1800431935401218520
1800432650811056183
1800433295358046483
1800435541835497842
1800436229202145771
1800436646867067372
1800436793478992178
1800440118928650404
1800440605711212910
1800441003205374236
1800441355510190179
1800441635475775856
1800441994109694091
1800442632684044765
1800442636073050466
1800444237135167513
1800445088390402303
1800447902491496617
1800457419870372022
1800457650746138649
1800458274804019310
1800460003389911490
1800460491438854627
1800464381463175216
1800464973384331424
1800465189285830832
1800467196076069235
1800467369057460308
1800467572972019760
1800468568343036000
1800479274866205017
1800479338569117947
1800479752949789036
1800480930756509988
1800480975912423835
1800492454451572851
1800495696304574865
1800505762885804243
1800507844535746625
1800509377662816424
1800509537851527574
1800509577303400782
1800522207493586993
1800522326896742446
1800524637018689740
1800527617449492784
1800531049249898665
1800531862428983771
1800532652585533556
1800532929346674936
1800551063331766325
1800565632980615302
1800566446466138553
1800572196244553840
1800576766454681742
1800577894592504039
1800594579236036966
1800594694583550138
1800671857546236169
1800725354275045703
