1909533435984523362
1909533565206868293
1909533690276749505
1909533702889390251
1909533821919244582
1909534076622848161
1909534187301859763
1909535576644104362
1909537544741466403
1909538679942414618
1909538686334914960
1909539044599398655
1909539903974629733
1909540543614288157
1909541104032022899
1909541437101781045
1909542017610248441
1909542022169457130
1909542240789086499
1909542699394294052
1909543692731363538
1909544111977177506
1909544349945176246
1909544690040340541
1909544846747935118
1909545069566189722
1909545266488680636
1909545273266778581
1909545422999138486
1909545670593176039
1909545947962519726
1909546927873523819
1909547022060859599
1909547420146430415
1909547582054866946
1909547769439617411
1909548172487151800
1909548334005551595
1909548471763280293
1909548634233799015
1909548785736237129
1909548957002244437
1909549168365822411
1909549528161607968
1909549768377872652
1909550039023727034
1909550294754640193
1909550486954336437
1909550723672473748
1909550854123700287
1909550916421693569
1909551201919574027
1909552545577812087
1909554126062768595
1909554907289379164
1909555329039294782
1909557212193997114
1909558527527473392
1909559037017858138
1909559446650388845
1909559956879167769
1909564768223990122
1909565221238169790
1909565717696966912
1909570054728925518
1909571642214515131
1909571667774288228
1909572039796543544
1909572101876437374
1909574797672997144
1909575810312188367
1909576837862138082
1909585473548202359
1909585588858056875
1909590064423657788
1909590121856254433
1909591215084798077
1909591621475201413
1909597406523707847
1909623616053948806
1909637369164111881
1909640171366085082
1909642538996335081
1909671281337024707
1909671770245976387
1909681999440494690
1909688476188172464
1909688494970245272
1909688660372418665
1909689119745233059
1909802446798610531
1909806698157502568
1909807741880692830
1909807906783928456
1909807941030420786
1909808007824679264
1909818137983279607
1909820019250192530
1909829191010304042
1909835431384170591
1909848756025278922
1909849167767236980
1909853776711766416
1909854177347379356
1909860090431013331
1909870284900872591
1909876889080001006
1909877212955689225
1909877413070127569
1909877621237645447
1909878161044615440
1909878165029130717
1909878771085173116
1909878952589513163
1909879611694981241
1909879950397632837
1909880221790003572
1909880322759545317
1909880452569084267
1909880599784968590
1909880687299076161
1909881173934813664
1909881374301196795
1909881602400006293
1909881761611628585
1909881940666175815
1909882082140287263
1909882191255134508
1909882268123808023
1909882290022347013
1909882294489198666
1909882408356217335
1909882558503887008
1909883219807215711
1909883519683133885
1909884134454931533
1909884847683665998
1909885451642503455
1909885517593792552
1909887561318752614
1909890042585022467
1909891242839679037
1909891263991603248
1909892491026878901
1909892633377333266
1909893726261948818
1909896439896908170
1909898830566334509
1909904116865785938
1909905872177820000
1909908333563101670
1909908583656874052
1909913293336330692
1909916467807592797
1909918605182959971
1909919075154751733
1909919182788960362
1909919962942087338
1909920335484362981
1909920945160049132
1909926884621640164
1909926888690033075
1909936148580905392
1909943688651776397
1909945728157229383
1909945733370859924
1909946861554708609
1909948228612632902
1909948895049797761
1909949658488623455
1909957643235434761
1909957685664973280
1909973644912042288
1909973651270598672
1909974452651360503
1909974832881742037
1909981555176644995
1909995993124548950
1909996023457423860
1910017128498974870
1910024285218877665
1910029938574426569
1910050148782047268
1910174676065693842
1910174718658756698
1910177948642037786
1910185414305972682
1910207592120394000
1910207622650745150
1910207717571961332
1910208654239813953
1910208876361777240
1910211908516380922
1910211908864475240
1910212481915514887
1910213478989648373
1910214704368435684
1910215814025826761
1910216576076312678
1910222274709369036
