1260059784218161153
1260063165842366465
1260074346879614982
1260074895909613570
1260075362609848320
1260100486360784896
1260109081987203073
1260109299298308098
1260109472019763203
1260109642727854081
1260109833426153474
1260110095834320896
1260110314575671297
1260110592842641413
1260110736061235202
1260110966102122496
1260111200253329408
1260112266780966912
1260112575590805509
1260115854404059138
1260119028053364737
1260122195545579521
1260122245634162688
1260122343621492736
1260122413011841025
1260124861793333248
1260127808237588483
1260128689183789056
1260136244807266304
1260136305616318464
1260137198604578816
1260139015686066176
1260155488848805888
1260155491516284928
1260177666092732416
1260192770066509824
1260192976732450817
1260199714869436417
1260206438078509060
1260214682905952256
1260223137611788290
1260224914642006017
1260225392641585157
1260225833567809536
1260227179230588928
1260230503723982849
1260232343437991942
1260235741562466307
1260238092675375104
1260250089437622279
1260258130866262018
1260380723476754432
1260381790323134464
1260382151754674182
1260386089866375168
1260393758866026499
1260399432908058624
1260400196585996289
1260417084107833344
1260417195579813888
1260422975460950018
1260430750618456066
1260455456406941702
1260470755101466625
1260474512438636544
1260504976192942080
1260535120265543680
1260544830897340416
1260553582664810496
1260566683892187137
1260566885726162944
1260577384631336962
1260580764053364737
1260580875898703872
1260580927824166913
1260603629104361473
1260603645734686722
1260610659668029441
1260633030999318528
1260637680704147461
1260639215852957698
1260772772336168960
1260795763619061760
1260796812564164608
1260800457766842368
1260810519700664321
1260820209495150592
1260845185312980992
1260845340690915328
1260848233854627841
1260852713048268800
1260852907403997187
1260853007861743616
1260855976447467520
1260859269471223808
1260859300504899584
1260859337674821632
1260863780868591616
1260864445636464640
1260878163594240001
1260883982511558656
1260901254022209538
1260904399578312710
1260921656408543240
1260921828823846913
1260921957962244097
1260937227355353088
1260939942538014720
1260940831671767040
1260946991556820998
1260947609637789696
1260951154579484673
1260963986465382401
1260964183761281025
1260973564032765953
1260975090793099266
1260975267905966083
1260977314709585924
1260979241044361219
1260986463899926530
1261026854464438272
1261112185138196480
1261112626756456449
1261113140869083136
1261117238955741186
1261132267583242241
1261150177596850176
1261150196332781569
1261166048801415168
1261199025581117440
1261211747735818241
1261222630297710592
1261239567199252480
1261240481570263042
1261246729501863936
1261248521480462336
1261293719933710337
1261293763734827008
1261296038008119298
1261296609272434688
1261296888327868417
1261314399542734848
1261314438331695106
1261334791397531648
1261335515544117256
1261342565304946688
1261342600247697411
1261514821930901505
1261527894519697408
1261528058944729095
1261570880456372227
1261574760472776704
1261575038488047622
1261575563677851650
1261578019552071681
1261578636794134528
1261578983931510784
1261583565508104195
1261584945216196610
1261588393131196420
1261598006392098816
1261598057004752896
1261598225909284864
1261599001293578240
1261599325517422592
1261631736477171713
1261631849723334656
1261633358699757568
1261633449498079233
1261647640132894722
1261647655383400448
1261670230218113024
1261691844678889472
1261691892267470848
1261838960499679233
1261839180008534016
1261843517824839681
1261847785751502848
1261857290853871617
1261885700930015232
1261892443940806656
1261924239235379201
1261931628881801218
1261938546753130496
1261941359650443265
1261947490787454976
1261948010038099968
1261948132729909248
1261952629111836672
1261956120706379776
1261964595251404805
1261964684271345664
1261979073187848193
1261979445210099713
1261979566215749633
1261979682527903744
1261979907598569472
1261980429818757121
1261980497867087872
1261980729552052225
