1496358236647313408
1496363151319007233
1496376938591850498
1496378520532094976
1496378556393586688
1496379202463059969
1496380111540695047
1496380354453807104
1496381691350425601
1496381894325325827
1496386884813361155
1496394212832854016
1496394219036233728
1496396188643479559
1496396427249000453
1496398702826508289
1496399795308711941
1496401855412260868
1496451751654084613
1496451930507386884
1496452774581911555
1496463021467750402
1496475477984542726
1496482684889333762
1496482705797746700
1496490058006020096
1496490092243869704
1496490161265418244
1496490886750162955
1496490941661786112
1496492331788345348
1496498794086957058
1496505921073291276
1496505962718547969
1496507766697242624
1496513619403866115
1496533613651034114
1496538058065424395
1496538691539505153
1496667570534899712
1496683154467602432
1496708045271093249
1496717651422318592
1496717752794419201
1496718071221743617
1496725338411323394
1496725403893104643
1496730882459123713
1496733986005000197
1496734877533683717
1496736677523378176
1496737046001438722
1496738338232930304
1496739241035923456
1496739727189311491
1496739829404495875
1496740511209582595
1496740564322029570
1496740604717395969
1496740820715593731
1496741354000453632
1496741858541637632
1496742400013656073
1496742822547890181
1496743638218412033
1496755365614133250
1496775136518688772
1496776431006744577
1496777662026584069
1496805093832007681
1496807409443958784
1496808347835650050
1496808605928275968
1496809527941152769
1496809755670716417
1496809778240434183
1496810837847461889
1496811492876091395
1496811585775767553
1496811698535436293
1496811778277523458
1496812843194531842
1496814974601424897
1496815927413067776
1496818066109636608
1496819578080423938
1496819763791548424
1496822526235721728
1496822658909958144
1496828036271919107
1496828983073132545
1496830313699241989
1496831989319876608
1496835147781787649
1496835169634111488
1496835184825888769
1496835577345622016
1496835786763046914
1496835875279609861
1496857007122690052
1496864027741671428
1496893862664900609
1496894659096104960
1496894768424828928
1497022727110098944
1497025000540303363
1497026434639925249
1497026763049746439
1497026862261751808
1497027144580407297
1497027570608394241
1497081623401021441
1497087115565228032
1497088851256307714
1497088886983380994
1497090114006126595
1497090245514317825
1497090781852487683
1497092746133184521
1497096879061934082
1497096985676955648
1497097750722146307
1497099131235364868
1497111298445697026
1497149007625285632
1497151437775642624
1497154787053244421
1497155171540877313
1497155205330132995
1497214623975886854
1497230908499251200
1497233512172113928
1497247514722189312
1497247565322293253
1497247607894458368
1497254393355247619
1497254422153293825
1497273248236511233
1497274235739262976
1497274853488939011
1497399024542167040
1497399526881071104
1497401277705187332
1497404827072352258
1497404831404752898
1497426373430083588
1497441263150596096
1497463539581087746
1497469096862322689
1497469542364172289
1497470440897343491
1497470925930856451
1497471547933540356
1497472777544421382
1497472781529022464
1497474224138895363
1497478734508871687
1497479655250489345
1497480534632501251
1497480654778679297
1497480974640181253
1497481829393514496
1497484494026076160
1497484500489490436
1497494069794439168
1497507917318148098
1497509300691881990
1497512082031267841
1497513292620701697
1497590867770572800
1497590928311132161
1497590949156769795
1497591170725126164
1497591226169651201
1497591544483774469
1497591786285400066
1497606555281543168
1497606650311876614
1497607500589256704
1497648912760336384
1497655925100118016
1497656016208490498
1497656582012039169
1497657312823345152
1497657359874723842
1497785629010055168
1497798776630566912
1497801044612374531
1497804954521972749
1497813797368520709
1497818657531260928
1497818710136221698
1497823021855555585
1497823607376195586
1497829273922863105
1497829754996932608
1497829997738094597
1497844339233669121
1497852302647914496
1497852642457899008
