1374546754826170371
1374552204309266435
1374629262074908673
1374637388153057282
1374657927575834629
1374667636160618503
1374718862684426241
1374740724843880452
1374751775698296837
1374754490067292160
1374758948041936897
1374772828155699201
1374786145779773441
1374797140183031808
1374797665339252736
1374956523806322691
1374957258874920961
1375006774869118978
1375011259532275716
1375020379320688640
1375027724180353024
1375029333874462722
1375030736894390273
1375041208968388612
1375042155505328138
137507676451127297
137507740200353792
1375079130992021506
1375087405217144838
1375099328834928641
1375103521989664773
1375134748012552192
1375135727965511682
1375143888114049028
1375143988341006336
1375151023853953025
1375259016780111872
1375331413709352963
1375362125380513793
1375370943854387200
1375371123643142145
1375385907474296839
1375390921412386820
1375391124626415616
1375391150723399691
1375391185498296320
1375391277114564610
1375391362346979331
1375392563218145283
1375393106749628416
1375407550816919555
1375440539726671877
1375453961033973760
1375463166641991684
1375489915736104965
1375492823412174851
1375493159342415872
1375498243207925760
1375500763162501122
1375507810448904192
1375518796966936578
1375529780267868169
1375530030076416007
1375641701272805376
1375690980792262656
1375705555826712580
1375742309589917699
1375742942309011459
1375774839105970184
1375830611529592833
1375832378359259140
1375832383023247360
1375860279347609601
1375860283730579466
1375861066870059012
1375861569691602949
1375863640134311943
1375870570315669504
1375870572815548422
1375887845030694913
1375890392411992068
1375906572845522945
1376057887248748544
1376066080704094210
1376078781215952897
1376089540088131585
1376089855172616192
1376090904285507588
1376178488986640385
1376182105105833990
1376189924215455744
1376201504990752769
1376250053019496449
1376250267822301184
137632209740906496
137636261715386368
1376419376308445185
1376423609451732996
1376464788507688960
1376465301101895681
1376466336432279555
1376474561038798852
1376474610862972932
1376475763352866822
1376479915340533767
1376509528490000390
1376551012614373381
1376560319468691458
1376566592792784896
1376582986116722688
1376585039174004738
1376586077864005632
1376592802679676929
1376593528550133769
1376608760215396353
1376727117220573184
1376809710892982279
1376815975027253248
1376815977040506880
1376815978663665668
1376830085164978180
1376834734408441857
1376840127981318146
1376854197589602310
1376855046009151496
1376863143243231234
1376902397520355339
1376906358063202305
1376920374353354762
1376931649917624323
1376940043235823622
1376947438326489094
1376948862384934912
1376958723294380034
1376967507072983042
1377191472055808000
1377198201149612041
1377200876603928576
1377235284417335299
1377247352730230789
1377248420218380292
1377251460144984065
1377258372051824642
1377271582796619784
1377274174721323011
1377282359783911426
1377291552624496647
1377292060219170818
1377298270305722375
1377299606942347266
1377455144988725248
1377458838933151744
1377459011734233093
1377460895798812675
1377461200909266948
1377530411941789696
1377534633563189250
1377536726927765505
1377566441101172739
1377579435172319233
1377581437663145984
1377591362619510787
1377592193578246144
1377603413408501760
1377618766150897669
1377628924960722947
1377646185876365316
1377648730334130178
1377669878392365061
1377683470156058626
1377690014092570628
1377692253662162952
1377699205750341637
1377748004958965760
1377807231844950016
1377807553741029379
1377878562577903616
1377891332744605697
1377892265541070848
1377892665824477184
1377892718483890177
1377892873551536128
1377893036957437952
1377893081052180484
1377914682749542402
1377921837938581509
1377946732382720000
1377951372885172231
1377952878724141063
1377957006284259329
1377964359054290945
1378031564345339907
1378042820620034049
1378049198826815488
1378050838359199744
1378052156301864964
1378056857797844995
1378057631970000897
1378066737636241410
1378224916223328260
